nnodes nedges type capacity P s t
100  4950  graph  1000 100 1 100 
nodename posx posy itemvalue itemweight
1 985 915 0 0
2 706 366 79 29
3 707 14 61 229
4 527 922 82 149
5 896 508 62 461
6 803 110 89 216
7 132 847 75 410
8 241 795 19 360
9 518 109 58 391
10 498 315 25 182
11 333 89 30 206
12 337 993 81 183
13 690 246 1 399
14 56 279 57 119
15 235 41 80 266
16 22 220 51 132
17 309 80 31 381
18 939 368 60 191
19 94 818 9 241
20 290 343 92 423
21 326 93 1 180
22 805 458 38 75
23 292 46 41 209
24 606 810 86 350
25 507 104 99 10
26 478 192 32 180
27 193 815 15 212
28 186 236 62 416
29 414 594 62 370
30 515 1 86 41
31 987 538 36 37
32 574 296 24 18
33 618 513 17 183
34 664 65 60 378
35 331 306 75 251
36 760 657 52 327
37 752 565 82 289
38 467 396 53 222
39 963 73 97 390
40 559 471 72 447
41 530 37 99 103
42 663 723 26 466
43 852 201 66 340
44 959 618 33 479
45 795 827 9 470
46 620 783 71 196
47 717 194 6 395
48 431 335 65 275
49 707 448 29 125
50 752 390 4 204
51 106 512 27 155
52 399 858 30 9
53 429 866 43 135
54 607 393 30 292
55 292 166 24 153
56 216 822 38 275
57 203 231 7 216
58 897 407 92 272
59 433 209 55 176
60 378 580 50 115
61 36 998 45 473
62 715 753 11 3
63 544 499 67 227
64 440 251 77 295
65 947 545 51 280
66 993 53 50 78
67 409 392 34 232
68 264 839 38 228
69 258 871 66 19
70 584 902 19 389
71 37 800 72 109
72 76 592 63 278
73 383 974 24 254
74 351 168 2 378
75 535 729 29 3
76 101 571 92 426
77 727 816 75 154
78 676 271 28 341
79 315 116 81 204
80 874 614 88 83
81 13 867 35 337
82 668 423 12 120
83 611 284 68 449
84 262 222 47 433
85 155 846 68 218
86 124 544 22 491
87 998 553 26 336
88 488 733 20 1
89 527 839 90 21
90 902 414 78 370
91 569 3 24 221
92 985 648 95 350
93 171 13 27 222
94 272 487 91 107
95 129 498 77 178
96 453 495 41 463
97 718 473 14 53
98 918 329 82 82
99 757 532 53 281
100 551 264 0 0
endpoint1 endpoint2 weight
1 2 616
1 3 943
1 4 459
1 5 417
1 6 826
1 7 856
1 8 754
1 9 932
1 10 773
1 11 1053
1 12 653
1 13 732
1 14 1126
1 15 1152
1 16 1188
1 17 1075
1 18 549
1 19 897
1 20 901
1 21 1054
1 22 492
1 23 1112
1 24 394
1 25 942
1 26 884
1 27 799
1 28 1049
1 29 656
1 30 1028
1 31 378
1 32 744
1 33 545
1 34 909
1 35 894
1 36 343
1 37 421
1 38 734
1 39 843
1 40 616
1 41 989
1 42 375
1 43 727
1 44 299
1 45 210
1 46 389
1 47 770
1 48 803
1 49 544
1 50 575
1 51 967
1 52 589
1 53 559
1 54 645
1 55 1021
1 56 775
1 57 1039
1 58 516
1 59 897
1 60 694
1 61 953
1 62 315
1 63 607
1 64 860
1 65 372
1 66 863
1 67 779
1 68 725
1 69 729
1 70 402
1 71 955
1 72 965
1 73 605
1 74 980
1 75 487
1 76 949
1 77 277
1 78 715
1 79 1043
1 80 321
1 81 974
1 82 586
1 83 734
1 84 1002
1 85 833
1 86 938
1 87 363
1 88 530
1 89 465
1 90 508
1 91 1003
1 92 267
1 93 1215
1 94 832
1 95 953
1 96 678
1 97 517
1 98 590
1 99 446
1 100 783
2 1 616
2 3 353
2 4 585
2 5 238
2 6 274
2 7 749
2 8 633
2 9 319
2 10 215
2 11 465
2 12 728
2 13 122
2 14 656
2 15 573
2 16 700
2 17 490
2 18 234
2 19 761
2 20 417
2 21 468
2 22 136
2 23 524
2 24 456
2 25 330
2 26 287
2 27 682
2 28 537
2 29 371
2 30 412
2 31 330
2 32 150
2 33 172
2 34 304
2 35 380
2 36 296
2 37 205
2 38 241
2 39 390
2 40 181
2 41 374
2 42 360
2 43 221
2 44 358
2 45 470
2 46 426
2 47 173
2 48 277
2 49 83
2 50 52
2 51 618
2 52 580
2 53 572
2 54 103
2 55 460
2 56 670
2 57 521
2 58 196
2 59 315
2 60 392
2 61 922
2 62 388
2 63 210
2 64 290
2 65 301
2 66 425
2 67 299
2 68 648
2 69 676
2 70 550
2 71 798
2 72 670
2 73 689
2 74 407
2 75 402
2 76 639
2 77 451
2 78 100
2 79 465
2 80 300
2 81 856
2 82 69
2 83 126
2 84 467
2 85 731
2 86 609
2 87 347
2 88 427
2 89 506
2 90 202
2 91 388
2 92 397
2 93 641
2 94 451
2 95 592
2 96 284
2 97 108
2 98 216
2 99 174
2 100 186
3 1 943
3 2 353
3 4 926
3 5 529
3 6 136
3 7 1013
3 8 910
3 9 212
3 10 367
3 11 382
3 12 1047
3 13 233
3 14 703
3 15 473
3 16 716
3 17 404
3 18 424
3 19 1012
3 20 532
3 21 390
3 22 455
3 23 417
3 24 803
3 25 220
3 26 291
3 27 952
3 28 567
3 29 650
3 30 193
3 31 595
3 32 312
3 33 507
3 34 67
3 35 477
3 36 646
3 37 553
3 38 452
3 39 263
3 40 481
3 41 179
3 42 711
3 43 237
3 44 655
3 45 818
3 46 774
3 47 181
3 48 424
3 49 434
3 50 379
3 51 781
3 52 899
3 53 897
3 54 392
3 55 442
3 56 946
3 57 549
3 58 437
3 59 337
3 60 655
3 61 1192
3 62 740
3 63 512
3 64 358
3 65 583
3 66 289
3 67 482
3 68 937
3 69 968
3 70 897
3 71 1033
3 72 856
3 73 1014
3 74 388
3 75 736
3 76 824
3 77 803
3 78 259
3 79 406
3 80 623
3 81 1100
3 82 411
3 83 287
3 84 492
3 85 999
3 86 788
3 87 613
3 88 752
3 89 845
3 90 445
3 91 139
3 92 693
3 93 537
3 94 643
3 95 754
3 96 544
3 97 460
3 98 380
3 99 521
3 100 295
4 1 459
4 2 585
4 3 926
4 5 555
4 6 858
4 7 403
4 8 313
4 9 814
4 10 608
4 11 856
4 12 203
4 13 696
4 14 798
4 15 929
4 16 865
4 17 870
4 18 691
4 19 446
4 20 626
4 21 854
4 22 541
4 23 907
4 24 138
4 25 819
4 26 732
4 27 351
4 28 767
4 29 347
4 30 922
4 31 600
4 32 628
4 33 420
4 34 868
4 35 647
4 36 353
4 37 422
4 38 530
4 39 955
4 40 453
4 41 886
4 42 242
4 43 791
4 44 529
4 45 285
4 46 168
4 47 753
4 48 595
4 49 508
4 50 578
4 51 588
4 52 144
4 53 113
4 54 536
4 55 792
4 56 327
4 57 764
4 58 635
4 59 720
4 60 374
4 61 497
4 62 253
4 63 424
4 64 677
4 65 565
4 66 987
4 67 543
4 68 276
4 69 274
4 70 61
4 71 505
4 72 559
4 73 154
4 74 775
4 75 194
4 76 552
4 77 227
4 78 668
4 79 834
4 80 464
4 81 517
4 82 519
4 83 644
4 84 749
4 85 380
4 86 553
4 87 599
4 88 193
4 89 83
4 90 632
4 91 920
4 92 534
4 93 977
4 94 505
4 95 582
4 96 434
4 97 488
4 98 711
4 99 453
4 100 659
5 1 417
5 2 238
5 3 529
5 4 555
5 6 409
5 7 836
5 8 716
5 9 550
5 10 443
5 11 702
5 12 741
5 13 334
5 14 871
5 15 810
5 16 921
5 17 727
5 18 147
5 19 860
5 20 629
5 21 706
5 22 104
5 23 761
5 24 419
5 25 561
5 26 525
5 27 768
5 28 761
5 29 490
5 30 635
5 31 96
5 32 386
5 33 279
5 34 501
5 35 601
5 36 202
5 37 155
5 38 444
5 39 441
5 40 340
5 41 597
5 42 318
5 43 311
5 44 127
5 45 335
5 46 390
5 47 362
5 48 497
5 49 199
5 50 187
5 51 791
5 52 608
5 53 589
5 54 312
5 55 695
5 56 749
5 57 747
5 58 102
5 59 552
5 60 523
5 61 990
5 62 305
5 63 353
5 64 524
5 65 64
5 66 466
5 67 501
5 68 714
5 69 735
5 70 503
5 71 908
5 72 825
5 73 694
5 74 643
5 75 424
5 76 798
5 77 352
5 78 324
5 79 701
5 80 109
5 81 954
5 82 244
5 83 363
5 84 696
5 85 815
5 86 773
5 87 112
5 88 466
5 89 496
5 90 95
5 91 602
5 92 166
5 93 878
5 94 625
5 95 768
5 96 444
5 97 182
5 98 181
5 99 142
5 100 423
6 1 826
6 2 274
6 3 136
6 4 858
6 5 409
6 7 997
6 8 887
6 9 286
6 10 368
6 11 471
6 12 999
6 13 177
6 14 766
6 15 573
6 16 789
6 17 495
6 18 292
6 19 1002
6 20 564
6 21 478
6 22 349
6 23 515
6 24 728
6 25 297
6 26 336
6 27 933
6 28 630
6 29 621
6 30 308
6 31 466
6 32 296
6 33 444
6 34 147
6 35 512
6 36 549
6 37 458
6 38 442
6 39 165
6 40 436
6 41 283
6 42 629
6 43 104
6 44 532
6 45 718
6 46 698
6 47 121
6 48 435
6 49 352
6 50 285
6 51 805
6 52 851
6 53 844
6 54 345
6 55 515
6 56 923
6 57 613
6 58 312
6 59 384
6 60 634
6 61 1174
6 62 649
6 63 468
6 64 390
6 65 459
6 66 199
6 67 485
6 68 907
6 69 937
6 70 822
6 71 1031
6 72 873
6 73 961
6 74 456
6 75 675
6 76 840
6 77 711
6 78 206
6 79 489
6 80 509
6 81 1095
6 82 341
6 83 260
6 84 553
6 85 981
6 86 806
6 87 485
6 88 699
6 89 780
6 90 320
6 91 258
6 92 568
6 93 640
6 94 652
6 95 778
6 96 521
6 97 373
6 98 248
6 99 425
6 100 296
7 1 856
7 2 749
7 3 1013
7 4 403
7 5 836
7 6 997
7 8 121
7 9 833
7 10 646
7 11 785
7 12 252
7 13 821
7 14 574
7 15 813
7 16 637
7 17 788
7 18 939
7 19 48
7 20 529
7 21 779
7 22 778
7 23 817
7 24 476
7 25 833
7 26 741
7 27 69
7 28 614
7 29 379
7 30 929
7 31 910
7 32 707
7 33 590
7 34 946
7 35 577
7 36 657
7 37 682
7 38 562
7 39 1136
7 40 569
7 41 903
7 42 546
7 43 968
7 44 859
7 45 664
7 46 493
7 47 877
7 48 593
7 49 700
7 50 771
7 51 337
7 52 268
7 53 298
7 54 658
7 55 700
7 56 88
7 57 621
7 58 883
7 59 706
7 60 364
7 61 179
7 62 591
7 63 540
7 64 671
7 65 870
7 66 1172
7 67 533
7 68 133
7 69 129
7 70 456
7 71 106
7 72 262
7 73 282
7 74 714
7 75 420
7 76 278
7 77 596
7 78 793
7 79 754
7 80 778
7 81 121
7 82 684
7 83 740
7 84 639
7 85 24
7 86 304
7 87 915
7 88 374
7 89 396
7 90 884
7 91 951
7 92 876
7 93 835
7 94 387
7 95 350
7 96 477
7 97 696
7 98 942
7 99 700
7 100 718
8 1 754
8 2 633
8 3 910
8 4 313
8 5 716
8 6 887
8 7 121
8 9 740
8 10 545
8 11 712
8 12 221
8 13 710
8 14 549
8 15 755
8 16 616
8 17 719
8 18 819
8 19 149
8 20 455
8 21 708
8 22 658
8 23 751
8 24 366
8 25 741
8 26 648
8 27 52
8 28 562
8 29 266
8 30 840
8 31 790
8 32 600
8 33 471
8 34 844
8 35 498
8 36 538
8 37 561
8 38 459
8 39 1022
8 40 454
8 41 812
8 42 429
8 43 853
8 44 740
8 45 555
8 46 380
8 47 767
8 48 498
8 49 582
8 50 653
8 51 314
8 52 171
8 53 201
8 54 544
8 55 632
8 56 37
8 57 566
8 58 763
8 59 617
8 60 255
8 61 289
8 62 476
8 63 424
8 64 580
8 65 749
8 66 1057
8 67 437
8 68 50
8 69 78
8 70 360
8 71 205
8 72 262
8 73 229
8 74 637
8 75 302
8 76 265
8 77 487
8 78 682
8 79 684
8 80 659
8 81 240
8 82 567
8 83 631
8 84 574
8 85 100
8 86 277
8 87 795
8 88 255
8 89 290
8 90 763
8 91 858
8 92 759
8 93 786
8 94 310
8 95 318
8 96 368
8 97 576
8 98 822
8 99 580
8 100 615
9 1 932
9 2 319
9 3 212
9 4 814
9 5 550
9 6 286
9 7 833
9 8 740
9 10 207
9 11 187
9 12 903
9 13 220
9 14 493
9 15 292
9 16 509
9 17 212
9 18 495
9 19 827
9 20 327
9 21 193
9 22 452
9 23 235
9 24 707
9 25 13
9 26 93
9 27 778
9 28 356
9 29 497
9 30 109
9 31 636
9 32 196
9 33 417
9 34 153
9 35 272
9 36 600
9 37 513
9 38 292
9 39 447
9 40 365
9 41 73
9 42 631
9 43 347
9 44 674
9 45 770
9 46 682
9 47 217
9 48 243
9 49 389
9 50 366
9 51 577
9 52 759
9 53 763
9 54 298
9 55 234
9 56 775
9 57 338
9 58 483
9 59 132
9 60 492
9 61 1012
9 62 674
9 63 391
9 64 163
9 65 612
9 66 479
9 67 304
9 68 773
9 69 806
9 70 796
9 71 842
9 72 655
9 73 876
9 74 178
9 75 621
9 76 623
9 77 738
9 78 227
9 79 204
9 80 618
9 81 911
9 82 348
9 83 199
9 84 280
9 85 822
9 86 587
9 87 654
9 88 625
9 89 731
9 90 491
9 91 118
9 92 714
9 93 361
9 94 451
9 95 551
9 96 392
9 97 416
9 98 457
9 99 486
9 100 159
10 1 773
10 2 215
10 3 367
10 4 608
10 5 443
10 6 368
10 7 646
10 8 545
10 9 207
10 11 280
10 12 697
10 13 205
10 14 444
10 15 380
10 16 486
10 17 302
10 18 445
10 19 646
10 20 210
10 21 281
10 22 339
10 23 339
10 24 507
10 25 212
10 26 125
10 27 586
10 28 322
10 29 292
10 30 315
10 31 538
10 32 79
10 33 232
10 34 301
10 35 168
10 36 431
10 37 357
10 38 87
10 39 525
10 40 168
10 41 280
10 42 441
10 43 372
10 44 552
10 45 592
10 46 484
10 47 251
10 48 70
10 49 248
10 50 265
10 51 439
10 52 552
10 53 556
10 54 135
10 55 255
10 56 581
10 57 307
10 58 410
10 59 125
10 60 291
10 61 825
10 62 489
10 63 190
10 64 87
10 65 505
10 66 561
10 67 118
10 68 574
10 69 606
10 70 594
10 71 670
10 72 505
10 73 669
10 74 208
10 75 416
10 76 473
10 77 551
10 78 184
10 79 271
10 80 481
10 81 735
10 82 202
10 83 118
10 84 254
10 85 633
10 86 439
10 87 554
10 88 419
10 89 525
10 90 416
10 91 320
10 92 590
10 93 446
10 94 285
10 95 412
10 96 186
10 97 271
10 98 421
10 99 338
10 100 74
11 1 1053
11 2 465
11 3 382
11 4 856
11 5 702
11 6 471
11 7 785
11 8 712
11 9 187
11 10 280
11 12 905
11 13 390
11 14 336
11 15 110
11 16 338
11 17 26
11 18 668
11 19 768
11 20 258
11 21 9
11 22 600
11 23 60
11 24 771
11 25 175
11 26 178
11 27 740
11 28 208
11 29 512
11 30 203
11 31 794
11 32 318
11 33 511
11 34 332
11 35 218
11 36 711
11 37 635
11 38 335
11 39 631
11 40 444
11 41 204
11 42 715
11 43 531
11 44 820
11 45 871
11 46 752
11 47 399
11 48 265
11 49 519
11 50 516
11 51 481
11 52 772
11 53 783
11 54 410
11 55 88
11 56 743
11 57 193
11 58 648
11 59 157
11 60 494
11 61 957
11 62 767
11 63 462
11 64 195
11 65 765
11 66 661
11 67 313
11 68 754
11 69 786
11 70 851
11 71 771
11 72 565
11 73 887
11 74 82
11 75 672
11 76 535
11 77 827
11 78 389
11 79 33
11 80 754
11 81 842
11 82 474
11 83 340
11 84 151
11 85 778
11 86 501
11 87 811
11 88 663
11 89 775
11 90 656
11 91 252
11 92 859
11 93 179
11 94 403
11 95 458
11 96 424
11 97 544
11 98 633
11 99 614
11 100 280
12 1 653
12 2 728
12 3 1047
12 4 203
12 5 741
12 6 999
12 7 252
12 8 221
12 9 903
12 10 697
12 11 905
12 13 827
12 14 768
12 15 958
12 16 835
12 17 914
12 18 868
12 19 300
12 20 652
12 21 901
12 22 711
12 23 949
12 24 326
12 25 906
12 26 814
12 27 229
12 28 772
12 29 407
12 30 1008
12 31 794
12 32 737
12 33 557
12 34 984
12 35 688
12 36 541
12 37 597
12 38 611
12 39 1113
12 40 568
12 41 976
12 42 424
12 43 945
12 44 727
12 45 488
12 46 353
12 47 885
12 48 665
12 49 659
12 50 733
12 51 534
12 52 149
12 53 157
12 54 658
12 55 829
12 56 210
12 57 774
12 58 811
12 59 790
12 60 416
12 61 302
12 62 448
12 63 536
12 64 750
12 65 757
12 66 1147
12 67 606
12 68 171
12 69 146
12 70 264
12 71 357
12 72 479
12 73 50
12 74 826
12 75 330
12 76 484
12 77 429
12 78 798
12 79 878
12 80 658
12 81 348
12 82 660
12 83 761
12 84 775
12 85 234
12 86 497
12 87 795
12 88 301
12 89 245
12 90 809
12 91 1017
12 92 735
12 93 994
12 94 511
12 95 537
12 96 512
12 97 645
12 98 883
12 99 624
12 100 760
13 1 732
13 2 122
13 3 233
13 4 696
13 5 334
13 6 177
13 7 821
13 8 710
13 9 220
13 10 205
13 11 390
13 12 827
13 14 635
13 15 500
13 16 669
13 17 416
13 18 278
13 19 827
13 20 412
13 21 395
13 22 242
13 23 446
13 24 571
13 25 232
13 26 219
13 27 756
13 28 505
13 29 445
13 30 302
13 31 417
13 32 127
13 33 277
13 34 183
13 35 364
13 36 417
13 37 325
13 38 269
13 39 324
13 40 261
13 41 264
13 42 478
13 43 169
13 44 460
13 45 591
13 46 542
13 47 59
13 48 274
13 49 203
13 50 157
13 51 642
13 52 678
13 53 673
13 54 169
13 55 406
13 56 746
13 57 488
13 58 263
13 59 260
13 60 458
13 61 997
13 62 508
13 63 293
13 64 251
13 65 395
13 66 360
13 67 317
13 68 731
13 69 760
13 70 665
13 71 857
13 72 705
13 73 791
13 74 348
13 75 508
13 76 673
13 77 572
13 78 29
13 79 397
13 80 412
13 81 919
13 82 179
13 83 88
13 84 429
13 85 804
13 86 640
13 87 435
13 88 528
13 89 615
13 90 271
13 91 272
13 92 499
13 93 569
13 94 483
13 95 615
13 96 344
13 97 229
13 98 243
13 99 294
13 100 141
14 1 1126
14 2 656
14 3 703
14 4 798
14 5 871
14 6 766
14 7 574
14 8 549
14 9 493
14 10 444
14 11 336
14 12 768
14 13 635
14 15 298
14 16 69
14 17 322
14 18 888
14 19 541
14 20 243
14 21 328
14 22 771
14 23 332
14 24 765
14 25 484
14 26 431
14 27 554
14 28 137
14 29 477
14 30 537
14 31 967
14 32 519
14 33 609
14 34 645
14 35 277
14 36 800
14 37 753
14 38 428
14 39 931
14 40 539
14 41 533
14 42 753
14 43 800
14 44 965
14 45 921
14 46 757
14 47 667
14 48 380
14 49 673
14 50 705
14 51 239
14 52 673
14 53 696
14 54 563
14 55 262
14 56 567
14 57 155
14 58 851
14 59 384
14 60 441
14 61 720
14 62 812
14 63 536
14 64 386
14 65 930
14 66 964
14 67 371
14 68 598
14 69 626
14 70 817
14 71 522
14 72 314
14 73 769
14 74 316
14 75 658
14 76 296
14 77 860
14 78 621
14 79 307
14 80 884
14 81 590
14 82 629
14 83 556
14 84 214
14 85 576
14 86 274
14 87 982
14 88 627
14 89 732
14 90 857
14 91 583
14 92 1000
14 93 290
14 94 300
14 95 231
14 96 452
14 97 690
14 98 864
14 99 746
14 100 496
15 1 1152
15 2 573
15 3 473
15 4 929
15 5 810
15 6 573
15 7 813
15 8 755
15 9 292
15 10 380
15 11 110
15 12 958
15 13 500
15 14 298
15 16 279
15 17 84
15 18 777
15 19 790
15 20 307
15 21 105
15 22 707
15 23 58
15 24 854
15 25 280
15 26 287
15 27 776
15 28 202
15 29 582
15 30 283
15 31 902
15 32 425
15 33 608
15 34 430
15 35 282
15 36 810
15 37 737
15 38 425
15 39 729
15 40 539
15 41 296
15 42 806
15 43 638
15 44 926
15 45 966
15 46 836
15 47 506
15 48 354
15 49 624
15 50 624
15 51 489
15 52 834
15 53 848
15 54 513
15 55 138
15 56 782
15 57 193
15 58 757
15 59 260
15 60 558
15 61 978
15 62 859
15 63 553
15 64 294
15 65 873
15 66 759
15 67 392
15 68 799
15 69 831
15 70 930
15 71 785
15 72 574
15 73 945
15 74 173
15 75 751
15 76 547
15 77 918
15 78 498
15 79 110
15 80 859
15 81 856
15 82 578
15 83 448
15 84 184
15 85 809
15 86 516
15 87 919
15 88 737
15 89 850
15 90 765
15 91 337
15 92 965
15 93 70
15 94 448
15 95 470
15 96 504
15 97 649
15 98 742
15 99 717
15 100 387
16 1 1188
16 2 700
16 3 716
16 4 865
16 5 921
16 6 789
16 7 637
16 8 616
16 9 509
16 10 486
16 11 338
16 12 835
16 13 669
16 14 69
16 15 279
16 17 320
16 18 929
16 19 603
16 20 295
16 21 330
16 22 819
16 23 322
16 24 831
16 25 499
16 26 457
16 27 620
16 28 165
16 29 542
16 30 540
16 31 1017
16 32 558
16 33 665
16 34 661
16 35 321
16 36 858
16 37 808
16 38 479
16 39 953
16 40 593
16 41 540
16 42 815
16 43 831
16 44 1019
16 45 983
16 46 822
16 47 696
16 48 425
16 49 722
16 50 750
16 51 304
16 52 742
16 53 764
16 54 611
16 55 276
16 56 633
16 57 182
16 58 895
16 59 412
16 60 507
16 61 779
16 62 875
16 63 592
16 64 420
16 65 981
16 66 986
16 67 424
16 68 665
16 69 693
16 70 884
16 71 581
16 72 376
16 73 836
16 74 334
16 75 723
16 76 360
16 77 924
16 78 656
16 79 311
16 80 939
16 81 648
16 82 678
16 83 593
16 84 241
16 85 640
16 86 340
16 87 1032
16 88 694
16 89 799
16 90 902
16 91 589
16 92 1054
16 93 256
16 94 366
16 95 298
16 96 512
16 97 741
16 98 903
16 99 799
16 100 531
17 1 1075
17 2 490
17 3 404
17 4 870
17 5 727
17 6 495
17 7 788
17 8 719
17 9 212
17 10 302
17 11 26
17 12 914
17 13 416
17 14 322
17 15 84
17 16 320
17 18 693
17 19 769
17 20 264
17 21 22
17 22 624
17 23 39
17 24 789
17 25 200
17 26 203
17 27 745
17 28 199
17 29 525
17 30 221
17 31 819
17 32 342
17 33 532
17 34 356
17 35 228
17 36 733
17 37 657
17 38 354
17 39 655
17 40 465
17 41 226
17 42 735
17 43 557
17 44 844
17 45 892
17 46 769
17 47 424
17 48 283
17 49 543
17 50 541
17 51 478
17 52 784
17 53 796
17 54 433
17 55 88
17 56 748
17 57 185
17 58 673
17 59 179
17 60 505
17 61 958
17 62 786
17 63 481
17 64 216
17 65 790
17 66 685
17 67 328
17 68 761
17 69 793
17 70 867
17 71 770
17 72 563
17 73 898
17 74 98
17 75 688
17 76 534
17 77 847
17 78 414
17 79 37
17 80 778
17 81 841
17 82 497
17 83 365
17 84 150
17 85 782
17 86 500
17 87 836
17 88 678
17 89 790
17 90 681
17 91 272
17 92 883
17 93 154
17 94 409
17 95 456
17 96 440
17 97 568
17 98 658
17 99 637
17 100 305
18 1 549
18 2 234
18 3 424
18 4 691
18 5 147
18 6 292
18 7 939
18 8 819
18 9 495
18 10 445
18 11 668
18 12 868
18 13 278
18 14 888
18 15 777
18 16 929
18 17 693
18 19 958
18 20 650
18 21 672
18 22 162
18 23 723
18 24 554
18 25 507
18 26 494
18 27 870
18 28 765
18 29 572
18 30 561
18 31 177
18 32 373
18 33 353
18 34 410
18 35 612
18 36 340
18 37 272
18 38 473
18 39 296
18 40 394
18 41 527
18 42 450
18 43 189
18 44 251
18 45 482
18 46 524
18 47 283
18 48 510
18 49 246
18 50 189
18 51 846
18 52 730
18 53 713
18 54 333
18 55 678
18 56 854
18 57 749
18 58 58
18 59 531
18 60 600
18 61 1102
18 62 446
18 63 417
18 64 513
18 65 178
18 66 320
18 67 531
18 68 824
18 69 847
18 70 642
18 71 1001
18 72 892
18 73 823
18 74 622
18 75 542
18 76 863
18 77 496
18 78 281
18 79 673
18 80 255
18 81 1052
18 82 277
18 83 339
18 84 693
18 85 919
18 86 834
18 87 195
18 88 581
18 89 626
18 90 60
18 91 520
18 92 284
18 93 847
18 94 678
18 95 821
18 96 503
18 97 245
18 98 45
18 99 245
18 100 402
19 1 897
19 2 761
19 3 1012
19 4 446
19 5 860
19 6 1002
19 7 48
19 8 149
19 9 827
19 10 646
19 11 768
19 12 300
19 13 827
19 14 541
19 15 790
19 16 603
19 17 769
19 18 958
19 20 514
19 21 762
19 22 797
19 23 797
19 24 513
19 25 825
19 26 735
19 27 100
19 28 590
19 29 391
19 30 920
19 31 936
19 32 710
19 33 607
19 34 945
19 35 565
19 36 686
19 37 705
19 38 564
19 39 1145
19 40 581
19 41 895
19 42 577
19 43 978
19 44 888
19 45 702
19 46 528
19 47 882
19 48 589
19 49 717
19 50 785
19 51 307
19 52 308
19 53 339
19 54 667
19 55 682
19 56 123
19 57 598
19 58 903
19 59 697
19 60 371
19 61 190
19 62 625
19 63 552
19 64 665
19 65 896
19 66 1181
19 67 530
19 68 172
19 69 173
19 70 498
19 71 60
19 72 227
19 73 329
19 74 699
19 75 450
19 76 248
19 77 634
19 78 799
19 79 736
19 80 807
19 81 95
19 82 697
19 83 744
19 84 620
19 85 68
19 86 276
19 87 943
19 88 404
19 89 434
19 90 904
19 91 944
19 92 908
19 93 809
19 94 376
19 95 322
19 96 483
19 97 714
19 98 959
19 99 723
19 100 719
20 1 901
20 2 417
20 3 532
20 4 626
20 5 629
20 6 564
20 7 529
20 8 455
20 9 327
20 10 210
20 11 258
20 12 652
20 13 412
20 14 243
20 15 307
20 16 295
20 17 264
20 18 650
20 19 514
20 21 253
20 22 528
20 23 298
20 24 564
20 25 323
20 26 242
20 27 482
20 28 150
20 29 280
20 30 410
20 31 724
20 32 288
20 33 370
20 34 467
20 35 56
20 36 566
20 37 513
20 38 185
20 39 726
20 40 298
20 41 389
20 42 533
20 43 580
20 44 724
20 45 700
20 46 550
20 47 453
20 48 142
20 49 431
20 50 465
20 51 250
20 52 527
20 53 542
20 54 321
20 55 178
20 56 485
20 57 142
20 58 611
20 59 196
20 60 253
20 61 703
20 62 591
20 63 299
20 64 176
20 65 688
20 66 761
20 67 129
20 68 497
20 69 529
20 70 632
20 71 523
20 72 329
20 73 638
20 74 186
20 75 458
20 76 297
20 77 644
20 78 393
20 79 229
20 80 644
20 81 593
20 82 387
20 83 327
20 84 125
20 85 521
20 86 261
20 87 739
20 88 438
20 89 550
20 90 617
20 91 440
20 92 759
20 93 351
20 94 146
20 95 224
20 96 223
20 97 448
20 98 629
20 99 504
20 100 273
21 1 1054
21 2 468
21 3 390
21 4 854
21 5 706
21 6 478
21 7 779
21 8 708
21 9 193
21 10 281
21 11 9
21 12 901
21 13 395
21 14 328
21 15 105
21 16 330
21 17 22
21 18 672
21 19 762
21 20 253
21 22 603
21 23 59
21 24 770
21 25 182
21 26 182
21 27 735
21 28 201
21 29 509
21 30 211
21 31 797
21 32 321
21 33 512
21 34 340
21 35 214
21 36 712
21 37 636
21 38 335
21 39 638
21 40 445
21 41 212
21 42 715
21 43 537
21 44 823
21 45 872
21 46 751
21 47 404
21 48 264
21 49 521
21 50 520
21 51 474
21 52 769
21 53 780
21 54 412
21 55 81
21 56 738
21 57 185
21 58 652
21 59 158
21 60 490
21 61 951
21 62 767
21 63 461
21 64 195
21 65 769
21 66 669
21 67 311
21 68 749
21 69 781
21 70 850
21 71 764
21 72 559
21 73 883
21 74 80
21 75 670
21 76 529
21 77 827
21 78 393
21 79 26
21 80 757
21 81 835
21 82 476
21 83 344
21 84 145
21 85 773
21 86 495
21 87 815
21 88 661
21 89 773
21 90 660
21 91 260
21 92 862
21 93 175
21 94 398
21 95 451
21 96 422
21 97 546
21 98 638
21 99 616
21 100 283
22 1 492
22 2 136
22 3 455
22 4 541
22 5 104
22 6 349
22 7 778
22 8 658
22 9 452
22 10 339
22 11 600
22 12 711
22 13 242
22 14 771
22 15 707
22 16 819
22 17 624
22 18 162
22 19 797
22 20 528
22 21 603
22 23 658
22 24 405
22 25 463
22 26 422
22 27 709
22 28 658
22 29 414
22 30 542
22 31 199
22 32 283
22 33 195
22 34 418
22 35 498
22 36 205
22 37 120
22 38 344
22 39 417
22 40 247
22 41 503
22 42 301
22 43 262
22 44 223
22 45 370
22 46 374
22 47 279
22 48 394
22 49 99
22 50 87
22 51 702
22 52 570
22 53 555
22 54 209
22 55 591
22 56 693
22 57 644
22 58 106
22 59 448
22 60 445
22 61 940
22 62 309
22 63 265
22 64 420
22 65 167
22 66 447
22 67 402
22 68 662
22 69 686
22 70 496
22 71 841
22 72 742
22 73 667
22 74 539
22 75 383
22 76 714
22 77 367
22 78 228
22 79 598
22 80 171
22 81 892
22 82 142
22 83 261
22 84 593
22 85 757
22 86 687
22 87 216
22 88 420
22 89 472
22 90 107
22 91 513
22 92 262
22 93 775
22 94 534
22 95 678
22 96 354
22 97 89
22 98 172
22 99 89
22 100 320
23 1 1112
23 2 524
23 3 417
23 4 907
23 5 761
23 6 515
23 7 817
23 8 751
23 9 235
23 10 339
23 11 60
23 12 949
23 13 446
23 14 332
23 15 58
23 16 322
23 17 39
23 18 723
23 19 797
23 20 298
23 21 59
23 22 658
23 24 827
23 25 223
23 26 237
23 27 776
23 28 218
23 29 562
23 30 228
23 31 852
23 32 377
23 33 570
23 34 373
23 35 263
23 36 770
23 37 694
23 38 392
23 39 672
23 40 502
23 41 239
23 42 772
23 43 582
23 44 879
23 45 929
23 46 807
23 47 451
23 48 321
23 49 578
23 50 575
23 51 502
23 52 820
23 53 832
23 54 469
23 55 120
23 56 780
23 57 206
23 58 705
23 59 216
23 60 541
23 61 986
23 62 824
23 63 519
23 64 253
23 65 824
23 66 702
23 67 366
23 68 794
23 69 826
23 70 905
23 71 796
23 72 588
23 73 933
23 74 136
23 75 725
23 76 559
23 77 885
23 78 446
23 79 74
23 80 814
23 81 868
23 82 533
23 83 399
23 84 179
23 85 812
23 86 526
23 87 870
23 88 715
23 89 828
23 90 713
23 91 281
23 92 918
23 93 126
23 94 442
23 95 481
23 96 477
23 97 604
23 98 687
23 99 673
23 100 339
24 1 394
24 2 456
24 3 803
24 4 138
24 5 419
24 6 728
24 7 476
24 8 366
24 9 707
24 10 507
24 11 771
24 12 326
24 13 571
24 14 765
24 15 854
24 16 831
24 17 789
24 18 554
24 19 513
24 20 564
24 21 770
24 22 405
24 23 827
24 25 713
24 26 632
24 27 414
24 28 712
24 29 289
24 30 815
24 31 469
24 32 515
24 33 298
24 34 748
24 35 575
24 36 218
24 37 286
24 38 437
24 39 819
24 40 343
24 41 777
24 42 105
24 43 657
24 44 402
24 45 190
24 46 31
24 47 626
24 48 507
24 49 376
24 50 445
24 51 583
24 52 213
24 53 186
24 54 418
24 55 717
24 56 391
24 57 706
24 58 498
24 59 626
24 60 324
24 61 601
24 62 124
24 63 318
24 64 584
24 65 432
24 66 851
24 67 463
24 68 344
24 69 354
24 70 95
24 71 570
24 72 574
24 73 277
24 74 691
24 75 108
24 76 559
24 77 122
24 78 544
24 79 753
24 80 333
24 81 596
24 82 392
24 83 527
24 84 682
24 85 453
24 86 551
24 87 469
24 88 141
24 89 85
24 90 495
24 91 808
24 92 413
24 93 908
24 94 465
24 95 570
24 96 351
24 97 356
24 98 574
24 99 317
24 100 549
25 1 942
25 2 330
25 3 220
25 4 819
25 5 561
25 6 297
25 7 833
25 8 741
25 9 13
25 10 212
25 11 175
25 12 906
25 13 232
25 14 484
25 15 280
25 16 499
25 17 200
25 18 507
25 19 825
25 20 323
25 21 182
25 22 463
25 23 223
25 24 713
25 26 93
25 27 778
25 28 348
25 29 499
25 30 104
25 31 648
25 32 204
25 33 424
25 34 162
25 35 268
25 36 609
25 37 523
25 38 295
25 39 458
25 40 371
25 41 71
25 42 639
25 43 359
25 44 685
25 45 779
25 46 689
25 47 229
25 48 244
25 49 398
25 50 377
25 51 573
25 52 762
25 53 766
25 54 306
25 55 224
25 56 775
25 57 330
25 58 494
25 59 129
25 60 494
25 61 1011
25 62 682
25 63 397
25 64 162
25 65 623
25 66 489
25 67 305
25 68 775
25 69 807
25 70 802
25 71 840
25 72 652
25 73 879
25 74 169
25 75 626
25 76 619
25 77 746
25 78 238
25 79 193
25 80 629
25 81 909
25 82 358
25 83 208
25 84 272
25 85 822
25 86 584
25 87 666
25 88 630
25 89 736
25 90 503
25 91 119
25 92 725
25 93 349
25 94 450
25 95 547
25 96 395
25 97 426
25 98 469
25 99 496
25 100 166
26 1 884
26 2 287
26 3 291
26 4 732
26 5 525
26 6 336
26 7 741
26 8 648
26 9 93
26 10 125
26 11 178
26 12 814
26 13 219
26 14 431
26 15 287
26 16 457
26 17 203
26 18 494
26 19 735
26 20 242
26 21 182
26 22 422
26 23 237
26 24 632
26 25 93
26 27 686
26 28 296
26 29 408
26 30 195
26 31 616
26 32 142
26 33 351
26 34 226
26 35 187
26 36 544
26 37 463
26 38 205
26 39 500
26 40 291
26 41 164
26 42 563
26 43 375
26 44 643
26 45 710
26 46 608
26 47 240
26 48 151
26 49 344
26 50 339
26 51 491
26 52 671
26 53 676
26 54 239
26 55 188
26 56 683
26 57 278
26 58 471
26 59 49
26 60 401
26 61 920
26 62 610
26 63 315
26 64 71
26 65 588
26 66 534
26 67 212
26 68 682
26 69 714
26 70 718
26 71 752
26 72 568
26 73 788
26 74 130
26 75 541
26 76 535
26 77 672
26 78 214
26 79 180
26 80 579
26 81 820
26 82 300
26 83 162
26 84 219
26 85 730
26 86 500
26 87 634
26 88 542
26 89 649
26 90 479
26 91 210
26 92 682
26 93 356
26 94 360
26 95 465
26 96 305
26 97 370
26 98 461
26 99 440
26 100 103
27 1 799
27 2 682
27 3 952
27 4 351
27 5 768
27 6 933
27 7 69
27 8 52
27 9 778
27 10 586
27 11 740
27 12 229
27 13 756
27 14 554
27 15 776
27 16 620
27 17 745
27 18 870
27 19 100
27 20 482
27 21 735
27 22 709
27 23 776
27 24 414
27 25 778
27 26 686
27 28 580
27 29 313
27 30 876
27 31 841
27 32 644
27 33 522
27 34 886
27 35 528
27 36 589
27 37 613
27 38 501
27 39 1070
27 40 503
27 41 848
27 42 479
27 43 901
27 44 791
27 45 603
27 46 429
27 47 813
27 48 536
27 49 632
27 50 703
27 51 316
27 52 211
27 53 242
27 54 592
27 55 657
27 56 25
27 57 585
27 58 814
27 59 652
27 60 300
27 61 242
27 62 526
27 63 473
27 64 616
27 65 801
27 66 1105
27 67 475
27 68 75
27 69 86
27 70 401
27 71 157
27 72 252
27 73 248
27 74 667
27 75 353
27 76 261
27 77 535
27 78 728
27 79 710
27 80 711
27 81 188
27 82 616
27 83 676
27 84 598
27 85 50
27 86 280
27 87 847
27 88 307
27 89 335
27 90 815
27 91 895
27 92 810
27 93 803
27 94 338
27 95 324
27 96 413
27 97 627
27 98 873
27 99 632
27 100 658
28 1 1049
28 2 537
28 3 567
28 4 767
28 5 761
28 6 630
28 7 614
28 8 562
28 9 356
28 10 322
28 11 208
28 12 772
28 13 505
28 14 137
28 15 202
28 16 165
28 17 199
28 18 765
28 19 590
28 20 150
28 21 201
28 22 658
28 23 218
28 24 712
28 25 348
28 26 296
28 27 580
28 29 425
28 30 405
28 31 857
28 32 393
28 33 514
28 34 508
28 35 162
28 36 712
28 37 655
28 38 324
28 39 794
28 40 441
28 41 398
28 42 682
28 43 667
28 44 863
28 45 849
28 46 699
28 47 533
28 48 265
28 49 563
28 50 587
28 51 288
28 52 658
28 53 676
28 54 450
28 55 128
28 56 587
28 57 18
28 58 732
28 59 249
28 60 394
28 61 777
28 62 740
28 63 445
28 64 255
28 65 822
28 66 828
28 67 273
28 68 609
28 69 640
28 70 776
28 71 584
28 72 373
28 73 764
28 74 179
28 75 605
28 76 346
28 77 794
28 78 492
28 79 177
28 80 786
28 81 655
28 82 518
28 83 428
28 84 78
28 85 611
28 86 315
28 87 872
28 88 582
28 89 693
28 90 738
28 91 449
28 92 899
28 93 224
28 94 266
28 95 269
28 96 372
28 97 583
28 98 738
28 99 644
28 100 367
29 1 656
29 2 371
29 3 650
29 4 347
29 5 490
29 6 621
29 7 379
29 8 266
29 9 497
29 10 292
29 11 512
29 12 407
29 13 445
29 14 477
29 15 582
29 16 542
29 17 525
29 18 572
29 19 391
29 20 280
29 21 509
29 22 414
29 23 562
29 24 289
29 25 499
29 26 408
29 27 313
29 28 425
29 30 602
29 31 576
29 32 339
29 33 220
29 34 586
29 35 300
29 36 352
29 37 340
29 38 205
29 39 757
29 40 191
29 41 569
29 42 281
29 43 589
29 44 546
29 45 447
29 46 280
29 47 502
29 48 260
29 49 328
29 50 395
29 51 319
29 52 265
29 53 273
29 54 279
29 55 446
29 56 302
29 57 420
29 58 518
29 59 386
29 60 39
29 61 554
29 62 341
29 63 162
29 64 344
29 65 536
29 66 793
29 67 203
29 68 288
29 69 318
29 70 352
29 71 430
29 72 339
29 73 382
29 74 431
29 75 182
29 76 314
29 77 384
29 78 416
29 79 489
29 80 461
29 81 486
29 82 307
29 83 368
29 84 402
29 85 362
29 86 295
29 87 586
29 88 158
29 89 270
29 90 521
29 91 611
29 92 574
29 93 630
29 94 178
29 95 301
29 96 107
29 97 328
29 98 570
29 99 349
29 100 358
30 1 1028
30 2 412
30 3 193
30 4 922
30 5 635
30 6 308
30 7 929
30 8 840
30 9 109
30 10 315
30 11 203
30 12 1008
30 13 302
30 14 537
30 15 283
30 16 540
30 17 221
30 18 561
30 19 920
30 20 410
30 21 211
30 22 542
30 23 228
30 24 815
30 25 104
30 26 195
30 27 876
30 28 405
30 29 602
30 31 715
30 32 301
30 33 523
30 34 163
30 35 357
30 36 701
30 37 612
30 38 398
30 39 454
30 40 473
30 41 39
30 42 738
30 43 392
30 44 761
30 45 873
30 46 790
30 47 280
30 48 345
30 49 487
30 50 456
30 51 655
30 52 865
30 53 870
30 54 403
30 55 278
30 56 874
30 57 388
30 58 558
30 59 224
30 60 595
30 61 1107
30 62 779
30 63 499
30 64 262
30 65 695
30 66 481
30 67 406
30 68 875
30 69 908
30 70 904
30 71 932
30 72 737
30 73 982
30 74 235
30 75 729
30 76 705
30 77 843
30 78 315
30 79 231
30 80 711
30 81 1001
30 82 449
30 83 299
30 84 336
30 85 919
30 86 670
30 87 734
30 88 733
30 89 839
30 90 566
30 91 55
30 92 800
30 93 345
30 94 544
30 95 630
30 96 498
30 97 514
30 98 520
30 99 584
30 100 266
31 1 378
31 2 330
31 3 595
31 4 600
31 5 96
31 6 466
31 7 910
31 8 790
31 9 636
31 10 538
31 11 794
31 12 794
31 13 417
31 14 967
31 15 902
31 16 1017
31 17 819
31 18 177
31 19 936
31 20 724
31 21 797
31 22 199
31 23 852
31 24 469
31 25 648
31 26 616
31 27 841
31 28 857
31 29 576
31 30 715
31 32 479
31 33 370
31 34 573
31 35 696
31 36 257
31 37 237
31 38 540
31 39 466
31 40 434
31 41 679
31 42 374
31 43 364
31 44 85
31 45 347
31 46 442
31 47 438
31 48 592
31 49 295
31 50 278
31 51 882
31 52 670
31 53 648
31 54 407
31 55 789
31 56 822
31 57 842
31 58 159
31 59 645
31 60 611
31 61 1057
31 62 347
31 63 445
31 64 618
31 65 41
31 66 486
31 67 597
31 68 784
31 69 802
31 70 544
31 71 986
31 72 913
31 73 745
31 74 736
31 75 491
31 76 887
31 77 381
31 78 410
31 79 794
31 80 137
31 81 1029
31 82 340
31 83 454
31 84 791
31 85 888
31 86 864
31 87 19
31 88 536
31 89 550
31 90 151
31 91 679
31 92 111
31 93 971
31 94 717
31 95 859
31 96 536
31 97 277
31 98 221
31 99 231
31 100 515
32 1 744
32 2 150
32 3 312
32 4 628
32 5 386
32 6 296
32 7 707
32 8 600
32 9 196
32 10 79
32 11 318
32 12 737
32 13 127
32 14 519
32 15 425
32 16 558
32 17 342
32 18 373
32 19 710
32 20 288
32 21 321
32 22 283
32 23 377
32 24 515
32 25 204
32 26 142
32 27 644
32 28 393
32 29 339
32 30 301
32 31 479
32 33 222
32 34 248
32 35 244
32 36 407
32 37 323
32 38 147
32 39 449
32 40 176
32 41 263
32 42 437
32 43 294
32 44 502
32 45 576
32 46 490
32 47 176
32 48 149
32 49 202
32 50 202
32 51 516
32 52 589
32 53 589
32 54 103
32 55 311
32 56 637
32 57 377
32 58 342
32 59 166
32 60 346
32 61 885
32 62 479
32 63 206
32 64 142
32 65 449
32 66 485
32 67 191
32 68 626
32 69 657
32 70 607
32 71 737
32 72 580
32 73 705
32 74 258
32 75 435
32 76 548
32 77 543
32 78 106
32 79 316
32 80 438
32 81 801
32 82 159
32 83 39
32 84 321
32 85 692
32 86 514
32 87 496
32 88 446
32 89 546
32 90 349
32 91 294
32 92 542
32 93 493
32 94 358
32 95 489
32 96 233
32 97 229
32 98 346
32 99 299
32 100 40
33 1 545
33 2 172
33 3 507
33 4 420
33 5 279
33 6 444
33 7 590
33 8 471
33 9 417
33 10 232
33 11 511
33 12 557
33 13 277
33 14 609
33 15 608
33 16 665
33 17 532
33 18 353
33 19 607
33 20 370
33 21 512
33 22 195
33 23 570
33 24 298
33 25 424
33 26 351
33 27 522
33 28 514
33 29 220
33 30 523
33 31 370
33 32 222
33 34 451
33 35 354
33 36 203
33 37 144
33 38 192
33 39 560
33 40 73
33 41 485
33 42 215
33 43 390
33 44 357
33 45 361
33 46 271
33 47 335
33 48 259
33 49 111
33 50 182
33 51 513
33 52 409
33 53 401
33 54 121
33 55 477
33 56 508
33 57 502
33 58 299
33 59 356
33 60 250
33 61 758
33 62 259
33 63 76
33 64 317
33 65 331
33 66 594
33 67 242
33 68 482
33 69 508
33 70 391
33 71 649
33 72 548
33 73 518
33 74 437
33 75 232
33 76 521
33 77 323
33 78 249
33 79 500
33 80 276
33 81 701
33 82 103
33 83 230
33 84 460
33 85 571
33 86 495
33 87 383
33 88 256
33 89 339
33 90 301
33 91 513
33 92 392
33 93 671
33 94 347
33 95 490
33 96 166
33 97 108
33 98 352
33 99 141
33 100 258
34 1 909
34 2 304
34 3 67
34 4 868
34 5 501
34 6 147
34 7 946
34 8 844
34 9 153
34 10 301
34 11 332
34 12 984
34 13 183
34 14 645
34 15 430
34 16 661
34 17 356
34 18 410
34 19 945
34 20 467
34 21 340
34 22 418
34 23 373
34 24 748
34 25 162
34 26 226
34 27 886
34 28 508
34 29 586
34 30 163
34 31 573
34 32 248
34 33 451
34 35 412
34 36 600
34 37 508
34 38 386
34 39 300
34 40 420
34 41 137
34 42 659
34 43 233
34 44 627
34 45 774
34 46 720
34 47 140
34 48 357
34 49 386
34 50 337
34 51 715
34 52 837
34 53 835
34 54 333
34 55 386
34 56 880
34 57 490
34 58 414
34 59 273
34 60 590
34 61 1125
34 62 690
34 63 451
34 64 292
34 65 558
34 66 330
34 67 415
34 68 872
34 69 903
34 70 841
34 71 967
34 72 790
34 73 952
34 74 330
34 75 677
34 76 757
34 77 754
34 78 207
34 79 353
34 80 588
34 81 1033
34 82 359
34 83 226
34 84 432
34 85 933
34 86 722
34 87 592
34 88 691
34 89 787
34 90 423
34 91 114
34 92 666
34 93 496
34 94 576
34 95 689
34 96 479
34 97 412
34 98 367
34 99 477
34 100 229
35 1 894
35 2 380
35 3 477
35 4 647
35 5 601
35 6 512
35 7 577
35 8 498
35 9 272
35 10 168
35 11 218
35 12 688
35 13 364
35 14 277
35 15 282
35 16 321
35 17 228
35 18 612
35 19 565
35 20 56
35 21 214
35 22 498
35 23 263
35 24 575
35 25 268
35 26 187
35 27 528
35 28 162
35 29 300
35 30 357
35 31 696
35 32 244
35 33 354
35 34 412
35 36 555
35 37 495
35 38 164
35 39 674
35 40 282
35 41 335
35 42 534
35 43 532
35 44 702
35 45 698
35 46 558
35 47 402
35 48 105
35 49 402
35 50 430
35 51 306
35 52 557
35 53 569
35 54 290
35 55 146
35 56 529
35 57 149
35 58 575
35 59 141
35 60 279
35 61 753
35 62 590
35 63 288
35 64 123
35 65 661
35 66 709
35 67 117
35 68 538
35 69 570
35 70 648
35 71 575
35 72 384
35 73 671
35 74 140
35 75 470
35 76 351
35 77 646
35 78 347
35 79 191
35 80 625
35 81 645
35 82 357
35 83 281
35 84 109
35 85 568
35 86 316
35 87 712
35 88 455
35 89 568
35 90 582
35 91 386
35 92 739
35 93 334
35 94 191
35 95 279
35 96 225
35 97 422
35 98 588
35 99 483
35 100 224
36 1 343
36 2 296
36 3 646
36 4 353
36 5 202
36 6 549
36 7 657
36 8 538
36 9 600
36 10 431
36 11 711
36 12 541
36 13 417
36 14 800
36 15 810
36 16 858
36 17 733
36 18 340
36 19 686
36 20 566
36 21 712
36 22 205
36 23 770
36 24 218
36 25 609
36 26 544
36 27 589
36 28 712
36 29 352
36 30 701
36 31 257
36 32 407
36 33 203
36 34 600
36 35 555
36 37 93
36 38 393
36 39 619
36 40 274
36 41 662
36 42 118
36 43 466
36 44 203
36 45 174
36 46 189
36 47 465
36 48 461
36 49 216
36 50 268
36 51 670
36 52 414
36 53 392
36 54 306
36 55 679
36 56 569
36 57 702
36 58 286
36 59 555
36 60 390
36 61 801
36 62 107
36 63 268
36 64 517
36 65 218
36 66 648
36 67 440
36 68 529
36 69 546
36 70 302
36 71 738
36 72 688
36 73 493
36 74 638
36 75 237
36 76 665
36 77 163
36 78 396
36 79 701
36 80 122
36 81 776
36 82 252
36 83 402
36 84 662
36 85 634
36 86 646
36 87 260
36 88 283
36 89 296
36 90 282
36 91 682
36 92 226
36 93 873
36 94 517
36 95 651
36 96 348
36 97 189
36 98 365
36 99 126
36 100 446
37 1 421
37 2 205
37 3 553
37 4 422
37 5 155
37 6 458
37 7 682
37 8 561
37 9 513
37 10 357
37 11 635
37 12 597
37 13 325
37 14 753
37 15 737
37 16 808
37 17 657
37 18 272
37 19 705
37 20 513
37 21 636
37 22 120
37 23 694
37 24 286
37 25 523
37 26 463
37 27 613
37 28 655
37 29 340
37 30 612
37 31 237
37 32 323
37 33 144
37 34 508
37 35 495
37 36 93
37 38 332
37 39 536
37 40 215
37 41 573
37 42 182
37 43 378
37 44 214
37 45 266
37 46 255
37 47 373
37 48 395
37 49 126
37 50 175
37 51 649
37 52 459
37 53 442
37 54 225
37 55 609
37 56 595
37 57 643
37 58 215
37 59 479
37 60 375
37 61 837
37 62 192
37 63 219
37 64 443
37 65 197
37 66 566
37 67 385
37 68 560
37 69 582
37 70 377
37 71 753
37 72 677
37 73 551
37 74 565
37 75 273
37 76 652
37 77 253
37 78 304
37 79 627
37 80 132
37 81 799
37 82 165
37 83 315
37 84 599
37 85 660
37 86 629
37 87 247
37 88 313
37 89 355
37 90 213
37 91 592
37 92 248
37 93 802
37 94 487
37 95 627
37 96 308
37 97 99
37 98 289
37 99 34
37 100 362
38 1 734
38 2 241
38 3 452
38 4 530
38 5 444
38 6 442
38 7 562
38 8 459
38 9 292
38 10 87
38 11 335
38 12 611
38 13 269
38 14 428
38 15 425
38 16 479
38 17 354
38 18 473
38 19 564
38 20 185
38 21 335
38 22 344
38 23 392
38 24 437
38 25 295
38 26 205
38 27 501
38 28 324
38 29 205
38 30 398
38 31 540
38 32 147
38 33 192
38 34 386
38 35 164
38 36 393
38 37 332
38 39 592
38 40 119
38 41 365
38 42 382
38 43 432
38 44 540
38 45 542
38 46 417
38 47 322
38 48 71
38 49 246
38 50 286
38 51 380
38 52 467
38 53 472
38 54 141
38 55 290
38 56 495
38 57 312
38 58 431
38 59 191
38 60 205
38 61 741
38 62 435
38 63 129
38 64 148
38 65 503
38 66 628
38 67 59
38 68 488
38 69 519
38 70 520
38 71 591
38 72 438
38 73 585
38 74 256
38 75 340
38 76 406
38 77 494
38 78 244
38 79 319
38 80 462
38 81 655
38 82 203
38 83 183
38 84 269
38 85 548
38 86 374
38 87 554
38 88 338
38 89 448
38 90 436
38 91 407
38 92 577
38 93 485
38 94 216
38 95 354
38 96 100
38 97 263
38 98 456
38 99 321
38 100 157
39 1 843
39 2 390
39 3 263
39 4 955
39 5 441
39 6 165
39 7 1136
39 8 1022
39 9 447
39 10 525
39 11 631
39 12 1113
39 13 324
39 14 931
39 15 729
39 16 953
39 17 655
39 18 296
39 19 1145
39 20 726
39 21 638
39 22 417
39 23 672
39 24 819
39 25 458
39 26 500
39 27 1070
39 28 794
39 29 757
39 30 454
39 31 466
39 32 449
39 33 560
39 34 300
39 35 674
39 36 619
39 37 536
39 38 592
39 40 568
39 41 435
39 42 716
39 43 170
39 44 546
39 45 773
39 46 789
39 47 275
39 48 594
39 49 455
39 50 381
39 51 963
39 52 967
39 53 957
39 54 479
39 55 678
39 56 1058
39 57 777
39 58 341
39 59 548
39 60 775
39 61 1310
39 62 724
39 63 598
39 64 553
39 65 473
39 66 37
39 67 640
39 68 1037
39 69 1065
39 70 912
39 71 1178
39 72 1028
39 73 1072
39 74 620
39 75 784
39 76 996
39 77 780
39 78 349
39 79 650
39 80 549
39 81 1239
39 82 458
39 83 411
39 84 717
39 85 1119
39 86 963
39 87 482
39 88 814
39 89 882
39 90 347
39 91 401
39 92 576
39 93 795
39 94 806
39 95 937
39 96 662
39 97 470
39 98 260
39 99 504
39 100 455
40 1 616
40 2 181
40 3 481
40 4 453
40 5 340
40 6 436
40 7 569
40 8 454
40 9 365
40 10 168
40 11 444
40 12 568
40 13 261
40 14 539
40 15 539
40 16 593
40 17 465
40 18 394
40 19 581
40 20 298
40 21 445
40 22 247
40 23 502
40 24 343
40 25 371
40 26 291
40 27 503
40 28 441
40 29 191
40 30 473
40 31 434
40 32 176
40 33 73
40 34 420
40 35 282
40 36 274
40 37 215
40 38 119
40 39 568
40 41 435
40 42 273
40 43 399
40 44 427
40 45 428
40 46 318
40 47 319
40 48 187
40 49 150
40 50 210
40 51 455
40 52 419
40 53 416
40 54 92
40 55 406
40 56 491
40 57 430
40 58 345
40 59 291
40 60 212
40 61 743
40 62 323
40 63 32
40 64 251
40 65 395
40 66 603
40 67 170
40 68 472
40 69 501
40 70 432
40 71 618
40 72 498
40 73 533
40 74 368
40 75 260
40 76 469
