nnodes nedges type capacity P s t
100  4950  graph  1000 100 1 100 
nodename posx posy itemvalue itemweight
1 955 104 0 0
2 221 459 34 209
3 739 240 26 5
4 175 881 5 233
5 946 759 47 174
6 941 685 40 38
7 379 199 55 215
8 736 786 96 22
9 75 687 36 33
10 123 578 37 241
11 282 49 54 65
12 288 608 71 126
13 933 359 71 122
14 167 196 70 21
15 98 787 60 5
16 681 53 9 74
17 891 254 8 92
18 512 631 34 185
19 495 39 47 90
20 512 441 19 245
21 798 453 64 8
22 479 529 32 70
23 5 215 75 27
24 315 80 43 60
25 902 438 61 231
26 658 536 2 65
27 839 947 95 75
28 144 772 92 117
29 658 663 96 61
30 320 756 89 55
31 451 353 17 98
32 809 342 30 226
33 608 674 91 215
34 325 103 61 137
35 713 190 5 31
36 896 864 33 170
37 995 375 89 14
38 393 0 89 215
39 591 61 42 34
40 80 845 76 155
41 499 91 14 27
42 382 339 21 161
43 390 878 1 112
44 463 400 77 47
45 542 136 24 16
46 156 993 3 190
47 489 317 15 183
48 687 97 67 5
49 991 13 47 29
50 552 57 94 201
51 203 449 10 226
52 273 198 22 200
53 824 18 42 63
54 551 767 64 233
55 79 983 46 39
56 613 931 37 109
57 74 347 67 207
58 622 816 19 18
59 225 437 20 148
60 216 767 16 193
61 573 724 13 118
62 112 63 34 229
63 42 152 2 1
64 512 385 83 49
65 165 65 79 226
66 794 720 51 88
67 866 67 2 73
68 270 690 37 43
69 438 821 87 52
70 810 517 77 82
71 805 423 90 116
72 800 231 42 7
73 770 422 22 61
74 400 347 76 94
75 860 968 60 41
76 115 433 36 74
77 693 579 8 20
78 848 87 2 60
79 731 361 22 34
80 472 248 10 150
81 778 619 60 162
82 320 644 40 63
83 686 943 36 126
84 334 124 7 72
85 116 496 28 83
86 994 921 53 119
87 919 794 48 195
88 505 41 77 122
89 569 257 7 102
90 389 429 15 166
91 225 856 94 102
92 214 918 89 4
93 787 415 23 40
94 5 871 63 94
95 776 830 25 124
96 119 906 44 36
97 449 792 35 185
98 550 487 48 223
99 735 236 10 54
100 964 851 0 0
endpoint1 endpoint2 weight
1 2 816
1 3 256
1 4 1101
1 5 656
1 6 582
1 7 584
1 8 717
1 9 1056
1 10 958
1 11 676
1 12 837
1 13 256
1 14 794
1 15 1096
1 16 279
1 17 164
1 18 689
1 19 465
1 20 557
1 21 383
1 22 639
1 23 957
1 24 641
1 25 339
1 26 525
1 27 851
1 28 1051
1 29 634
1 30 911
1 31 563
1 32 280
1 33 668
1 34 631
1 35 257
1 36 763
1 37 274
1 38 572
1 39 367
1 40 1147
1 41 457
1 42 620
1 43 959
1 44 575
1 45 415
1 46 1196
1 47 513
1 48 269
1 49 98
1 50 406
1 51 828
1 52 689
1 53 157
1 54 777
1 55 1241
1 56 895
1 57 914
1 58 787
1 59 803
1 60 993
1 61 729
1 62 844
1 63 915
1 64 525
1 65 791
1 66 637
1 67 97
1 68 902
1 69 884
1 70 438
1 71 353
1 72 201
1 73 368
1 74 606
1 75 870
1 76 903
1 77 543
1 78 109
1 79 341
1 80 505
1 81 545
1 82 834
1 83 882
1 84 622
1 85 927
1 86 818
1 87 691
1 88 455
1 89 416
1 90 653
1 91 1049
1 92 1101
1 93 354
1 94 1221
1 95 748
1 96 1159
1 97 855
1 98 558
1 99 257
1 100 748
2 1 816
2 3 563
2 4 425
2 5 785
2 6 755
2 7 305
2 8 611
2 9 271
2 10 155
2 11 415
2 12 164
2 13 719
2 14 269
2 15 351
2 16 614
2 17 701
2 18 339
2 19 502
2 20 292
2 21 578
2 22 268
2 23 326
2 24 391
2 25 682
2 26 444
2 27 788
2 28 323
2 29 483
2 30 314
2 31 254
2 32 600
2 33 443
2 34 371
2 35 561
2 36 788
2 37 779
2 38 491
2 39 544
2 40 411
2 41 462
2 42 201
2 43 452
2 44 250
2 45 456
2 46 538
2 47 304
2 48 591
2 49 890
2 50 521
2 51 21
2 52 267
2 53 748
2 54 452
2 55 543
2 56 614
2 57 185
2 58 537
2 59 23
2 60 309
2 61 441
2 62 411
2 63 356
2 64 301
2 65 398
2 66 630
2 67 755
2 68 237
2 69 423
2 70 592
2 71 586
2 72 623
2 73 551
2 74 212
2 75 817
2 76 110
2 77 488
2 78 730
2 79 520
2 80 328
2 81 580
2 82 210
2 83 672
2 84 354
2 85 112
2 86 901
2 87 775
2 88 506
2 89 403
2 90 171
2 91 398
2 92 460
2 93 568
2 94 466
2 95 668
2 96 459
2 97 404
2 98 331
2 99 561
2 100 841
3 1 256
3 2 563
3 4 854
3 5 559
3 6 489
3 7 363
3 8 547
3 9 801
3 10 703
3 11 496
3 12 583
3 13 228
3 14 574
3 15 843
3 16 196
3 17 153
3 18 453
3 19 317
3 20 304
3 21 222
3 22 389
3 23 735
3 24 454
3 25 257
3 26 307
3 27 715
3 28 799
3 29 431
3 30 665
3 31 310
3 32 124
3 33 454
3 34 437
3 35 57
3 36 644
3 37 290
3 38 422
3 39 233
3 40 895
3 41 283
3 42 371
3 43 728
3 44 320
3 45 223
3 46 953
3 47 262
3 48 153
3 49 340
3 50 262
3 51 576
3 52 468
3 53 238
3 54 560
3 55 994
3 56 703
3 57 674
3 58 588
3 59 551
3 60 743
3 61 512
3 62 652
3 63 703
3 64 270
3 65 601
3 66 484
3 67 215
3 68 650
3 69 655
3 70 286
3 71 195
3 72 62
3 73 185
3 74 356
3 75 738
3 76 654
3 77 343
3 78 188
3 79 122
3 80 268
3 81 382
3 82 583
3 83 705
3 84 422
3 85 674
3 86 728
3 87 583
3 88 308
3 89 171
3 90 398
3 91 803
3 92 858
3 93 182
3 94 968
3 95 592
3 96 910
3 97 624
3 98 312
3 99 6
3 100 652
4 1 1101
4 2 425
4 3 854
4 5 781
4 6 791
4 7 712
4 8 569
4 9 219
4 10 308
4 11 839
4 12 296
4 13 921
4 14 686
4 15 122
4 16 971
4 17 952
4 18 420
4 19 901
4 20 555
4 21 756
4 22 466
4 23 688
4 24 814
4 25 852
4 26 594
4 27 668
4 28 114
4 29 530
4 30 192
4 31 596
4 32 833
4 33 480
4 34 793
4 35 876
4 36 722
4 37 964
4 38 908
4 39 920
4 40 102
4 41 854
4 42 581
4 43 216
4 44 561
4 45 831
4 46 114
4 47 646
4 48 937
4 49 1192
4 50 907
4 51 433
4 52 690
4 53 1080
4 54 393
4 55 141
4 56 441
4 57 544
4 58 452
4 59 447
4 60 122
4 61 428
4 62 821
4 63 742
4 64 600
4 65 817
4 66 640
4 67 1068
4 68 214
4 69 270
4 70 732
4 71 779
4 72 902
4 73 752
4 74 580
4 75 691
4 76 452
4 77 600
4 78 1041
4 79 762
4 80 700
4 81 658
4 82 278
4 83 515
4 84 774
4 85 390
4 86 820
4 87 750
4 88 903
4 89 738
4 90 501
4 91 56
4 92 54
4 93 770
4 94 171
4 95 604
4 96 62
4 97 289
4 98 544
4 99 855
4 100 790
5 1 656
5 2 785
5 3 559
5 4 781
5 6 75
5 7 797
5 8 212
5 9 874
5 10 843
5 11 973
5 12 676
5 13 401
5 14 962
5 15 849
5 16 755
5 17 508
5 18 453
5 19 850
5 20 539
5 21 340
5 22 521
5 23 1087
5 24 927
5 25 325
5 26 365
5 27 217
5 28 803
5 29 304
5 30 627
5 31 641
5 32 439
5 33 349
5 34 904
5 35 615
5 36 117
5 37 388
5 38 940
5 39 784
5 40 871
5 41 804
5 42 704
5 43 569
5 44 602
5 45 743
5 46 824
5 47 636
5 48 711
5 49 748
5 50 806
5 51 806
5 52 877
5 53 751
5 54 396
5 55 896
5 56 375
5 57 965
5 58 329
5 59 790
5 60 731
5 61 375
5 62 1087
5 63 1089
5 64 573
5 65 1045
5 66 157
5 67 697
5 68 680
5 69 512
5 70 278
5 71 365
5 72 548
5 73 381
5 74 685
5 75 227
5 76 893
5 77 311
5 78 680
5 79 453
5 80 697
5 81 219
5 82 637
5 83 319
5 84 882
5 85 871
5 86 169
5 87 45
5 88 843
5 89 628
5 90 648
5 91 728
5 92 750
5 93 379
5 94 948
5 95 185
5 96 840
5 97 499
5 98 481
5 99 564
5 100 94
6 1 582
6 2 755
6 3 489
6 4 791
6 5 75
6 7 743
6 8 229
6 9 867
6 10 825
6 11 916
6 12 658
6 13 327
6 14 916
6 15 850
6 16 684
6 17 434
6 18 433
6 19 786
6 20 494
6 21 273
6 22 488
6 23 1048
6 24 871
6 25 251
6 26 320
6 27 282
6 28 802
6 29 284
6 30 626
6 31 592
6 32 368
6 33 334
6 34 848
6 35 545
6 36 185
6 37 315
6 38 878
6 39 716
6 40 876
6 41 741
6 42 658
6 43 584
6 44 557
6 45 679
6 46 844
6 47 583
6 48 641
6 49 674
6 50 739
6 51 775
6 52 827
6 53 678
6 54 399
6 55 913
6 56 410
6 57 931
6 58 345
6 59 758
6 60 730
6 61 371
6 62 1037
6 63 1046
6 64 524
6 65 994
6 66 152
6 67 623
6 68 672
6 69 522
6 70 214
6 71 296
6 72 476
6 73 314
6 74 638
6 75 295
6 76 864
6 77 270
6 78 606
6 79 387
6 80 642
6 81 176
6 82 623
6 83 363
6 84 827
6 85 847
6 86 242
6 87 112
6 88 778
6 89 568
6 90 609
6 91 737
6 92 764
6 93 311
6 94 955
6 95 220
6 96 852
6 97 504
6 98 439
6 99 495
6 100 168
7 1 584
7 2 305
7 3 363
7 4 712
7 5 797
7 6 743
7 8 688
7 9 575
7 10 458
7 11 179
7 12 420
7 13 577
7 14 213
7 15 652
7 16 336
7 17 515
7 18 453
7 19 198
7 20 277
7 21 490
7 22 345
7 23 375
7 24 136
7 25 576
7 26 438
7 27 879
7 28 620
7 29 542
7 30 561
7 31 170
7 32 454
7 33 528
7 34 111
7 35 335
7 36 843
7 37 641
7 38 200
7 39 253
7 40 712
7 41 162
7 42 141
7 43 680
7 44 218
7 45 175
7 46 825
7 47 162
7 48 325
7 49 640
7 50 224
7 51 306
7 52 107
7 53 481
7 54 594
7 55 840
7 56 769
7 57 340
7 58 664
7 59 284
7 60 591
7 61 560
7 62 300
7 63 341
7 64 229
7 65 253
7 66 667
7 67 505
7 68 503
7 69 625
7 70 536
7 71 482
7 72 423
7 73 451
7 74 150
7 75 908
7 76 353
7 77 493
7 78 483
7 79 388
7 80 106
7 81 580
7 82 449
7 83 805
7 84 88
7 85 397
7 86 949
7 87 804
7 88 203
7 89 199
7 90 231
7 91 675
7 92 738
7 93 462
7 94 770
7 95 746
7 96 754
7 97 598
7 98 335
7 99 358
7 100 876
8 1 717
8 2 611
8 3 547
8 4 569
8 5 212
8 6 229
8 7 688
8 9 669
8 10 648
8 11 866
8 12 483
8 13 471
8 14 820
8 15 639
8 16 736
8 17 555
8 18 273
8 19 785
8 20 412
8 21 339
8 22 364
8 23 928
8 24 822
8 25 386
8 26 262
8 27 192
8 28 593
8 29 146
8 30 418
8 31 519
8 32 450
8 33 171
8 34 798
8 35 597
8 36 178
8 37 486
8 38 858
8 39 740
8 40 659
8 41 735
8 42 571
8 43 359
8 44 473
8 45 679
8 46 616
8 47 531
8 48 691
8 49 814
8 50 752
8 51 631
8 52 749
8 53 774
8 54 186
8 55 686
8 56 191
8 57 795
8 58 118
8 59 619
8 60 521
8 61 175
8 62 956
8 63 940
8 64 460
8 65 920
8 66 88
8 67 731
8 68 476
8 69 301
8 70 279
8 71 370
8 72 559
8 73 366
8 74 553
8 75 221
8 76 715
8 77 212
8 78 708
8 79 426
8 80 600
8 81 173
8 82 440
8 83 165
8 84 775
8 85 685
8 86 292
8 87 184
8 88 780
8 89 555
8 90 498
8 91 516
8 92 539
8 93 375
8 94 736
8 95 60
8 96 629
8 97 288
8 98 353
8 99 551
8 100 238
9 1 1056
9 2 271
9 3 801
9 4 219
9 5 874
9 6 867
9 7 575
9 8 669
9 10 120
9 11 671
9 12 228
9 13 919
9 14 500
9 15 103
9 16 878
9 17 924
9 18 441
9 19 773
9 20 502
9 21 760
9 22 434
9 23 478
9 24 653
9 25 864
9 26 603
9 27 808
9 28 110
9 29 584
9 30 255
9 31 503
9 32 812
9 33 534
9 34 636
9 35 809
9 36 840
9 37 972
9 38 758
9 39 812
9 40 159
9 41 732
9 42 465
9 43 369
9 44 483
9 45 723
9 46 317
9 47 556
9 48 851
9 49 1138
9 50 791
9 51 271
9 52 528
9 53 1005
9 54 483
9 55 297
9 56 591
9 57 341
9 58 563
9 59 292
9 60 163
9 61 500
9 62 626
9 63 537
9 64 532
9 65 629
9 66 720
9 67 1006
9 68 196
9 69 387
9 70 755
9 71 777
9 72 857
9 73 744
9 74 471
9 75 834
9 76 258
9 77 628
9 78 979
9 79 733
9 80 592
9 81 707
9 82 249
9 83 663
9 84 620
9 85 196
9 86 949
9 87 851
9 88 777
9 89 655
9 90 407
9 91 226
9 92 270
9 93 763
9 94 197
9 95 716
9 96 224
9 97 389
9 98 516
9 99 800
9 100 905
10 1 958
10 2 155
10 3 703
10 4 308
10 5 843
10 6 825
10 7 458
10 8 648
10 9 120
10 11 553
10 12 168
10 13 840
10 14 385
10 15 211
10 16 767
10 17 834
10 18 393
10 19 655
10 20 413
10 21 687
10 22 360
10 23 382
10 24 534
10 25 792
10 26 537
10 27 806
10 28 196
10 29 542
10 30 266
10 31 398
10 32 726
10 33 495
10 34 517
10 35 707
10 36 825
10 37 896
10 38 638
10 39 698
10 40 271
10 41 616
10 42 353
10 43 402
10 44 384
10 45 610
10 46 417
10 47 450
10 48 742
10 49 1036
10 50 675
10 51 152
10 52 409
10 53 898
10 54 468
10 55 408
10 56 604
10 57 237
10 58 553
10 59 175
10 60 211
10 61 474
10 62 516
10 63 434
10 64 435
10 65 515
10 66 686
10 67 902
10 68 185
10 69 398
10 70 690
10 71 700
10 72 761
10 73 666
10 74 361
10 75 834
10 76 146
10 77 571
10 78 876
10 79 646
10 80 481
10 81 657
10 82 208
10 83 671
10 84 501
10 85 83
10 86 937
10 87 825
10 88 660
10 89 550
10 90 305
10 91 297
10 92 352
10 93 684
10 94 316
10 95 700
10 96 329
10 97 390
10 98 437
10 99 702
10 100 885
11 1 676
11 2 415
11 3 496
11 4 839
11 5 973
11 6 916
11 7 179
11 8 866
11 9 671
11 10 553
11 12 560
11 13 722
11 14 187
11 15 761
11 16 400
11 17 643
11 18 626
11 19 214
11 20 455
11 21 656
11 22 519
11 23 323
11 24 46
11 25 732
11 26 616
11 27 1057
11 28 737
11 29 720
11 30 709
11 31 348
11 32 603
11 33 705
11 34 70
11 35 454
11 36 1021
11 37 784
11 38 122
11 39 310
11 40 822
11 41 222
11 42 307
11 43 837
11 44 395
11 45 275
11 46 953
11 47 339
11 48 408
11 49 710
11 50 271
11 51 408
11 52 150
11 53 543
11 54 767
11 55 956
11 56 943
11 57 364
11 58 839
11 59 393
11 60 722
11 61 736
11 62 171
11 63 262
11 64 408
11 65 119
11 66 845
11 67 585
11 68 642
11 69 788
11 70 706
11 71 643
11 72 550
11 73 615
11 74 321
11 75 1086
11 76 419
11 77 671
11 78 568
11 79 547
11 80 276
11 81 756
11 82 597
11 83 982
11 84 92
11 85 477
11 86 1126
11 87 981
11 88 224
11 89 355
11 90 395
11 91 810
11 92 872
11 93 624
11 94 868
11 95 925
11 96 873
11 97 762
11 98 514
11 99 491
11 100 1053
12 1 837
12 2 164
12 3 583
12 4 296
12 5 676
12 6 658
12 7 420
12 8 483
12 9 228
12 10 168
12 11 560
12 13 692
12 14 430
12 15 262
12 16 681
12 17 700
12 18 226
12 19 606
12 20 280
12 21 534
12 22 207
12 23 485
12 24 529
12 25 638
12 26 377
12 27 647
12 28 219
12 29 375
12 30 152
12 31 303
12 32 585
12 33 327
12 34 507
12 35 597
12 36 660
12 37 745
12 38 617
12 39 626
12 40 316
12 41 559
12 42 285
12 43 289
12 44 272
12 45 537
12 46 407
12 47 354
12 48 649
12 49 921
12 50 611
12 51 181
12 52 411
12 53 798
12 54 308
12 55 430
12 56 459
12 57 338
12 58 394
12 59 183
12 60 175
12 61 308
12 62 573
12 63 519
12 64 317
12 65 557
12 66 519
12 67 792
12 68 84
12 69 261
12 70 530
12 71 550
12 72 636
12 73 517
12 74 285
12 75 676
12 76 247
12 77 407
12 78 765
12 79 508
12 80 405
12 81 491
12 82 49
12 83 521
12 84 487
12 85 206
12 86 773
12 87 658
12 88 608
12 89 450
12 90 206
12 91 256
12 92 319
12 93 536
12 94 387
12 95 537
12 96 343
12 97 245
12 98 289
12 99 582
12 100 719
13 1 256
13 2 719
13 3 228
13 4 921
13 5 401
13 6 327
13 7 577
13 8 471
13 9 919
13 10 840
13 11 722
13 12 692
13 14 784
13 15 939
13 16 397
13 17 114
13 18 502
13 19 543
13 20 429
13 21 165
13 22 485
13 23 940
13 24 679
13 25 85
13 26 328
13 27 596
13 28 891
13 29 410
13 30 731
13 31 483
13 32 126
13 33 453
13 34 660
13 35 278
13 36 507
13 37 65
13 38 649
13 39 454
13 40 982
13 41 511
13 42 552
13 43 752
13 44 472
13 45 451
13 46 1003
13 47 446
13 48 360
13 49 351
13 50 487
13 51 736
13 52 680
13 53 358
13 54 559
13 55 1058
13 56 656
13 57 860
13 58 553
13 59 713
13 60 825
13 61 513
13 62 873
13 63 915
13 64 422
13 65 823
13 66 387
13 67 300
13 68 742
13 69 678
13 70 201
13 71 144
13 72 185
13 73 175
13 74 534
13 75 614
13 76 822
13 77 326
13 78 285
13 79 203
13 80 475
13 81 303
13 82 677
13 83 635
13 84 644
13 85 829
13 86 566
13 87 436
13 88 534
13 89 379
13 90 549
13 91 866
13 92 911
13 93 157
13 94 1060
13 95 497
13 96 981
13 97 650
13 98 404
13 99 234
13 100 493
14 1 794
14 2 269
14 3 574
14 4 686
14 5 962
14 6 916
14 7 213
14 8 820
14 9 500
14 10 385
14 11 187
14 12 430
14 13 784
14 15 596
14 16 534
14 17 727
14 18 556
14 19 364
14 20 424
14 21 682
14 22 457
14 23 164
14 24 189
14 25 774
14 26 598
14 27 1008
14 28 577
14 29 678
14 30 581
14 31 325
14 32 659
14 33 651
14 34 184
14 35 547
14 36 989
14 37 848
14 38 300
14 39 445
14 40 655
14 41 349
14 42 259
14 43 718
14 44 360
14 45 380
14 46 798
14 47 344
14 48 530
14 49 845
14 50 410
14 51 256
14 52 107
14 53 681
14 54 689
14 55 792
14 56 860
14 57 178
14 58 770
14 59 248
14 60 574
14 61 667
14 62 144
14 63 133
14 64 394
14 65 132
14 66 818
14 67 711
14 68 505
14 69 682
14 70 719
14 71 678
14 72 634
14 73 644
14 74 278
14 75 1038
14 76 243
14 77 651
14 78 690
14 79 588
14 80 310
14 81 744
14 82 474
14 83 910
14 84 182
14 85 305
14 86 1100
14 87 961
14 88 372
14 89 407
14 90 322
14 91 663
14 92 724
14 93 658
14 94 695
14 95 880
14 96 712
14 97 660
14 98 482
14 99 570
14 100 1032
15 1 1096
15 2 351
15 3 843
15 4 122
15 5 849
15 6 850
15 7 652
15 8 639
15 9 103
15 10 211
15 11 761
15 12 262
15 13 939
15 14 596
15 16 938
15 17 956
15 18 443
15 19 847
15 20 540
15 21 776
15 22 461
15 23 580
15 24 740
15 25 877
15 26 614
15 27 759
15 28 49
15 29 574
15 30 225
15 31 560
15 32 839
15 33 523
15 34 721
15 35 858
15 36 802
15 37 988
15 38 841
15 39 878
15 40 61
15 41 804
15 42 531
15 43 306
15 44 532
15 45 788
15 46 215
15 47 612
15 48 908
15 49 1182
15 50 860
15 51 354
15 52 615
15 53 1058
15 54 454
15 55 197
15 56 535
15 57 441
15 58 525
15 59 373
15 60 120
15 61 480
15 62 725
15 63 638
15 64 578
15 65 726
15 66 700
15 67 1053
15 68 198
15 69 342
15 70 762
15 71 796
15 72 896
15 73 765
15 74 534
15 75 784
15 76 355
15 77 631
15 78 1026
15 79 763
15 80 657
15 81 701
15 82 265
15 83 609
15 84 704
15 85 292
15 86 906
15 87 822
15 88 850
15 89 710
15 90 462
15 91 145
15 92 175
15 93 784
15 94 126
15 95 680
15 96 121
15 97 352
15 98 543
15 99 843
15 100 869
16 1 279
16 2 614
16 3 196
16 4 971
16 5 755
16 6 684
16 7 336
16 8 736
16 9 878
16 10 767
16 11 400
16 12 681
16 13 397
16 14 534
16 15 938
16 17 291
16 18 603
16 19 187
16 20 424
16 21 417
16 22 518
16 23 696
16 24 367
16 25 444
16 26 484
16 27 908
16 28 898
16 29 611
16 30 791
16 31 379
16 32 317
16 33 626
16 34 360
16 35 141
16 36 840
16 37 450
16 38 293
16 39 91
16 40 995
16 41 186
16 42 414
16 43 875
16 44 410
16 45 162
16 46 1077
16 47 327
16 48 45
16 49 313
16 50 130
16 51 621
16 52 433
16 53 148
16 54 726
16 55 1108
16 56 881
16 57 675
16 58 766
16 59 597
16 60 853
16 61 680
16 62 570
16 63 647
16 64 373
16 65 517
16 66 677
16 67 186
16 68 759
16 69 806
16 70 482
16 71 391
16 72 215
16 73 380
16 74 407
16 75 933
16 76 682
16 77 527
16 78 171
16 79 313
16 80 286
16 81 575
16 82 693
16 83 891
16 84 355
16 85 718
16 86 923
16 87 779
16 88 177
16 89 233
16 90 477
16 91 924
16 92 984
16 93 378
16 94 1062
16 95 783
16 96 1022
16 97 775
16 98 454
16 99 191
16 100 847
17 1 164
17 2 701
17 3 153
17 4 952
17 5 508
17 6 434
17 7 515
17 8 555
17 9 924
17 10 834
17 11 643
17 12 700
17 13 114
17 14 727
17 15 956
17 16 291
17 18 535
17 19 451
17 20 423
17 21 220
17 22 496
17 23 887
17 24 602
17 25 185
17 26 366
17 27 695
17 28 910
17 29 471
17 30 761
17 31 451
17 32 121
17 33 507
17 34 586
17 35 190
17 36 611
17 37 160
17 38 560
17 39 357
17 40 1004
17 41 425
17 42 517
17 43 801
17 44 453
17 45 369
17 46 1043
17 47 407
17 48 258
17 49 261
17 50 393
17 51 716
17 52 621
17 53 246
17 54 616
17 55 1092
17 56 732
17 57 823
17 58 624
17 59 691
17 60 848
17 61 568
17 62 803
17 63 856
17 64 402
17 65 751
17 66 476
17 67 189
17 68 759
17 69 726
17 70 276
17 71 190
17 72 94
17 73 208
17 74 500
17 75 715
17 76 797
17 77 381
17 78 173
17 79 193
17 80 420
17 81 383
17 82 692
17 83 719
17 84 572
17 85 812
17 86 675
17 87 541
17 88 441
17 89 323
17 90 532
17 91 898
17 92 949
17 93 192
17 94 1080
17 95 588
17 96 1011
17 97 697
17 98 414
17 99 158
17 100 602
18 1 689
18 2 339
18 3 453
18 4 420
18 5 453
18 6 433
18 7 453
18 8 273
18 9 441
18 10 393
18 11 626
18 12 226
18 13 502
18 14 556
18 15 443
18 16 603
18 17 535
18 19 593
18 20 190
18 21 337
18 22 108
18 23 656
18 24 586
18 25 436
18 26 175
18 27 455
18 28 395
18 29 150
18 30 230
18 31 285
18 32 415
18 33 106
18 34 561
18 35 485
18 36 450
18 37 547
18 38 643
18 39 576
18 40 483
18 41 541
18 42 320
18 43 276
18 44 237
18 45 496
18 46 508
18 47 315
18 48 562
18 49 782
18 50 576
18 51 359
18 52 495
18 53 688
18 54 142
18 55 559
18 56 317
18 57 523
18 58 216
18 59 347
18 60 326
18 61 112
18 62 695
18 63 672
18 64 246
18 65 664
18 66 296
18 67 666
18 68 250
18 69 204
18 70 320
18 71 360
18 72 493
18 73 333
18 74 306
18 75 485
18 76 444
18 77 189
18 78 640
18 79 348
18 80 386
18 81 267
18 82 193
18 83 358
18 84 538
18 85 419
18 86 563
18 87 439
18 88 591
18 89 379
18 90 237
18 91 365
18 92 414
18 93 350
18 94 561
18 95 331
18 96 480
18 97 173
18 98 149
18 99 454
18 100 503
19 1 465
19 2 502
19 3 317
19 4 901
19 5 850
19 6 786
19 7 198
19 8 785
19 9 773
19 10 655
19 11 214
19 12 606
19 13 543
19 14 364
19 15 847
19 16 187
19 17 451
19 18 593
19 20 403
19 21 514
19 22 491
19 23 521
19 24 185
19 25 570
19 26 524
19 27 971
19 28 813
19 29 645
19 30 739
19 31 318
19 32 437
19 33 645
19 34 182
19 35 266
19 36 918
19 37 603
19 38 110
19 39 99
19 40 907
19 41 53
19 42 321
19 43 846
19 44 363
19 45 108
19 46 1013
19 47 279
19 48 201
19 49 497
19 50 60
19 51 504
19 52 274
19 53 330
19 54 731
19 55 1032
19 56 900
19 57 522
19 58 788
19 59 481
19 60 780
19 61 690
19 62 384
19 63 467
19 64 347
19 65 332
19 66 744
19 67 373
19 68 689
19 69 785
19 70 573
19 71 494
19 72 361
19 73 472
19 74 323
19 75 999
19 76 548
19 77 576
19 78 357
19 79 400
19 80 211
19 81 646
19 82 630
19 83 924
19 84 183
19 85 594
19 86 1014
19 87 866
19 88 11
19 89 231
19 90 405
19 91 861
19 92 923
19 93 477
19 94 966
19 95 840
19 96 946
19 97 755
19 98 452
19 99 311
19 100 938
20 1 557
20 2 292
20 3 304
20 4 555
20 5 539
20 6 494
20 7 277
20 8 412
20 9 502
20 10 413
20 11 455
20 12 280
20 13 429
20 14 424
20 15 540
20 16 424
20 17 423
20 18 190
20 19 403
20 21 287
20 22 94
20 23 556
20 24 412
20 25 391
20 26 175
20 27 603
20 28 495
20 29 266
20 30 369
20 31 108
20 32 314
20 33 253
20 34 387
20 35 322
20 36 572
20 37 488
20 38 457
20 39 389
20 40 592
20 41 351
20 42 166
20 43 454
20 44 64
20 45 307
20 46 657
20 47 127
20 48 386
20 49 643
20 50 387
20 51 310
20 52 341
20 53 526
20 54 329
20 55 694
20 56 501
20 57 448
20 58 391
20 59 288
20 60 441
20 61 290
20 62 551
20 63 552
20 64 56
20 65 512
20 66 397
20 67 515
20 68 348
20 69 388
20 70 308
20 71 294
20 72 357
20 73 259
20 74 147
20 75 632
20 76 398
20 77 228
20 78 489
20 79 234
20 80 198
20 81 321
20 82 280
20 83 532
20 84 364
20 85 400
20 86 681
20 87 539
20 88 401
20 89 193
20 90 124
20 91 505
20 92 563
20 93 277
20 94 665
20 95 471
20 96 609
20 97 357
20 98 60
20 99 303
20 100 611
21 1 383
21 2 578
21 3 222
21 4 756
21 5 340
21 6 273
21 7 490
21 8 339
21 9 760
21 10 687
21 11 656
21 12 534
21 13 165
21 14 682
21 15 776
21 16 417
21 17 220
21 18 337
21 19 514
21 20 287
21 22 328
21 23 828
21 24 611
21 25 106
21 26 163
21 27 496
21 28 728
21 29 253
21 30 566
21 31 362
21 32 112
21 33 292
21 34 589
21 35 277
21 36 423
21 37 212
21 38 608
21 39 444
21 40 819
21 41 470
21 42 432
21 43 590
21 44 340
21 45 408
21 46 839
21 47 338
21 48 373
21 49 481
21 50 467
21 51 596
21 52 584
21 53 436
21 54 400
21 55 894
21 56 513
21 57 732
21 58 404
21 59 574
21 60 662
21 61 353
21 62 790
21 63 814
21 64 294
21 65 743
21 66 268
21 67 392
21 68 579
21 69 515
21 70 66
21 71 31
21 72 223
21 73 42
21 74 412
21 75 519
21 76 684
21 77 165
21 78 370
21 79 114
21 80 386
21 81 168
21 82 515
21 83 503
21 84 569
21 85 684
21 86 508
21 87 362
21 88 506
21 89 302
21 90 410
21 91 701
21 92 747
21 93 40
21 94 897
21 95 378
21 96 817
21 97 487
21 98 251
21 99 226
21 100 432
22 1 639
22 2 268
22 3 389
22 4 466
22 5 521
22 6 488
22 7 345
22 8 364
22 9 434
22 10 360
22 11 519
22 12 207
22 13 485
22 14 457
22 15 461
22 16 518
22 17 496
22 18 108
22 19 491
22 20 94
22 21 328
22 23 569
22 24 479
22 25 433
22 26 180
22 27 552
22 28 414
22 29 224
22 30 278
22 31 179
22 32 380
22 33 195
22 34 453
22 35 412
22 36 535
22 37 539
22 38 536
22 39 482
22 40 509
22 41 439
22 42 214
22 43 361
22 44 130
22 45 399
22 46 566
22 47 213
22 48 480
22 49 727
22 50 478
22 51 288
22 52 390
22 53 617
22 54 249
22 55 606
22 56 424
22 57 445
22 58 321
22 59 271
22 60 355
22 61 217
22 62 594
22 63 578
22 64 148
22 65 561
22 66 369
22 67 603
22 68 264
22 69 295
22 70 332
22 71 343
22 72 439
22 73 311
22 74 199
22 75 582
22 76 377
22 77 220
22 78 576
22 79 303
22 80 282
22 81 313
22 82 197
22 83 463
22 84 431
22 85 365
22 86 648
22 87 514
22 88 489
22 89 287
22 90 135
22 91 415
22 92 471
22 93 329
22 94 585
22 95 423
22 96 522
22 97 265
22 98 83
22 99 390
22 100 583
23 1 957
23 2 326
23 3 735
23 4 688
23 5 1087
23 6 1048
23 7 375
23 8 928
23 9 478
23 10 382
23 11 323
23 12 485
23 13 940
23 14 164
23 15 580
23 16 696
23 17 887
23 18 656
23 19 521
23 20 556
23 21 828
23 22 569
23 24 339
23 25 925
23 26 728
23 27 1110
23 28 575
23 29 792
23 30 627
23 31 467
23 32 814
23 33 758
23 34 340
23 35 709
23 36 1103
23 37 1003
23 38 444
23 39 606
23 40 635
23 41 510
23 42 397
23 43 767
23 44 494
23 45 543
23 46 793
23 47 495
23 48 693
23 49 1007
23 50 570
23 51 307
23 52 269
23 53 843
23 54 777
23 55 772
23 56 940
23 57 149
23 58 862
23 59 313
23 60 591
23 61 763
23 62 186
23 63 74
23 64 535
23 65 220
23 66 937
23 67 874
23 68 544
23 69 745
23 70 860
23 71 827
23 72 796
23 73 793
23 74 417
23 75 1140
23 76 245
23 77 779
23 78 853
23 79 741
23 80 469
23 81 873
23 82 533
23 83 997
23 84 342
23 85 303
23 86 1216
23 87 1082
23 88 530
23 89 566
23 90 440
23 91 678
23 92 734
23 93 808
23 94 656
23 95 987
23 96 701
23 97 729
23 98 610
23 99 731
23 100 1151
24 1 641
24 2 391
24 3 454
24 4 814
24 5 927
24 6 871
24 7 136
24 8 822
24 9 653
24 10 534
24 11 46
24 12 529
24 13 679
24 14 189
24 15 740
24 16 367
24 17 602
24 18 586
24 19 185
24 20 412
24 21 611
24 22 479
24 23 339
24 25 688
24 26 571
24 27 1014
24 28 713
24 29 677
24 30 677
24 31 305
24 32 560
24 33 663
24 34 26
24 35 413
24 36 976
24 37 742
24 38 112
24 39 277
24 40 801
24 41 185
24 42 268
24 43 802
24 44 353
24 45 234
24 46 927
24 47 295
24 48 373
24 49 680
24 50 239
24 51 386
24 52 126
24 53 513
24 54 727
24 55 934
24 56 902
24 57 360
24 58 798
24 59 369
24 60 695
24 61 694
24 62 204
24 63 283
24 64 364
24 65 151
24 66 800
24 67 552
24 68 612
24 69 752
24 70 661
24 71 599
24 72 508
24 73 570
24 74 281
24 75 1042
24 76 406
24 77 627
24 78 534
24 79 503
24 80 230
24 81 711
24 82 565
24 83 940
24 84 48
24 85 462
24 86 1081
24 87 936
24 88 194
24 89 310
24 90 357
24 91 782
24 92 845
24 93 579
24 94 850
24 95 881
24 96 849
24 97 725
24 98 470
24 99 449
24 100 1008
25 1 339
25 2 682
25 3 257
25 4 852
25 5 325
25 6 251
25 7 576
25 8 386
25 9 864
25 10 792
25 11 732
25 12 638
25 13 85
25 14 774
25 15 877
25 16 444
25 17 185
25 18 436
25 19 570
25 20 391
25 21 106
25 22 433
25 23 925
25 24 688
25 26 263
25 27 513
25 28 829
25 29 332
25 30 664
25 31 459
25 32 134
25 33 378
25 34 668
25 35 312
25 36 427
25 37 113
25 38 672
25 39 489
25 40 918
25 41 532
25 42 530
25 43 676
25 44 441
25 45 470
25 46 930
25 47 431
25 48 404
25 49 435
25 50 518
25 51 700
25 52 674
25 53 428
25 54 482
25 55 988
25 56 572
25 57 833
25 58 471
25 59 678
25 60 761
25 61 436
25 62 875
25 63 907
25 64 394
25 65 827
25 66 302
25 67 373
25 68 681
25 69 602
25 70 122
25 71 99
25 72 231
25 73 133
25 74 511
25 75 532
25 76 788
25 77 253
25 78 356
25 79 188
25 80 471
25 81 220
25 82 618
25 83 550
25 84 650
25 85 789
25 86 492
25 87 357
25 88 562
25 89 380
25 90 514
25 91 796
25 92 839
25 93 118
25 94 997
25 95 412
25 96 913
25 97 575
25 98 356
25 99 263
25 100 418
26 1 525
26 2 444
26 3 307
26 4 594
26 5 365
26 6 320
26 7 438
26 8 262
26 9 603
26 10 537
26 11 616
26 12 377
26 13 328
26 14 598
26 15 614
26 16 484
26 17 366
26 18 175
26 19 524
26 20 175
26 21 163
26 22 180
26 23 728
26 24 571
26 25 263
26 27 450
26 28 566
26 29 127
26 30 404
26 31 277
26 32 246
26 33 147
26 34 547
26 35 351
26 36 406
26 37 374
26 38 598
26 39 480
26 40 656
26 41 473
26 42 340
26 43 435
26 44 238
26 45 417
26 46 679
26 47 277
26 48 440
26 49 621
26 50 491
26 51 464
26 52 513
26 53 544
26 54 255
26 55 732
26 56 398
26 57 614
26 58 283
26 59 445
26 60 499
26 61 207
26 62 723
26 63 726
26 64 211
26 65 682
26 66 229
26 67 514
26 68 418
26 69 361
26 70 154
26 71 186
26 72 337
26 73 160
26 74 320
26 75 477
26 76 553
26 77 56
26 78 488
26 79 190
26 80 343
26 81 146
26 82 355
26 83 408
26 84 525
26 85 544
26 86 511
26 87 367
26 88 519
26 89 293
26 90 290
26 91 539
26 92 586
26 93 177
26 94 734
26 95 317
26 96 654
26 97 331
26 98 119
26 99 310
26 100 440
27 1 851
27 2 788
27 3 715
27 4 668
27 5 217
27 6 282
27 7 879
27 8 192
27 9 808
27 10 806
27 11 1057
27 12 647
27 13 596
27 14 1008
27 15 759
27 16 908
27 17 695
27 18 455
27 19 971
27 20 603
27 21 496
27 22 552
27 23 1110
27 24 1014
27 25 513
27 26 450
27 28 717
27 29 337
27 30 554
27 31 710
27 32 606
27 33 358
27 34 989
27 35 768
27 36 101
27 37 593
27 38 1047
27 39 921
27 40 766
27 41 922
27 42 761
27 43 455
27 44 664
27 45 864
27 46 685
27 47 721
27 48 864
27 49 947
27 50 936
27 51 808
27 52 939
27 53 930
27 54 340
27 55 761
27 56 227
27 57 973
27 58 254
27 59 799
27 60 649
27 61 348
27 62 1145
27 63 1126
27 64 651
27 65 1111
27 66 232
27 67 881
27 68 625
27 69 421
27 70 431
27 71 526
27 72 718
27 73 530
27 74 744
27 75 30
27 76 888
27 77 396
27 78 861
27 79 596
27 80 790
27 81 334
27 82 601
27 83 154
27 84 966
27 85 853
27 86 158
27 87 173
27 88 966
27 89 741
27 90 687
27 91 621
27 92 626
27 93 535
27 94 838
27 95 133
27 96 722
27 97 420
27 98 544
27 99 719
27 100 158
28 1 1051
28 2 323
28 3 799
28 4 114
28 5 803
28 6 802
28 7 620
28 8 593
28 9 110
28 10 196
28 11 737
28 12 219
28 13 891
28 14 577
28 15 49
28 16 898
28 17 910
28 18 395
28 19 813
28 20 495
28 21 728
28 22 414
28 23 575
28 24 713
28 25 829
28 26 566
28 27 717
28 29 526
28 30 177
28 31 520
28 32 792
28 33 475
28 34 694
28 35 814
28 36 758
28 37 940
28 38 812
28 39 840
28 40 98
28 41 768
28 42 495
28 43 268
28 44 491
28 45 751
28 46 222
28 47 572
28 48 867
28 49 1138
28 50 824
28 51 329
28 52 589
28 53 1016
28 54 408
28 55 221
28 56 496
28 57 431
28 58 481
28 59 345
28 60 73
28 61 432
28 62 710
28 63 629
28 64 535
28 65 708
28 66 653
28 67 1010
28 68 151
28 69 299
28 70 714
28 71 748
28 72 851
28 73 718
28 74 497
28 75 743
28 76 341
28 77 582
28 78 983
28 79 717
28 80 619
28 81 653
28 82 218
28 83 569
28 84 676
28 85 278
28 86 863
28 87 776
28 88 816
28 89 668
28 90 422
28 91 117
28 92 162
28 93 736
28 94 171
28 95 635
28 96 137
28 97 306
28 98 497
28 99 798
28 100 824
29 1 634
29 2 483
29 3 431
29 4 530
29 5 304
29 6 284
29 7 542
29 8 146
29 9 584
29 10 542
29 11 720
29 12 375
29 13 410
29 14 678
29 15 574
29 16 611
29 17 471
29 18 150
29 19 645
29 20 266
29 21 253
29 22 224
29 23 792
29 24 677
29 25 332
29 26 127
29 27 337
29 28 526
29 30 351
29 31 373
29 32 355
29 33 52
29 34 652
29 35 477
29 36 312
29 37 444
29 38 714
29 39 606
29 40 606
29 41 594
29 42 426
29 43 344
29 44 328
29 45 540
29 46 601
29 47 386
29 48 567
29 49 731
29 50 616
29 51 503
29 52 604
29 53 667
29 54 150
29 55 662
29 56 272
29 57 665
29 58 158
29 59 489
29 60 455
29 61 105
29 62 812
29 63 801
29 64 315
29 65 776
29 66 148
29 67 632
29 68 389
29 69 271
29 70 211
29 71 282
29 72 455
29 73 266
29 74 408
29 75 366
29 76 590
29 77 91
29 78 607
29 79 311
29 80 455
29 81 128
29 82 339
29 83 282
29 84 629
29 85 568
29 86 424
29 87 293
29 88 641
29 89 416
29 90 357
29 91 475
29 92 513
29 93 280
29 94 686
29 95 205
29 96 592
29 97 246
29 98 207
29 99 434
29 100 360
30 1 911
30 2 314
30 3 665
30 4 192
30 5 627
30 6 626
30 7 561
30 8 418
30 9 255
30 10 266
30 11 709
30 12 152
30 13 731
30 14 581
30 15 225
30 16 791
30 17 761
30 18 230
30 19 739
30 20 369
30 21 566
30 22 278
30 23 627
30 24 677
30 25 664
30 26 404
30 27 554
30 28 177
30 29 351
30 31 424
30 32 641
30 33 300
30 34 654
30 35 690
30 36 587
30 37 776
30 38 760
30 39 746
30 40 256
30 41 689
30 42 422
30 43 141
30 44 384
30 45 659
30 46 289
30 47 471
30 48 755
30 49 1002
30 50 737
30 51 329
30 52 560
30 53 894
30 54 232
30 55 332
30 56 342
30 57 478
30 58 308
30 59 333
30 60 105
30 61 256
30 62 724
30 63 665
30 64 418
30 65 709
30 66 476
30 67 880
30 68 83
30 69 135
30 70 546
30 71 589
30 72 712
30 73 561
30 74 417
30 75 581
30 76 383
30 77 413
30 78 853
30 79 571
30 80 531
30 81 479
30 82 112
30 83 412
30 84 633
30 85 331
30 86 694
30 87 601
30 88 739
30 89 558
30 90 335
30 91 138
30 92 194
30 93 579
30 94 336
30 95 462
30 96 251
30 97 134
30 98 354
30 99 666
30 100 651
31 1 563
31 2 254
31 3 310
31 4 596
31 5 641
31 6 592
31 7 170
31 8 519
31 9 503
31 10 398
31 11 348
31 12 303
31 13 483
31 14 325
31 15 560
31 16 379
31 17 451
31 18 285
31 19 318
31 20 108
31 21 362
31 22 179
31 23 467
31 24 305
31 25 459
31 26 277
31 27 710
31 28 520
31 29 373
31 30 424
31 32 359
31 33 358
31 34 280
31 35 309
31 36 678
31 37 545
31 38 358
31 39 324
31 40 617
31 41 267
31 42 71
31 43 529
31 44 49
31 45 236
31 46 705
31 47 53
31 48 349
31 49 639
31 50 313
31 51 266
31 52 237
31 53 502
31 54 426
31 55 732
31 56 601
31 57 378
31 58 494
31 59 242
31 60 477
31 61 391
31 62 447
31 63 456
31 64 69
31 65 406
31 66 503
31 67 505
31 68 383
31 69 469
31 70 395
31 71 361
31 72 370
31 73 327
31 74 52
31 75 739
31 76 346
31 77 332
31 78 478
31 79 281
31 80 108
31 81 422
31 82 320
31 83 636
31 84 258
31 85 365
31 86 786
31 87 644
31 88 317
31 89 153
31 90 99
31 91 552
31 92 613
31 93 342
31 94 684
31 95 578
31 96 646
31 97 440
31 98 167
31 99 308
31 100 715
32 1 280
32 2 600
32 3 124
32 4 833
32 5 439
32 6 368
32 7 454
32 8 450
32 9 812
32 10 726
32 11 603
32 12 585
32 13 126
32 14 659
32 15 839
32 16 317
32 17 121
32 18 415
32 19 437
32 20 314
32 21 112
32 22 380
32 23 814
32 24 560
32 25 134
32 26 246
32 27 606
32 28 792
32 29 355
32 30 641
32 31 359
32 33 389
32 34 540
32 35 180
32 36 530
32 37 189
32 38 539
32 39 356
32 40 886
32 41 399
32 42 428
32 43 681
32 44 351
32 45 338
32 46 923
32 47 321
32 48 274
32 49 376
32 50 384
32 51 616
32 52 556
32 53 325
32 54 498
32 55 972
32 56 621
32 57 736
32 58 510
32 59 592
32 60 730
32 61 450
32 62 751
32 63 791
32 64 301
32 65 702
32 66 379
32 67 281
32 68 642
32 69 606
32 70 176
32 71 82
32 72 112
32 73 89
32 74 410
32 75 629
32 76 700
32 77 264
32 78 258
32 79 81
32 80 350
32 81 279
32 82 575
32 83 614
32 84 523
32 85 710
32 86 608
32 87 466
32 88 428
32 89 255
32 90 429
32 91 778
32 92 829
32 93 77
32 94 963
32 95 490
32 96 892
32 97 577
32 98 297
32 99 130
32 100 533
33 1 668
33 2 443
33 3 454
33 4 480
33 5 349
33 6 334
33 7 528
33 8 171
33 9 534
33 10 495
33 11 705
33 12 327
33 13 453
33 14 651
33 15 523
33 16 626
33 17 507
33 18 106
33 19 645
33 20 253
33 21 292
33 22 195
33 23 758
33 24 663
33 25 378
33 26 147
33 27 358
33 28 475
33 29 52
33 30 300
33 31 358
33 32 389
33 34 638
33 35 496
33 36 346
33 37 490
33 38 708
33 39 614
33 40 555
33 41 594
33 42 405
33 43 299
33 44 311
33 45 543
33 46 554
33 47 377
33 48 583
33 49 764
33 50 620
33 51 464
33 52 583
33 53 691
33 54 110
33 55 613
33 56 258
33 57 627
33 58 143
33 59 451
33 60 403
33 61 62
33 62 787
33 63 770
33 64 305
33 65 754
33 66 192
33 67 660
33 68 339
33 69 225
33 70 256
33 71 320
33 72 483
33 73 300
33 74 388
33 75 388
33 76 549
33 77 128
33 78 635
33 79 337
33 80 448
33 81 179
33 82 290
33 83 281
33 84 615
33 85 524
33 86 459
33 87 334
33 88 642
33 89 419
33 90 329
33 91 425
33 92 464
33 93 315
33 94 635
33 95 230
33 96 542
33 97 199
33 98 196
33 99 457
33 100 398
34 1 631
34 2 371
34 3 437
34 4 793
34 5 904
34 6 848
34 7 111
34 8 798
34 9 636
34 10 517
34 11 70
34 12 507
34 13 660
34 14 184
34 15 721
34 16 360
34 17 586
34 18 561
34 19 182
34 20 387
34 21 589
34 22 453
34 23 340
34 24 26
34 25 668
34 26 547
34 27 989
34 28 694
34 29 652
34 30 654
34 31 280
34 32 540
34 33 638
34 35 398
34 36 952
34 37 724
34 38 124
34 39 270
34 40 782
34 41 175
34 42 243
34 43 778
34 44 328
34 45 220
34 46 906
34 47 270
34 48 363
34 49 673
34 50 232
34 51 367
34 52 109
34 53 507
34 54 702
34 55 914
34 56 877
34 57 351
34 58 773
34 59 349
34 60 673
34 61 669
34 62 217
34 63 288
34 64 339
34 65 165
34 66 776
34 67 543
34 68 590
34 69 727
34 70 638
34 71 577
34 72 492
34 73 548
34 74 256
34 75 1018
34 76 392
34 77 602
34 78 524
34 79 482
34 80 207
34 81 687
34 82 542
34 83 915
34 84 23
34 85 446
34 86 1057
34 87 912
34 88 191
34 89 289
34 90 333
34 91 760
34 92 823
34 93 558
34 94 832
34 95 856
34 96 830
34 97 701
34 98 446
34 99 432
34 100 984
35 1 257
35 2 561
35 3 57
35 4 876
35 5 615
35 6 545
35 7 335
35 8 597
35 9 809
35 10 707
35 11 454
35 12 597
35 13 278
35 14 547
35 15 858
35 16 141
35 17 190
35 18 485
35 19 266
35 20 322
35 21 277
35 22 412
35 23 709
35 24 413
35 25 312
35 26 351
35 27 768
35 28 814
35 29 477
35 30 690
35 31 309
35 32 180
35 33 496
35 34 398
35 36 699
35 37 338
35 38 373
35 39 178
35 40 911
35 41 236
35 42 363
35 43 761
35 44 327
35 45 180
35 46 978
35 47 258
35 48 97
35 49 330
35 50 209
35 51 572
35 52 441
35 53 205
35 54 600
35 55 1016
35 56 748
35 57 659
35 58 633
35 59 547
35 60 762
35 61 553
35 62 615
35 63 673
35 64 281
35 65 563
35 66 537
35 67 197
35 68 669
35 69 689
35 70 342
35 71 251
35 72 97
35 73 239
35 74 351
35 75 792
35 76 646
35 77 390
35 78 170
35 79 172
35 80 248
35 81 434
35 82 601
35 83 754
35 84 385
35 85 671
35 86 784
35 87 639
35 88 256
35 89 159
35 90 403
35 91 826
35 92 883
35 93 237
35 94 983
35 95 644
35 96 931
35 97 658
35 98 339
35 99 51
35 100 708
36 1 763
36 2 788
36 3 644
36 4 722
36 5 117
36 6 185
36 7 843
36 8 178
36 9 840
36 10 825
36 11 1021
36 12 660
36 13 507
36 14 989
36 15 802
36 16 840
36 17 611
36 18 450
36 19 918
36 20 572
36 21 423
36 22 535
36 23 1103
36 24 976
36 25 427
36 26 406
36 27 101
36 28 758
36 29 312
36 30 587
36 31 678
36 32 530
36 33 346
36 34 952
36 35 699
36 37 499
36 38 1000
36 39 859
36 40 817
36 41 869
36 42 735
36 43 507
36 44 635
36 45 810
36 46 752
36 47 682
36 48 795
36 49 857
36 50 878
36 51 808
36 52 912
36 53 850
36 54 359
36 55 826
36 56 291
36 57 972
36 58 279
36 59 796
36 60 687
36 61 353
36 62 1121
36 63 1112
36 64 614
36 65 1083
36 66 177
36 67 798
36 68 650
36 69 461
36 70 358
36 71 451
36 72 641
36 73 460
36 74 717
36 75 111
36 76 893
36 77 350
36 78 779
36 79 530
36 80 748
36 81 272
36 82 617
36 83 225
36 84 930
36 85 863
36 86 114
36 87 74
36 88 912
36 89 690
36 90 669
36 91 672
36 92 685
36 93 463
36 94 892
36 95 125
36 96 779
36 97 453
36 98 512
36 99 649
36 100 70
37 1 274
37 2 779
37 3 290
37 4 964
37 5 388
37 6 315
37 7 641
37 8 486
37 9 972
37 10 896
37 11 784
37 12 745
37 13 65
37 14 848
37 15 988
37 16 450
37 17 160
37 18 547
37 19 603
37 20 488
37 21 212
37 22 539
37 23 1003
37 24 742
37 25 113
37 26 374
37 27 593
37 28 940
37 29 444
37 30 776
37 31 545
37 32 189
37 33 490
37 34 724
37 35 338
37 36 499
37 38 710
37 39 512
37 40 1029
37 41 572
37 42 615
37 43 787
37 44 533
37 45 513
37 46 1043
37 47 510
37 48 415
37 49 363
37 50 546
37 51 796
37 52 744
37 53 396
37 54 593
37 55 1100
37 56 675
37 57 922
37 58 578
37 59 773
37 60 873
37 61 548
37 62 937
37 63 979
37 64 484
37 65 887
37 66 400
37 67 334
37 68 791
37 69 714
37 70 234
37 71 196
37 72 243
37 73 230
37 74 596
37 75 609
37 76 882
37 77 365
37 78 324
37 79 265
37 80 539
37 81 327
37 82 727
37 83 647
37 84 708
37 85 888
37 86 547
37 87 426
37 88 594
37 89 443
37 90 609
37 91 908
37 92 952
37 93 212
37 94 1108
37 95 505
37 96 1025
37 97 688
37 98 459
37 99 295
37 100 478
38 1 572
38 2 491
38 3 422
38 4 908
38 5 940
38 6 878
38 7 200
38 8 858
38 9 758
38 10 638
38 11 122
38 12 617
38 13 649
38 14 300
38 15 841
38 16 293
38 17 560
38 18 643
38 19 110
38 20 457
38 21 608
38 22 536
38 23 444
38 24 112
38 25 672
38 26 598
38 27 1047
38 28 812
38 29 714
38 30 760
38 31 358
38 32 539
38 33 708
38 34 124
38 35 373
38 36 1000
38 37 710
38 39 208
38 40 902
38 41 140
38 42 340
38 43 879
38 44 407
38 45 202
38 46 1021
38 47 332
38 48 310
38 49 599
38 50 169
38 51 488
38 52 232
38 53 432
38 54 784
38 55 1032
38 56 957
38 57 472
38 58 848
38 59 469
38 60 788
38 61 747
38 62 288
38 63 383
38 64 403
38 65 238
38 66 825
38 67 478
38 68 701
38 69 823
38 70 665
38 71 591
38 72 468
38 73 566
38 74 348
38 75 1075
38 76 515
38 77 653
38 78 464
38 79 495
38 80 261
38 81 729
38 82 649
38 83 988
38 84 138
38 85 569
38 86 1100
38 87 953
38 88 120
38 89 312
38 90 430
38 91 873
38 92 936
38 93 573
38 94 954
38 95 915
38 96 947
38 97 794
38 98 512
38 99 416
38 100 1025
39 1 367
39 2 544
39 3 233
39 4 920
39 5 784
39 6 716
39 7 253
39 8 740
39 9 812
39 10 698
39 11 310
39 12 626
39 13 454
39 14 445
39 15 878
39 16 91
39 17 357
39 18 576
39 19 99
39 20 389
39 21 444
39 22 482
39 23 606
39 24 277
39 25 489
39 26 480
39 27 921
39 28 840
39 29 606
39 30 746
39 31 324
39 32 356
39 33 614
39 34 270
39 35 178
39 36 859
39 37 512
39 38 208
39 40 936
39 41 97
39 42 348
39 43 842
39 44 363
39 45 90
39 46 1029
39 47 276
39 48 103
39 49 403
39 50 40
39 51 549
39 52 347
39 53 237
39 54 708
39 55 1055
39 56 871
39 57 591
39 58 756
39 59 525
39 60 800
39 61 664
39 62 480
39 63 557
39 64 334
39 65 427
39 66 690
39 67 276
39 68 707
39 69 776
39 70 506
39 71 421
39 72 270
39 73 403
39 74 344
39 75 947
39 76 605
39 77 528
39 78 259
39 79 332
39 80 222
39 81 589
39 82 643
39 83 888
39 84 265
39 85 645
39 86 950
39 87 804
39 88 89
39 89 198
39 90 420
39 91 876
39 92 937
39 93 405
39 94 1000
39 95 791
39 96 968
39 97 745
39 98 428
39 99 227
39 100 874
40 1 1147
40 2 411
40 3 895
40 4 102
40 5 871
40 6 876
40 7 712
40 8 659
40 9 159
40 10 271
40 11 822
40 12 316
40 13 982
40 14 655
40 15 61
40 16 995
40 17 1004
40 18 483
40 19 907
40 20 592
40 21 819
40 22 509
40 23 635
40 24 801
40 25 918
40 26 656
40 27 766
40 28 98
40 29 606
40 30 256
40 31 617
40 32 886
40 33 555
40 34 782
40 35 911
40 36 817
40 37 1029
40 38 902
40 39 936
40 41 863
40 42 590
40 43 312
40 44 588
40 45 847
40 46 167
40 47 668
40 48 964
40 49 1234
40 50 919
40 51 415
40 52 676
40 53 1113
40 54 478
40 55 139
40 56 540
40 57 499
40 58 543
40 59 433
40 60 157
40 61 508
40 62 783
40 63 695
40 64 632
40 65 785
40 66 725
40 67 1106
40 68 246
40 69 359
40 70 801
40 71 839
40 72 947
40 73 810
40 74 592
40 75 790
