nnodes nedges type capacity P s t
100  4950  graph  1000 100 1 100 
nodename posx posy itemvalue itemweight
1 948 161 0 0
2 257 98 196 57
3 251 313 434 9
4 381 97 209 210
5 426 203 54 73
6 216 238 275 44
7 13 538 11 126
8 18 885 191 58
9 389 679 439 226
10 600 878 34 164
11 885 746 34 118
12 100 235 427 203
13 147 684 241 17
14 610 515 460 158
15 830 819 392 15
16 743 778 80 33
17 332 0 204 25
18 876 935 192 137
19 666 609 135 2
20 384 444 448 40
21 812 600 325 74
22 682 178 185 187
23 490 701 449 125
24 63 231 97 137
25 732 15 100 232
26 462 618 153 235
27 761 562 451 181
28 853 908 438 191
29 598 815 197 147
30 424 429 200 190
31 634 167 263 131
32 207 318 223 217
33 520 436 257 164
34 253 538 455 142
35 45 989 165 153
36 982 210 283 91
37 941 665 476 218
38 388 432 380 27
39 718 803 342 226
40 15 802 15 192
41 819 477 457 167
42 420 932 426 9
43 391 625 450 215
44 841 342 449 146
45 441 617 111 250
46 771 427 86 124
47 136 330 131 160
48 746 8 340 137
49 766 351 425 44
50 546 164 130 191
51 341 529 48 163
52 726 282 134 126
53 546 114 380 13
54 66 264 152 73
55 269 434 340 18
56 66 88 366 148
57 263 839 185 42
58 21 7 406 236
59 464 214 6 206
60 349 257 483 219
61 183 472 205 170
62 685 319 342 85
63 802 783 79 33
64 680 921 74 105
65 134 226 326 203
66 437 827 296 226
67 107 163 467 31
68 462 5 101 198
69 277 880 293 104
70 621 898 271 234
71 314 40 121 136
72 987 578 131 157
73 879 360 279 36
74 937 695 142 137
75 574 286 241 125
76 953 757 105 47
77 110 990 44 48
78 428 264 132 225
79 773 108 330 205
80 185 259 181 7
81 687 622 259 78
82 87 146 232 226
83 137 549 108 184
84 152 766 423 150
85 429 773 287 193
86 665 96 383 10
87 813 652 181 115
88 26 692 416 209
89 12 963 252 160
90 740 938 95 94
91 601 45 386 199
92 695 711 141 31
93 35 123 348 22
94 975 808 255 177
95 584 513 328 186
96 67 271 36 86
97 487 154 263 17
98 417 625 311 121
99 55 569 303 86
100 391 837 0 0
endpoint1 endpoint2 weight
1 2 694
1 3 714
1 4 571
1 5 524
1 6 737
1 7 1009
1 8 1179
1 9 763
1 10 797
1 11 589
1 12 852
1 13 957
1 14 490
1 15 669
1 16 651
1 17 637
1 18 778
1 19 530
1 20 632
1 21 460
1 22 267
1 23 709
1 24 888
1 25 261
1 26 668
1 27 443
1 28 754
1 29 742
1 30 589
1 31 315
1 32 758
1 33 509
1 34 791
1 35 1226
1 36 60
1 37 505
1 38 623
1 39 682
1 40 1132
1 41 342
1 42 935
1 43 725
1 44 211
1 45 682
1 46 320
1 47 830
1 48 254
1 49 264
1 50 403
1 51 710
1 52 253
1 53 405
1 54 888
1 55 732
1 56 886
1 57 964
1 58 940
1 59 487
1 60 607
1 61 826
1 62 307
1 63 639
1 64 806
1 65 817
1 66 840
1 67 842
1 68 511
1 69 984
1 70 807
1 71 646
1 72 419
1 73 211
1 74 535
1 75 395
1 76 597
1 77 1179
1 78 531
1 79 183
1 80 770
1 81 530
1 82 862
1 83 900
1 84 1000
1 85 803
1 86 291
1 87 510
1 88 1064
1 89 1233
1 90 805
1 91 366
1 92 606
1 93 914
1 94 648
1 95 507
1 96 888
1 97 462
1 98 706
1 99 982
1 100 876
2 1 694
2 3 216
2 4 125
2 5 199
2 6 146
2 7 504
2 8 823
2 9 596
2 10 853
2 11 903
2 12 209
2 13 597
2 14 547
2 15 921
2 16 836
2 17 124
2 18 1042
2 19 655
2 20 369
2 21 749
2 22 433
2 23 647
2 24 236
2 25 483
2 26 559
2 27 686
2 28 1006
2 29 794
2 30 371
2 31 384
2 32 226
2 33 429
2 34 441
2 35 916
2 36 734
2 37 889
2 38 359
2 39 843
2 40 745
2 41 678
2 42 850
2 43 544
2 44 633
2 45 551
2 46 611
2 47 262
2 48 498
2 49 569
2 50 297
2 51 440
2 52 504
2 53 290
2 54 254
2 55 337
2 56 192
2 57 742
2 58 253
2 59 238
2 60 184
2 61 382
2 62 482
2 63 876
2 64 926
2 65 178
2 66 751
2 67 164
2 68 226
2 69 783
2 70 879
2 71 82
2 72 874
2 73 675
2 74 905
2 75 369
2 76 959
2 77 905
2 78 239
2 79 517
2 80 177
2 81 678
2 82 177
2 83 467
2 84 677
2 85 697
2 86 409
2 87 785
2 88 638
2 89 900
2 90 969
2 91 349
2 92 754
2 93 224
2 94 1010
2 95 529
2 96 257
2 97 237
2 98 551
2 99 513
2 100 752
3 1 714
3 2 216
3 4 253
3 5 207
3 6 83
3 7 328
3 8 618
3 9 392
3 10 665
3 11 768
3 12 170
3 13 386
3 14 412
3 15 769
3 16 677
3 17 324
3 18 882
3 19 510
3 20 187
3 21 631
3 22 452
3 23 456
3 24 206
3 25 566
3 26 371
3 27 568
3 28 847
3 29 611
3 30 209
3 31 410
3 32 45
3 33 296
3 34 226
3 35 707
3 36 739
3 37 775
3 38 182
3 39 677
3 40 543
3 41 592
3 42 642
3 43 342
3 44 591
3 45 359
3 46 533
3 47 117
3 48 582
3 49 517
3 50 331
3 51 234
3 52 477
3 53 356
3 54 192
3 55 123
3 56 292
3 57 527
3 58 383
3 59 235
3 60 113
3 61 173
3 62 435
3 63 725
3 64 745
3 65 146
3 66 547
3 67 208
3 68 374
3 69 568
3 70 693
3 71 281
3 72 783
3 73 630
3 74 786
3 75 325
3 76 831
3 77 692
3 78 184
3 79 561
3 80 86
3 81 535
3 82 235
3 83 263
3 84 464
3 85 494
3 86 468
3 87 657
3 88 441
3 89 693
3 90 794
3 91 441
3 92 597
3 93 288
3 94 878
3 95 389
3 96 189
3 97 285
3 98 354
3 99 323
3 100 543
4 1 571
4 2 125
4 3 253
4 5 116
4 6 218
4 7 575
4 8 868
4 9 583
4 10 812
4 11 822
4 12 314
4 13 632
4 14 477
4 15 851
4 16 772
4 17 109
4 18 974
4 19 586
4 20 348
4 21 663
4 22 312
4 23 614
4 24 346
4 25 361
4 26 528
4 27 601
4 28 939
4 29 751
4 30 335
4 31 263
4 32 282
4 33 367
4 34 460
4 35 954
4 36 612
4 37 798
4 38 336
4 39 783
4 40 795
4 41 580
4 42 836
4 43 529
4 44 522
4 45 524
4 46 511
4 47 339
4 48 376
4 49 462
4 50 179
4 51 434
4 52 392
4 53 166
4 54 357
4 55 356
4 56 316
4 57 752
4 58 372
4 59 144
4 60 164
4 61 425
4 62 377
4 63 805
4 64 877
4 65 279
4 66 733
4 67 282
4 68 123
4 69 790
4 70 837
4 71 88
4 72 774
4 73 564
4 74 817
4 75 271
4 76 874
4 77 934
4 78 174
4 79 393
4 80 255
4 81 608
4 82 299
4 83 514
4 84 708
4 85 678
4 86 285
4 87 704
4 88 693
4 89 942
4 90 915
4 91 227
4 92 690
4 93 347
4 94 927
4 95 463
4 96 359
4 97 121
4 98 530
4 99 574
4 100 741
5 1 524
5 2 199
5 3 207
5 4 116
5 6 213
5 7 532
5 8 795
5 9 478
5 10 698
5 11 712
5 12 328
5 13 557
5 14 363
5 15 737
5 16 657
5 17 224
5 18 860
5 19 472
5 20 245
5 21 554
5 22 258
5 23 503
5 24 365
5 25 360
5 26 417
5 27 492
5 28 825
5 29 636
5 30 227
5 31 212
5 32 248
5 33 252
5 34 378
5 35 874
5 36 557
5 37 692
5 38 233
5 39 668
5 40 727
5 41 480
5 42 730
5 43 424
5 44 438
5 45 415
5 46 412
5 47 317
5 48 375
5 49 371
5 50 127
5 51 337
5 52 311
5 53 150
5 54 366
5 55 280
5 56 378
5 57 657
5 58 450
5 59 40
5 60 95
5 61 363
5 62 284
5 63 692
5 64 762
5 65 293
5 66 625
5 67 322
5 68 202
5 69 694
5 70 722
5 71 198
5 72 675
5 73 480
5 74 710
5 75 170
5 76 765
5 77 849
5 78 62
5 79 360
5 80 248
5 81 494
5 82 344
5 83 451
5 84 627
5 85 571
5 86 262
5 87 593
5 88 632
5 89 866
5 90 800
5 91 236
5 92 575
5 93 400
5 94 817
5 95 348
5 96 366
5 97 79
5 98 423
5 99 522
5 100 635
6 1 737
6 2 146
6 3 83
6 4 218
6 5 213
6 7 363
6 8 677
6 9 474
6 10 747
6 11 841
6 12 117
6 13 452
6 14 482
6 15 846
6 16 755
6 17 265
6 18 960
6 19 584
6 20 266
6 21 698
6 22 470
6 23 539
6 24 154
6 25 563
6 26 453
6 27 635
6 28 925
6 29 692
6 30 283
6 31 424
6 32 81
6 33 363
6 34 303
6 35 771
6 36 767
6 37 842
6 38 260
6 39 756
6 40 599
6 41 649
6 42 724
6 43 425
6 44 634
6 45 441
6 46 587
6 47 122
6 48 578
6 49 562
6 50 339
6 51 317
6 52 512
6 53 353
6 54 153
6 55 204
6 56 213
6 57 603
6 58 303
6 59 250
6 60 135
6 61 237
6 62 476
6 63 801
6 64 826
6 65 83
6 66 630
6 67 133
6 68 339
6 69 645
6 70 775
6 71 221
6 72 843
6 73 675
6 74 854
6 75 362
6 76 902
6 77 760
6 78 214
6 79 572
6 80 38
6 81 608
6 82 159
6 83 321
6 84 532
6 85 576
6 86 471
6 87 727
6 88 493
6 89 754
6 90 875
6 91 431
6 92 674
6 93 215
6 94 950
6 95 460
6 96 153
6 97 284
6 98 437
6 99 369
6 100 625
7 1 1009
7 2 504
7 3 328
7 4 575
7 5 532
7 6 363
7 8 348
7 9 402
7 10 679
7 11 897
7 12 316
7 13 199
7 14 598
7 15 864
7 16 769
7 17 626
7 18 950
7 19 657
7 20 383
7 21 802
7 22 760
7 23 505
7 24 312
7 25 890
7 26 457
7 27 749
7 28 918
7 29 648
7 30 426
7 31 724
7 32 294
7 33 518
7 34 240
7 35 453
7 36 1024
7 37 937
7 38 390
7 39 754
7 40 265
7 41 809
7 42 567
7 43 388
7 44 851
7 45 436
7 46 767
7 47 242
7 48 905
7 49 776
7 50 652
7 51 329
7 52 758
7 53 682
7 54 280
7 55 277
7 56 454
7 57 392
7 58 532
7 59 556
7 60 439
7 61 183
7 62 707
7 63 827
7 64 770
7 65 335
7 66 514
7 67 387
7 68 697
7 69 433
7 70 707
7 71 582
7 72 975
7 73 885
7 74 938
7 75 615
7 76 966
7 77 463
7 78 498
7 79 874
7 80 328
7 81 680
7 82 399
7 83 125
7 84 268
7 85 478
7 86 788
7 87 809
7 88 155
7 89 426
7 90 830
7 91 768
7 92 704
7 93 416
7 94 1000
7 95 572
7 96 273
7 97 611
7 98 414
7 99 53
7 100 482
8 1 1179
8 2 823
8 3 618
8 4 868
8 5 795
8 6 677
8 7 348
8 9 425
8 10 583
8 11 879
8 12 656
8 13 239
8 14 699
8 15 815
8 16 733
8 17 940
8 18 860
8 19 705
8 20 574
8 21 844
8 22 970
8 23 507
8 24 656
8 25 1126
8 26 519
8 27 811
8 28 836
8 29 585
8 30 611
8 31 947
8 32 598
8 33 674
8 34 420
8 35 108
8 36 1177
8 37 949
8 38 585
8 39 705
8 40 84
8 41 899
8 42 405
8 43 455
8 44 986
8 45 501
8 46 882
8 47 568
8 48 1140
8 49 920
8 50 894
8 51 481
8 52 930
8 53 935
8 54 623
8 55 517
8 56 799
8 57 250
8 58 879
8 59 806
8 60 710
8 61 445
8 62 875
8 63 791
8 64 663
8 65 670
8 66 423
8 67 728
8 68 986
8 69 260
8 70 604
8 71 896
8 72 1017
8 73 1009
8 74 939
8 75 818
8 76 944
8 77 140
8 78 745
8 79 1084
8 80 648
8 81 719
8 82 743
8 83 357
8 84 180
8 85 426
8 86 1021
8 87 829
8 88 194
8 89 79
8 90 724
8 91 1023
8 92 700
8 93 763
8 94 961
8 95 678
8 96 616
8 97 869
8 98 477
8 99 319
8 100 377
9 1 763
9 2 596
9 3 392
9 4 583
9 5 478
9 6 474
9 7 402
9 8 425
9 10 291
9 11 501
9 12 530
9 13 243
9 14 276
9 15 463
9 16 368
9 17 682
9 18 551
9 19 286
9 20 236
9 21 431
9 22 581
9 23 104
9 24 555
9 25 748
9 26 96
9 27 390
9 28 518
9 29 250
9 30 253
9 31 568
9 32 405
9 33 277
9 34 196
9 35 464
9 36 757
9 37 553
9 38 248
9 39 352
9 40 394
9 41 476
9 42 255
9 43 55
9 44 564
9 45 81
9 46 458
9 47 432
9 48 761
9 49 500
9 50 539
9 51 158
9 52 521
9 53 587
9 54 526
9 55 273
9 56 674
9 57 204
9 58 767
9 59 472
9 60 424
9 61 293
9 62 467
9 63 426
9 64 379
9 65 520
9 66 156
9 67 589
9 68 678
9 69 231
9 70 320
9 71 644
9 72 607
9 73 585
9 74 549
9 75 435
9 76 570
9 77 418
9 78 417
9 79 689
9 80 467
9 81 304
9 82 613
9 83 284
9 84 253
9 85 103
9 86 646
9 87 425
9 88 364
9 89 473
9 90 437
9 91 669
9 92 308
9 93 660
9 94 601
9 95 257
9 96 520
9 97 535
9 98 61
9 99 352
9 100 159
10 1 797
10 2 853
10 3 665
10 4 812
10 5 698
10 6 747
10 7 679
10 8 583
10 9 291
10 11 315
10 12 815
10 13 493
10 14 364
10 15 238
10 16 175
10 17 918
10 18 282
10 19 277
10 20 485
10 21 350
10 22 705
10 23 209
10 24 841
10 25 874
10 26 295
10 27 355
10 28 255
10 29 64
10 30 483
10 31 712
10 32 685
10 33 450
10 34 486
10 35 566
10 36 770
10 37 403
10 38 494
10 39 140
10 40 590
10 41 457
10 42 188
10 43 329
10 44 588
10 45 306
10 46 483
10 47 719
10 48 883
10 49 553
10 50 717
10 51 435
10 52 610
10 53 766
10 54 814
10 55 554
10 56 954
10 57 340
10 58 1046
10 59 678
10 60 670
10 61 583
10 62 566
10 63 224
10 64 91
10 65 802
10 66 171
10 67 869
10 68 884
10 69 324
10 70 29
10 71 886
10 72 490
10 73 589
10 74 384
10 75 593
10 76 374
10 77 503
10 78 638
10 79 790
10 80 746
10 81 271
10 82 894
10 83 568
10 84 462
10 85 201
10 86 785
10 87 311
10 88 604
10 89 595
10 90 153
10 91 834
10 92 193
10 93 944
10 94 382
10 95 366
10 96 808
10 97 733
10 98 313
10 99 627
10 100 213
11 1 589
11 2 903
11 3 768
11 4 822
11 5 712
11 6 841
11 7 897
11 8 879
11 9 501
11 10 315
11 12 937
11 13 741
11 14 360
11 15 92
11 16 146
11 17 929
11 18 190
11 19 259
11 20 585
11 21 164
11 22 604
11 23 398
11 24 971
11 25 747
11 26 442
11 27 222
11 28 166
11 29 296
11 30 560
11 31 632
11 32 802
11 33 479
11 34 666
11 35 875
11 36 545
11 37 99
11 38 588
11 39 177
11 40 872
11 41 277
11 42 501
11 43 509
11 44 407
11 45 463
11 46 339
11 47 857
11 48 751
11 49 413
11 50 674
11 51 586
11 52 491
11 53 718
11 54 951
11 55 691
11 56 1051
11 57 629
11 58 1137
11 59 679
11 60 726
11 61 754
11 62 472
11 63 91
11 64 270
11 65 914
11 66 456
11 67 973
11 68 854
11 69 623
11 70 305
11 71 909
11 72 197
11 73 387
11 74 73
11 75 556
11 76 69
11 77 813
11 78 665
11 79 648
11 80 853
11 81 234
11 82 999
11 83 774
11 84 734
11 85 457
11 86 687
11 87 119
11 88 861
11 89 900
11 90 241
11 91 757
11 92 194
11 93 1054
11 94 110
11 95 381
11 96 946
11 97 714
11 98 484
11 99 849
11 100 503
12 1 852
12 2 209
12 3 170
12 4 314
12 5 328
12 6 117
12 7 316
12 8 656
12 9 530
12 10 815
12 11 937
12 13 452
12 14 582
12 15 935
12 16 842
12 17 331
12 18 1046
12 19 679
12 20 353
12 21 801
12 22 585
12 23 608
12 24 38
12 25 670
12 26 528
12 27 738
12 28 1010
12 29 765
12 30 378
12 31 539
12 32 136
12 33 466
12 34 340
12 35 757
12 36 883
12 37 945
12 38 349
12 39 840
12 40 574
12 41 759
12 42 767
12 43 487
12 44 749
12 45 513
12 46 698
12 47 102
12 48 685
12 49 677
12 50 452
12 51 381
12 52 628
12 53 463
12 54 45
12 55 262
12 56 151
12 57 626
12 58 242
12 59 365
12 60 250
12 61 252
12 62 591
12 63 891
12 64 899
12 65 36
12 66 682
12 67 73
12 68 429
12 69 669
12 70 844
12 71 290
12 72 952
12 73 789
12 74 956
12 75 477
12 76 1001
12 77 756
12 78 330
12 79 685
12 80 89
12 81 704
12 82 90
12 83 317
12 84 534
12 85 631
12 86 582
12 87 826
12 88 463
12 89 734
12 90 951
12 91 536
12 92 762
12 93 130
12 94 1046
12 95 559
12 96 49
12 97 396
12 98 503
12 99 338
12 100 669
13 1 957
13 2 597
13 3 386
13 4 632
13 5 557
13 6 452
13 7 199
13 8 239
13 9 243
13 10 493
13 11 741
13 12 452
13 14 493
13 15 697
13 16 604
13 17 709
13 18 772
13 19 525
13 20 338
13 21 671
13 22 737
13 23 344
13 24 461
13 25 889
13 26 322
13 27 627
13 28 741
13 29 470
13 30 377
13 31 711
13 32 371
13 33 448
13 34 181
13 35 322
13 36 961
13 37 795
13 38 349
13 39 584
13 40 178
13 41 704
13 42 369
13 43 252
13 44 774
13 45 302
13 46 675
13 47 355
13 48 904
13 49 703
13 50 656
13 51 249
13 52 705
13 53 696
13 54 428
13 55 279
13 56 602
13 57 194
13 58 689
13 59 567
13 60 473
13 61 216
13 62 651
13 63 663
13 64 584
13 65 459
13 66 324
13 67 523
13 68 749
13 69 236
13 70 521
13 71 666
13 72 847
13 73 801
13 74 791
13 75 584
13 76 810
13 77 309
13 78 506
13 79 851
13 80 427
13 81 544
13 82 542
13 83 136
13 84 83
13 85 296
13 86 784
13 87 667
13 88 122
13 89 310
13 90 646
13 91 784
13 92 549
13 93 573
13 94 838
13 95 470
13 96 421
13 97 630
13 98 277
13 99 148
13 100 289
14 1 490
14 2 547
14 3 412
14 4 477
14 5 363
14 6 482
14 7 598
14 8 699
14 9 276
14 10 364
14 11 360
14 12 582
14 13 493
14 15 376
14 16 295
14 17 586
14 18 498
14 19 110
14 20 237
14 21 220
14 22 345
14 23 222
14 24 617
14 25 515
14 26 181
14 27 159
14 28 463
14 29 301
14 30 205
14 31 349
14 32 449
14 33 120
14 34 358
14 35 738
14 36 482
14 37 364
14 38 238
14 39 308
14 40 661
14 41 213
14 42 459
14 43 246
14 44 289
14 45 198
14 46 184
14 47 509
14 48 525
14 49 227
14 50 357
14 51 270
14 52 261
14 53 407
14 54 600
14 55 351
14 56 692
14 57 475
14 58 778
14 59 335
14 60 367
14 61 430
14 62 210
14 63 330
14 64 412
14 65 557
14 66 357
14 67 614
14 68 532
14 69 495
14 70 384
14 71 560
14 72 383
14 73 311
14 74 374
14 75 232
14 76 420
14 77 690
14 78 311
14 79 439
14 80 497
14 81 132
14 82 641
14 83 475
14 84 523
14 85 316
14 86 423
14 87 245
14 88 611
14 89 748
14 90 443
14 91 471
14 92 214
14 93 696
14 94 469
14 95 27
14 96 596
14 97 382
14 98 223
14 99 558
14 100 390
15 1 669
15 2 921
15 3 769
15 4 851
15 5 737
15 6 846
15 7 864
15 8 815
15 9 463
15 10 238
15 11 92
15 12 935
15 13 697
15 14 376
15 16 97
15 17 959
15 18 125
15 19 267
15 20 583
15 21 220
15 22 658
15 23 360
15 24 967
15 25 810
15 26 420
15 27 267
15 28 92
15 29 233
15 30 563
15 31 681
15 32 800
15 33 493
15 34 642
15 35 804
15 36 628
15 37 190
15 38 588
15 39 114
15 40 816
15 41 343
15 42 426
15 43 480
15 44 478
15 45 439
15 46 397
15 47 849
15 48 816
15 49 473
15 50 714
15 51 569
15 52 547
15 53 761
15 54 945
15 55 681
15 56 1058
15 57 568
15 58 1147
15 59 708
15 60 740
15 61 735
15 62 521
15 63 46
15 64 182
15 65 915
15 66 394
15 67 977
15 68 894
15 69 557
15 70 224
15 71 935
15 72 288
15 73 462
15 74 164
15 75 592
15 76 138
15 77 741
15 78 686
15 79 714
15 80 855
15 81 244
15 82 1003
15 83 744
15 84 681
15 85 404
15 86 742
15 87 168
15 88 814
15 89 831
15 90 150
15 91 808
15 92 173
15 93 1057
15 94 146
15 95 393
15 96 940
15 97 749
15 98 457
15 99 815
15 100 440
16 1 651
16 2 836
16 3 677
16 4 772
16 5 657
16 6 755
16 7 769
16 8 733
16 9 368
16 10 175
16 11 146
16 12 842
16 13 604
16 14 295
16 15 97
16 17 880
16 18 206
16 19 186
16 20 491
16 21 191
16 22 604
16 23 265
16 24 873
16 25 764
16 26 324
16 27 217
16 28 171
16 29 150
16 30 473
16 31 621
16 32 707
16 33 409
16 34 546
16 35 730
16 36 617
16 37 228
16 38 496
16 39 36
16 40 729
16 41 311
16 42 358
16 43 384
16 44 447
16 45 343
16 46 353
16 47 755
16 48 771
16 49 428
16 50 645
16 51 473
16 52 497
16 53 693
16 54 851
16 55 586
16 56 967
16 57 484
16 58 1057
16 59 630
16 60 654
16 61 639
16 62 463
16 63 60
16 64 157
16 65 822
16 66 310
16 67 885
16 68 823
16 69 478
16 70 172
16 71 854
16 72 316
16 73 440
16 74 212
16 75 521
16 76 212
16 77 668
16 78 603
16 79 671
16 80 763
16 81 166
16 82 911
16 83 648
16 84 592
16 85 315
16 86 687
16 87 145
16 88 723
16 89 755
16 90 161
16 91 747
16 92 83
16 93 965
16 94 234
16 95 310
16 96 845
16 97 675
16 98 361
16 99 720
16 100 357
17 1 637
17 2 124
17 3 324
17 4 109
17 5 224
17 6 265
17 7 626
17 8 940
17 9 682
17 10 918
17 11 929
17 12 331
17 13 709
17 14 586
17 15 959
17 16 880
17 18 1082
17 19 695
17 20 448
17 21 769
17 22 393
17 23 719
17 24 355
17 25 401
17 26 632
17 27 708
17 28 1047
17 29 858
17 30 439
17 31 346
17 32 342
17 33 475
17 34 544
17 35 1030
17 36 684
17 37 902
17 38 436
17 39 891
17 40 863
17 41 682
17 42 937
17 43 628
17 44 614
17 45 627
17 46 613
17 47 384
17 48 415
17 49 559
17 50 270
17 51 530
17 52 485
17 53 243
17 54 375
17 55 439
17 56 281
17 57 842
17 58 312
17 59 252
17 60 258
17 61 495
17 62 476
17 63 914
17 64 985
17 65 301
17 66 834
17 67 278
17 68 131
17 69 882
17 70 944
17 71 44
17 72 874
17 73 655
17 74 922
17 75 375
17 76 980
17 77 1015
17 78 281
17 79 455
17 80 298
17 81 717
17 82 286
17 83 583
17 84 787
17 85 780
17 86 347
17 87 811
17 88 757
17 89 1015
17 90 1023
17 91 273
17 92 799
17 93 322
17 94 1033
17 95 572
17 96 380
17 97 219
17 98 631
17 99 633
17 100 840
18 1 778
18 2 1042
18 3 882
18 4 974
18 5 860
18 6 960
18 7 950
18 8 860
18 9 551
18 10 282
18 11 190
18 12 1046
18 13 772
18 14 498
18 15 125
18 16 206
18 17 1082
18 19 388
18 20 696
18 21 342
18 22 782
18 23 452
18 24 1076
18 25 932
18 26 522
18 27 391
18 28 36
18 29 303
18 30 679
18 31 806
18 32 911
18 33 613
18 34 739
18 35 833
18 36 733
18 37 278
18 38 701
18 39 206
18 40 872
18 41 462
18 42 457
18 43 576
18 44 595
18 45 539
18 46 519
18 47 956
18 48 937
18 49 595
18 50 839
18 51 672
18 52 671
18 53 885
18 54 1052
18 55 788
18 56 1172
18 57 621
18 58 1262
18 59 831
18 60 859
18 61 834
18 62 645
18 63 170
18 64 197
18 65 1027
18 66 453
18 67 1090
18 68 1018
18 69 602
18 70 258
18 71 1057
18 72 374
18 73 576
18 74 248
18 75 716
18 76 194
18 77 768
18 78 807
18 79 834
18 80 967
18 81 366
18 82 1116
18 83 834
18 84 744
18 85 476
18 86 866
18 87 290
18 88 885
18 89 865
18 90 137
18 91 932
18 92 288
18 93 1170
18 94 162
18 95 514
18 96 1047
18 97 873
18 98 554
18 99 899
18 100 495
19 1 530
19 2 655
19 3 510
19 4 586
19 5 472
19 6 584
19 7 657
19 8 705
19 9 286
19 10 277
19 11 259
19 12 679
19 13 525
19 14 110
19 15 267
19 16 186
19 17 695
19 18 388
19 20 327
19 21 147
19 22 432
19 23 199
19 24 712
19 25 598
19 26 205
19 27 106
19 28 353
19 29 217
19 30 302
19 31 444
19 32 544
19 33 227
19 34 420
19 35 729
19 36 509
19 37 281
19 38 330
19 39 201
19 40 680
19 41 203
19 42 407
19 43 276
19 44 320
19 45 226
19 46 211
19 47 599
19 48 607
19 49 277
19 50 461
19 51 335
19 52 333
19 53 510
19 54 693
19 55 434
19 56 795
19 57 465
19 58 883
19 59 444
19 60 474
19 61 503
19 62 291
19 63 221
19 64 313
19 65 656
19 66 317
19 67 716
19 68 638
19 69 475
19 70 293
19 71 670
19 72 323
19 73 328
19 74 285
19 75 336
19 76 323
19 77 675
19 78 420
19 79 513
19 80 595
19 81 25
19 82 742
19 83 533
19 84 538
19 85 289
19 86 514
19 87 154
19 88 646
19 89 744
19 90 338
19 91 568
19 92 107
19 93 797
19 94 368
19 95 127
19 96 688
19 97 489
19 98 250
19 99 613
19 100 358
20 1 632
20 2 369
20 3 187
20 4 348
20 5 245
20 6 266
20 7 383
20 8 574
20 9 236
20 10 485
20 11 585
20 12 353
20 13 338
20 14 237
20 15 583
20 16 491
20 17 448
20 18 696
20 19 327
20 21 456
20 22 400
20 23 279
20 24 386
20 25 553
20 26 191
20 27 396
20 28 660
20 29 429
20 30 43
20 31 374
20 32 218
20 33 137
20 34 162
20 35 642
20 36 643
20 37 600
20 38 13
20 39 491
20 40 515
20 41 437
20 42 490
20 43 182
20 44 469
20 45 183
20 46 388
20 47 273
20 48 567
20 49 394
20 50 324
20 51 96
20 52 379
20 53 368
20 54 366
20 55 116
20 56 478
20 57 414
20 58 569
20 59 244
20 60 191
20 61 203
20 62 326
20 63 539
20 64 562
20 65 332
20 66 387
20 67 395
20 68 446
20 69 449
20 70 513
20 71 411
20 72 618
20 73 503
20 74 608
20 75 248
20 76 650
20 77 611
20 78 186
20 79 515
20 80 272
20 81 352
20 82 421
20 83 269
20 84 397
20 85 333
20 86 448
20 87 477
20 88 436
20 89 639
20 90 609
20 91 455
20 92 410
20 93 475
20 94 695
20 95 212
20 96 362
20 97 308
20 98 184
20 99 352
20 100 394
21 1 460
21 2 749
21 3 631
21 4 663
21 5 554
21 6 698
21 7 802
21 8 844
21 9 431
21 10 350
21 11 164
21 12 801
21 13 671
21 14 220
21 15 220
21 16 191
21 17 769
21 18 342
21 19 147
21 20 456
21 22 442
21 23 338
21 24 835
21 25 591
21 26 351
21 27 64
21 28 311
21 29 304
21 30 425
21 31 469
21 32 668
21 33 335
21 34 563
21 35 861
21 36 426
21 37 145
21 38 457
21 39 224
21 40 823
21 41 124
21 42 514
21 43 422
21 44 260
21 45 372
21 46 178
21 47 728
21 48 596
21 49 254
21 50 511
21 51 477
21 52 330
21 53 555
21 54 819
21 55 568
21 56 905
21 57 599
21 58 989
21 59 520
21 60 577
21 61 642
21 62 309
21 63 184
21 64 348
21 65 775
21 66 439
21 67 830
21 68 691
21 69 604
21 70 354
21 71 750
21 72 177
21 73 250
21 74 158
21 75 395
21 76 212
21 77 804
21 78 511
21 79 494
21 80 714
21 81 127
21 82 856
21 83 677
21 84 681
21 85 421
21 86 525
21 87 53
21 88 792
21 89 879
21 90 346
21 91 594
21 92 162
21 93 912
21 94 265
21 95 245
21 96 815
21 97 552
21 98 396
21 99 758
21 100 484
22 1 267
22 2 433
22 3 452
22 4 312
22 5 258
22 6 470
22 7 760
22 8 970
22 9 581
22 10 705
22 11 604
22 12 585
22 13 737
22 14 345
22 15 658
22 16 604
22 17 393
22 18 782
22 19 432
22 20 400
22 21 442
22 23 558
22 24 622
22 25 171
22 26 492
22 27 393
22 28 750
22 29 643
22 30 360
22 31 50
22 32 496
22 33 305
22 34 561
22 35 1032
22 36 302
22 37 552
22 38 389
22 39 627
22 40 914
22 41 329
22 42 799
22 43 534
22 44 229
22 45 501
22 46 265
22 47 567
22 48 182
22 49 193
22 50 137
22 51 490
22 52 113
22 53 151
22 54 622
22 55 486
22 56 623
22 57 783
22 58 683
22 59 221
22 60 343
22 61 580
22 62 142
22 63 617
22 64 744
22 65 551
22 66 694
22 67 576
22 68 280
22 69 811
22 70 723
22 71 394
22 72 504
22 73 269
22 74 577
22 75 153
22 76 640
22 77 994
22 78 269
22 79 115
22 80 504
22 81 445
22 82 596
22 83 660
22 84 792
22 85 647
22 86 84
22 87 492
22 88 834
22 89 1033
22 90 763
22 91 156
22 92 534
22 93 650
22 94 695
22 95 350
22 96 622
22 97 197
22 98 520
22 99 739
22 100 721
23 1 709
23 2 647
23 3 456
23 4 614
23 5 503
23 6 539
23 7 505
23 8 507
23 9 104
23 10 209
23 11 398
23 12 608
23 13 344
23 14 222
23 15 360
23 16 265
23 17 719
23 18 452
23 19 199
23 20 279
23 21 338
23 22 558
23 24 636
23 25 728
23 26 88
23 27 305
23 28 418
23 29 158
23 30 280
23 31 554
23 32 477
23 33 267
23 34 288
23 35 531
23 36 696
23 37 453
23 38 288
23 39 250
23 40 486
23 41 399
23 42 242
23 43 125
23 44 503
23 45 98
23 46 393
23 47 513
23 48 739
23 49 446
23 50 540
23 51 228
23 52 481
23 53 590
23 54 609
23 55 347
23 56 746
23 57 266
23 58 838
23 59 488
23 60 466
23 61 384
23 62 429
23 63 323
23 64 291
23 65 594
23 66 137
23 67 661
23 68 697
23 69 279
23 70 237
23 71 685
23 72 512
23 73 518
23 74 448
23 75 424
23 76 467
23 77 478
23 78 442
23 79 658
23 80 538
23 81 213
23 82 686
23 83 385
23 84 345
23 85 95
23 86 630
23 87 327
23 88 465
23 89 546
23 90 345
23 91 666
23 92 206
23 93 736
23 94 497
23 95 211
23 96 604
23 97 548
23 98 106
23 99 455
23 100 169
24 1 888
24 2 236
24 3 206
24 4 346
24 5 365
24 6 154
24 7 312
24 8 656
24 9 555
24 10 841
24 11 971
24 12 38
24 13 461
24 14 617
24 15 967
24 16 873
24 17 355
24 18 1076
24 19 712
24 20 386
24 21 835
24 22 622
24 23 636
24 25 704
24 26 556
24 27 773
24 28 1041
24 29 793
24 30 412
24 31 575
24 32 169
24 33 501
24 34 362
24 35 759
24 36 920
24 37 980
24 38 383
24 39 870
24 40 574
24 41 796
24 42 787
24 43 513
24 44 786
24 45 541
24 46 735
24 47 124
24 48 719
24 49 714
24 50 488
24 51 408
24 52 665
24 53 497
24 54 34
24 55 290
24 56 144
24 57 641
24 58 228
24 59 402
24 60 288
24 61 270
24 62 629
24 63 923
24 64 926
24 65 72
24 66 704
24 67 81
24 68 459
24 69 684
24 70 870
24 71 316
24 72 988
24 73 827
24 74 990
24 75 514
24 76 1034
24 77 761
24 78 367
24 79 721
24 80 126
24 81 737
24 82 89
24 83 327
24 84 543
24 85 655
24 86 617
24 87 861
24 88 463
24 89 734
24 90 979
24 91 570
24 92 794
24 93 112
24 94 1080
24 95 593
24 96 41
24 97 431
24 98 530
24 99 339
24 100 690
25 1 261
25 2 483
25 3 566
25 4 361
25 5 360
25 6 563
25 7 890
25 8 1126
25 9 748
25 10 874
25 11 747
25 12 670
25 13 889
25 14 515
25 15 810
25 16 764
25 17 401
25 18 932
25 19 598
25 20 553
25 21 591
25 22 171
25 23 728
25 24 704
25 26 661
25 27 548
25 28 902
25 29 812
25 30 517
25 31 181
25 32 607
25 33 472
25 34 710
25 35 1192
25 36 318
25 37 683
25 38 541
25 39 789
25 40 1065
25 41 471
25 42 969
25 43 699
25 44 345
25 45 669
25 46 414
25 47 675
25 48 16
25 49 338
25 50 239
25 51 646
25 52 268
25 53 211
25 54 712
25 55 625
25 56 670
25 57 949
25 58 712
25 59 334
25 60 454
25 61 715
25 62 308
25 63 772
25 64 908
25 65 635
25 66 864
25 67 643
25 68 271
25 69 978
25 70 890
25 71 419
25 72 619
25 73 376
25 74 711
25 75 314
25 76 775
25 77 1157
25 78 393
25 79 102
25 80 599
25 81 609
25 82 659
25 83 800
25 84 949
25 85 817
25 86 106
25 87 643
25 88 979
25 89 1191
25 90 924
25 91 135
25 92 697
25 93 706
25 94 830
25 95 520
25 96 713
25 97 282
25 98 687
25 99 875
25 100 890
26 1 668
26 2 559
26 3 371
26 4 528
26 5 417
26 6 453
26 7 457
26 8 519
26 9 96
26 10 295
26 11 442
26 12 528
26 13 322
26 14 181
26 15 420
26 16 324
26 17 632
26 18 522
26 19 205
26 20 191
26 21 351
26 22 492
26 23 88
26 24 556
26 25 661
26 27 305
26 28 487
26 29 240
26 30 193
26 31 483
26 32 394
26 33 192
26 34 224
26 35 559
26 36 661
26 37 482
26 38 201
26 39 316
26 40 484
26 41 384
26 42 317
26 43 72
26 44 469
26 45 22
26 46 364
26 47 435
26 48 673
26 49 405
26 50 462
26 51 151
26 52 428
26 53 511
26 54 532
26 55 267
26 56 662
26 57 298
26 58 754
26 59 405
26 60 379
26 61 315
26 62 374
26 63 378
26 64 374
26 65 512
26 66 211
26 67 578
26 68 613
26 69 321
26 70 322
26 71 597
26 72 527
26 73 491
26 74 482
26 75 351
26 76 511
26 77 513
26 78 356
26 79 598
26 80 454
26 81 226
26 82 603
26 83 333
26 84 344
26 85 159
26 86 561
26 87 353
26 88 443
26 89 568
26 90 424
26 91 590
26 92 251
26 93 654
26 94 548
26 95 161
26 96 526
26 97 465
26 98 46
26 99 410
26 100 231
27 1 443
27 2 686
27 3 568
27 4 601
27 5 492
27 6 635
27 7 749
27 8 811
27 9 390
27 10 355
27 11 222
27 12 738
27 13 627
27 14 159
27 15 267
27 16 217
27 17 708
27 18 391
27 19 106
27 20 396
27 21 64
27 22 393
27 23 305
27 24 773
27 25 548
27 26 305
27 28 359
27 29 301
27 30 363
27 31 415
27 32 606
27 33 272
27 34 509
27 35 834
27 36 416
27 37 208
27 38 396
27 39 245
27 40 784
27 41 103
27 42 504
27 43 376
27 44 235
27 45 325
27 46 136
27 47 667
27 48 555
27 49 212
27 50 453
27 51 422
27 52 283
27 53 497
27 54 757
27 55 509
27 56 842
27 57 570
27 58 925
27 59 458
27 60 513
27 61 585
27 62 255
27 63 225
27 64 369
27 65 712
27 66 419
27 67 767
27 68 633
27 69 580
27 70 364
27 71 688
27 72 227
27 73 234
27 74 221
27 75 334
27 76 274
27 77 780
27 78 447
27 79 455
27 80 651
27 81 96
27 82 793
27 83 625
27 84 643
27 85 394
27 86 476
27 87 104
27 88 747
27 89 850
27 90 377
27 91 542
27 92 163
27 93 849
27 94 327
27 95 184
27 96 753
27 97 492
27 98 350
27 99 707
27 100 462
28 1 754
28 2 1006
28 3 847
28 4 939
28 5 825
28 6 925
28 7 918
28 8 836
28 9 518
28 10 255
28 11 166
28 12 1010
28 13 741
28 14 463
28 15 92
28 16 171
28 17 1047
28 18 36
28 19 353
28 20 660
28 21 311
28 22 750
28 23 418
28 24 1041
28 25 902
28 26 487
28 27 359
28 29 272
28 30 644
28 31 773
28 32 875
28 33 578
28 34 705
28 35 813
28 36 710
28 37 259
28 38 666
28 39 172
28 40 845
28 41 433
28 42 434
28 43 542
28 44 567
28 45 505
28 46 488
28 47 921
28 48 907
28 49 564
28 50 805
28 51 638
28 52 639
28 53 852
28 54 1017
28 55 753
28 56 1137
28 57 595
28 58 1227
28 59 796
28 60 824
28 61 800
28 62 613
28 63 136
28 64 174
28 65 992
28 66 424
28 67 1055
28 68 985
28 69 577
28 70 233
28 71 1022
28 72 357
28 73 549
28 74 229
28 75 682
28 76 182
28 77 748
28 78 772
28 79 804
28 80 932
28 81 331
28 82 1081
28 83 801
28 84 716
28 85 445
28 86 834
28 87 260
28 88 855
28 89 843
28 90 117
28 91 900
28 92 253
28 93 1134
28 94 158
28 95 478
28 96 1012
28 97 839
28 98 520
28 99 868
28 100 468
29 1 742
29 2 794
29 3 611
29 4 751
29 5 636
29 6 692
29 7 648
29 8 585
29 9 250
29 10 64
29 11 296
29 12 765
29 13 470
29 14 301
29 15 233
29 16 150
29 17 858
29 18 303
29 19 217
29 20 429
29 21 304
29 22 643
29 23 158
29 24 793
29 25 812
29 26 240
29 27 301
29 28 272
29 30 424
29 31 649
29 32 633
29 33 387
29 34 443
29 35 580
29 36 717
29 37 375
29 38 437
29 39 121
29 40 584
29 41 404
29 42 214
29 43 281
29 44 532
29 45 253
29 46 425
29 47 670
29 48 821
29 49 494
29 50 654
29 51 385
29 52 549
29 53 703
29 54 766
29 55 504
29 56 901
29 57 336
29 58 993
29 59 616
29 60 612
29 61 539
29 62 504
29 63 207
29 64 135
29 65 750
29 66 162
29 67 817
29 68 822
29 69 328
29 70 87
29 71 826
29 72 456
29 73 535
29 74 360
29 75 530
29 76 360
29 77 519
29 78 577
29 79 729
29 80 693
29 81 213
29 82 842
29 83 533
29 84 449
29 85 175
29 86 723
29 87 270
29 88 586
29 89 605
29 90 188
29 91 771
29 92 143
29 93 893
29 94 378
29 95 303
29 96 761
29 97 671
29 98 263
29 99 597
29 100 209
30 1 589
30 2 371
30 3 209
30 4 335
30 5 227
30 6 283
30 7 426
30 8 611
30 9 253
30 10 483
30 11 560
30 12 378
30 13 377
30 14 205
30 15 563
30 16 473
30 17 439
30 18 679
30 19 302
30 20 43
30 21 425
30 22 360
30 23 280
30 24 412
30 25 517
30 26 193
30 27 363
30 28 644
30 29 424
30 31 336
30 32 244
30 33 97
30 34 203
30 35 677
30 36 600
30 37 569
30 38 37
30 39 476
30 40 554
30 41 398
30 42 504
30 43 199
30 44 426
30 45 189
30 46 348
30 47 305
30 48 531
30 49 351
30 50 292
30 51 130
30 52 336
30 53 338
30 54 395
30 55 156
30 56 495
30 57 441
30 58 584
30 59 219
30 60 188
30 61 245
30 62 284
30 63 518
30 64 555
30 65 354
30 66 399
30 67 414
30 68 426
30 69 475
30 70 509
30 71 405
30 72 583
30 73 461
30 74 578
30 75 208
30 76 623
30 77 643
30 78 166
30 79 475
30 80 294
30 81 327
30 82 441
30 83 312
30 84 434
30 85 345
30 86 412
30 87 449
30 88 478
30 89 675
30 90 600
30 91 423
30 92 392
30 93 495
30 94 669
30 95 181
30 96 391
30 97 283
30 98 197
30 99 395
30 100 410
31 1 315
31 2 384
31 3 410
31 4 263
31 5 212
31 6 424
31 7 724
31 8 947
31 9 568
31 10 712
31 11 632
31 12 539
31 13 711
31 14 349
31 15 681
31 16 621
31 17 346
31 18 806
31 19 444
31 20 374
31 21 469
31 22 50
31 23 554
31 24 575
31 25 181
31 26 483
31 27 415
31 28 773
31 29 649
31 30 336
31 32 453
31 33 293
31 34 532
31 35 1012
31 36 351
31 37 586
31 38 362
31 39 642
31 40 887
31 41 362
31 42 795
31 43 519
31 44 272
31 45 490
31 46 294
31 47 524
31 48 195
31 49 227
31 50 89
31 51 466
31 52 148
31 53 103
31 54 577
31 55 453
31 56 574
31 57 768
31 58 634
31 59 177
31 60 299
31 61 545
31 62 161
31 63 639
31 64 756
31 65 504
31 66 689
31 67 528
31 68 237
31 69 798
31 70 732
31 71 345
31 72 542
31 73 312
31 74 609
31 75 134
31 76 671
31 77 976
31 78 228
31 79 152
31 80 459
31 81 459
31 82 548
31 83 627
31 84 769
31 85 640
31 86 78
31 87 517
31 88 804
31 89 1011
31 90 779
31 91 127
31 92 548
31 93 601
31 94 727
31 95 350
31 96 577
31 97 148
31 98 507
31 99 705
31 100 713
32 1 758
32 2 226
32 3 45
32 4 282
32 5 248
32 6 81
32 7 294
32 8 598
32 9 405
32 10 685
32 11 802
32 12 136
32 13 371
32 14 449
32 15 800
32 16 707
32 17 342
32 18 911
32 19 544
32 20 218
32 21 668
32 22 496
32 23 477
32 24 169
32 25 607
32 26 394
32 27 606
32 28 875
32 29 633
32 30 244
32 31 453
32 33 335
32 34 225
32 35 691
32 36 783
32 37 812
32 38 214
32 39 705
32 40 521
32 41 633
32 42 650
32 43 358
32 44 635
32 45 380
32 46 575
32 47 73
32 48 622
32 49 560
32 50 373
32 51 250
32 52 521
32 53 396
32 54 151
32 55 132
32 56 270
32 57 525
32 58 363
32 59 278
32 60 155
32 61 156
32 62 479
32 63 756
32 64 767
32 65 118
32 66 559
32 67 185
32 68 404
32 69 567
32 70 713
32 71 298
32 72 823
32 73 674
32 74 822
32 75 369
32 76 866
32 77 679
32 78 228
32 79 604
32 80 63
32 81 569
32 82 210
32 83 242
32 84 452
32 85 507
32 86 509
32 87 692
32 88 416
32 89 674
32 90 818
32 91 480
32 92 627
32 93 261
32 94 912
32 95 425
32 96 148
32 97 325
32 98 372
32 99 294
32 100 551
33 1 509
33 2 429
33 3 296
33 4 367
33 5 252
33 6 363
33 7 518
33 8 674
33 9 277
33 10 450
33 11 479
33 12 466
33 13 448
33 14 120
33 15 493
33 16 409
33 17 475
33 18 613
33 19 227
33 20 137
33 21 335
33 22 305
33 23 267
33 24 501
33 25 472
33 26 192
33 27 272
33 28 578
33 29 387
33 30 97
33 31 293
33 32 335
33 34 286
33 35 729
33 36 515
33 37 480
33 38 133
33 39 418
33 40 624
33 41 302
33 42 506
33 43 229
33 44 335
33 45 198
33 46 252
33 47 399
33 48 485
33 49 261
33 50 274
33 51 202
33 52 258
33 53 324
33 54 486
33 55 252
33 56 573
33 57 478
33 58 659
33 59 229
33 60 248
33 61 339
33 62 203
33 63 448
33 64 511
33 65 440
33 66 400
33 67 496
33 68 435
33 69 507
33 70 473
33 71 447
33 72 489
33 73 367
33 74 491
33 75 160
33 76 540
33 77 690
33 78 196
33 79 415
33 80 379
33 81 250
33 82 522
33 83 400
33 84 495
33 85 350
33 86 370
33 87 365
33 88 557
33 89 732
33 90 549
33 91 400
33 92 326
33 93 578
33 94 588
33 95 101
33 96 483
33 97 284
33 98 216
33 99 484
33 100 422
34 1 791
34 2 441
34 3 226
34 4 460
34 5 378
34 6 303
34 7 240
34 8 420
34 9 196
34 10 486
34 11 666
34 12 340
34 13 181
34 14 358
34 15 642
34 16 546
34 17 544
34 18 739
34 19 420
34 20 162
34 21 563
34 22 561
34 23 288
34 24 362
34 25 710
34 26 224
34 27 509
34 28 705
34 29 443
34 30 203
34 31 532
34 32 225
34 33 286
34 35 497
34 36 800
34 37 700
34 38 172
34 39 536
34 40 356
34 41 570
34 42 428
34 43 164
34 44 620
34 45 204
34 46 530
34 47 239
34 48 724
34 49 547
34 50 476
34 51 89
34 52 538
34 53 516
34 54 332
34 55 106
34 56 488
34 57 302
34 58 580
34 59 387
34 60 297
34 61 97
34 62 485
34 63 602
34 64 574
34 65 334
34 66 343
34 67 403
34 68 573
34 69 343
34 70 515
34 71 502
34 72 736
34 73 651
34 74 702
34 75 409
34 76 734
34 77 475
34 78 326
34 79 675
34 80 288
34 81 443
34 82 426
34 83 117
34 84 250
34 85 294
34 86 605
34 87 572
34 88 275
34 89 489
34 90 631
34 91 604
34 92 475
34 93 469
34 94 771
34 95 332
34 96 326
34 97 450
34 98 186
34 99 201
34 100 330
35 1 1226
35 2 916
35 3 707
35 4 954
35 5 874
35 6 771
35 7 453
35 8 108
35 9 464
35 10 566
35 11 875
35 12 757
35 13 322
35 14 738
35 15 804
35 16 730
35 17 1030
35 18 833
35 19 729
35 20 642
35 21 861
35 22 1032
35 23 531
35 24 759
35 25 1192
35 26 559
35 27 834
35 28 813
35 29 580
35 30 677
35 31 1012
35 32 691
35 33 729
35 34 497
35 36 1219
35 37 953
35 38 655
35 39 699
35 40 190
35 41 929
35 42 380
35 43 503
35 44 1026
35 45 544
35 46 919
35 47 666
35 48 1206
35 49 963
35 50 966
35 51 548
35 52 982
35 53 1009
35 54 726
35 55 599
35 56 902
35 57 265
35 58 983
35 59 882
35 60 793
35 61 536
35 62 927
35 63 785
35 64 639
35 65 769
35 66 425
35 67 829
35 68 1069
35 69 257
35 70 584
35 71 987
35 72 1028
35 73 1045
35 74 940
35 75 880
35 76 938
35 77 66
35 78 820
35 79 1143
35 80 744
35 81 740
35 82 845
35 83 450
35 84 248
35 85 441
35 86 1088
35 87 839
35 88 298
35 89 43
35 90 697
35 91 1096
35 92 707
35 93 867
35 94 948
35 95 720
35 96 719
35 97 945
35 98 521
35 99 421
35 100 378
36 1 60
36 2 734
36 3 739
36 4 612
36 5 557
36 6 767
36 7 1024
36 8 1177
36 9 757
36 10 770
36 11 545
36 12 883
36 13 961
36 14 482
36 15 628
36 16 617
36 17 684
36 18 733
36 19 509
36 20 643
36 21 426
36 22 302
36 23 696
36 24 920
36 25 318
36 26 661
36 27 416
36 28 710
36 29 717
36 30 600
36 31 351
36 32 783
36 33 515
36 34 800
36 35 1219
36 37 457
36 38 635
36 39 650
36 40 1134
36 41 313
36 42 915
36 43 723
36 44 194
36 45 678
36 46 303
36 47 855
36 48 311
36 49 258
36 50 439
36 51 716
36 52 266
36 53 447
36 54 918
36 55 748
36 56 925
36 57 956
36 58 983
36 59 519
36 60 635
36 61 841
36 62 317
36 63 601
36 64 773
36 65 849
36 66 824
36 67 877
36 68 559
36 69 973
36 70 777
36 71 690
36 72 369
36 73 182
36 74 488
36 75 416
36 76 548
36 77 1170
36 78 557
36 79 233
36 80 799
36 81 507
36 82 898
36 83 911
36 84 1000
36 85 790
36 86 337
36 87 474
36 88 1071
36 89 1228
36 90 768
36 91 416
36 92 578
36 93 951
36 94 599
36 95 501
36 96 918
36 97 499
36 98 702
36 99 995
36 100 862
37 1 505
37 2 889
37 3 775
37 4 798
37 5 692
37 6 842
37 7 937
37 8 949
37 9 553
37 10 403
37 11 99
37 12 945
37 13 795
37 14 364
37 15 190
37 16 228
37 17 902
37 18 278
37 19 281
37 20 600
37 21 145
37 22 552
37 23 453
37 24 980
37 25 683
37 26 482
37 27 208
37 28 259
37 29 375
37 30 569
37 31 586
37 32 812
37 33 480
37 34 700
37 35 953
37 36 457
37 38 601
37 39 263
37 40 937
37 41 225
37 42 586
37 43 552
37 44 339
37 45 503
37 46 293
37 47 872
37 48 686
37 49 360
37 50 638
37 51 616
37 52 440
37 53 678
37 54 963
37 55 711
37 56 1049
37 57 700
37 58 1132
37 59 657
37 60 719
37 61 783
37 62 431
37 63 183
37 64 366
37 65 919
37 66 530
37 67 974
37 68 816
37 69 698
37 70 396
37 71 886
37 72 99
37 73 312
37 74 31
37 75 528
37 76 93
37 77 893
37 78 652
37 79 582
37 80 859
37 81 258
37 82 1000
37 83 813
37 84 796
37 85 524
37 86 633
37 87 129
37 88 916
37 89 976
37 90 340
37 91 708
37 92 251
37 93 1056
37 94 147
37 95 389
37 96 959
37 97 684
37 98 526
37 99 892
37 100 577
38 1 623
38 2 359
38 3 182
38 4 336
38 5 233
38 6 260
38 7 390
38 8 585
38 9 248
38 10 494
38 11 588
38 12 349
38 13 349
38 14 238
38 15 588
38 16 496
38 17 436
38 18 701
38 19 330
38 20 13
38 21 457
38 22 389
38 23 288
38 24 383
38 25 541
38 26 201
38 27 396
38 28 666
38 29 437
38 30 37
38 31 362
38 32 214
38 33 133
38 34 172
38 35 655
38 36 635
38 37 601
38 39 497
38 40 526
38 41 434
38 42 502
38 43 194
38 44 462
38 45 193
38 46 384
38 47 272
38 48 555
38 49 387
38 50 312
38 51 108
38 52 370
38 53 356
38 54 364
38 55 120
38 56 472
38 57 426
38 58 562
38 59 231
38 60 180
38 61 209
38 62 318
38 63 543
38 64 570
38 65 328
38 66 399
38 67 390
38 68 434
38 69 462
38 70 522
38 71 399
38 72 617
38 73 497
38 74 609
38 75 237
38 76 652
38 77 624
38 78 173
38 79 504
38 80 267
38 81 355
38 82 416
38 83 277
38 84 409
38 85 344
38 86 436
38 87 479
38 88 446
38 89 651
38 90 617
38 91 442
38 92 415
38 93 470
38 94 698
38 95 213
38 96 360
38 97 296
38 98 196
38 99 361
38 100 406
39 1 682
39 2 843
39 3 677
39 4 783
39 5 668
39 6 756
39 7 754
39 8 705
39 9 352
39 10 140
39 11 177
39 12 840
39 13 584
39 14 308
39 15 114
39 16 36
39 17 891
39 18 206
39 19 201
39 20 491
39 21 224
39 22 627
39 23 250
39 24 870
39 25 789
39 26 316
39 27 245
39 28 172
39 29 121
39 30 476
39 31 642
39 32 705
39 33 418
39 34 536
39 35 699
39 36 650
39 37 263
39 38 497
39 40 704
39 41 342
39 42 325
39 43 373
39 44 478
39 45 334
39 46 380
39 47 750
39 48 796
39 49 455
39 50 662
39 51 467
39 52 522
39 53 711
39 54 846
39 55 582
39 56 968
39 57 457
39 58 1059
39 59 642
39 60 659
39 61 630
39 62 486
39 63 87
39 64 124
39 65 821
39 66 283
39 67 885
39 68 839
39 69 448
39 70 136
39 71 864
39 72 351
39 73 472
39 74 245
39 75 537
39 76 240
39 77 637
39 78 613
39 79 698
39 80 762
39 81 184
39 82 911
39 83 635
39 84 568
39 85 291
39 86 709
39 87 179
39 88 701
39 89 724
39 90 137
39 91 767
39 92 95
39 93 964
39 94 258
39 95 320
39 96 841
39 97 689
39 98 350
39 99 704
39 100 329
40 1 1132
40 2 745
40 3 543
40 4 795
40 5 727
40 6 599
40 7 265
40 8 84
40 9 394
40 10 590
40 11 872
40 12 574
40 13 178
40 14 661
40 15 816
40 16 729
40 17 863
40 18 872
40 19 680
40 20 515
40 21 823
40 22 914
40 23 486
40 24 574
40 25 1065
40 26 484
40 27 784
40 28 845
40 29 584
40 30 554
40 31 887
40 32 521
40 33 624
40 34 356
40 35 190
40 36 1134
40 37 937
40 38 526
40 39 704
40 41 868
40 42 426
40 43 416
40 44 946
40 45 465
40 46 844
40 47 488
40 48 1080
40 49 877
40 50 831
40 51 426
40 52 881
40 53 870
40 54 541
40 55 448
40 56 716
40 57 251
40 58 796
40 59 740
40 60 640
40 61 371
40 62 826
40 63 788
40 64 676
40 65 589
