nnodes nedges type capacity P s t
100  4950  graph  1000 100 1 100 
nodename posx posy itemvalue itemweight
1 36 489 0 0
2 394 873 48 202
3 543 244 2 16
4 692 450 47 139
5 991 37 31 164
6 887 337 17 211
7 112 886 25 59
8 432 231 6 91
9 672 909 27 138
10 532 517 11 153
11 615 418 15 241
12 419 185 6 200
13 270 17 31 238
14 604 512 20 239
15 789 792 12 23
16 327 177 22 237
17 281 73 11 21
18 402 824 40 113
19 669 95 39 36
20 275 660 3 219
21 484 514 1 220
22 997 948 31 126
23 400 782 30 237
24 179 425 18 206
25 691 63 26 230
26 942 658 8 90
27 482 713 21 116
28 843 104 41 1
29 730 799 5 211
30 968 519 41 216
31 591 647 33 62
32 48 873 2 96
33 720 451 35 241
34 49 389 8 73
35 898 676 28 162
36 401 734 41 178
37 191 751 33 71
38 682 943 3 112
39 533 214 9 222
40 368 224 17 135
41 277 663 2 27
42 882 111 26 172
43 376 77 42 217
44 567 107 24 198
45 876 536 29 114
46 978 468 13 113
47 535 379 27 114
48 693 256 8 63
49 830 94 6 17
50 997 80 35 185
51 771 399 29 27
52 814 314 12 161
53 150 496 50 17
54 257 35 25 210
55 62 626 40 43
56 259 340 44 41
57 289 493 19 22
58 803 17 12 62
59 570 723 40 87
60 476 798 9 220
61 611 807 2 171
62 618 146 32 181
63 186 311 36 142
64 754 368 43 193
65 758 104 8 128
66 448 529 27 188
67 503 262 4 91
68 195 5 1 103
69 110 452 9 75
70 392 173 13 48
71 430 651 17 8
72 865 719 41 38
73 144 20 31 152
74 89 66 49 72
75 743 565 41 108
76 864 354 41 142
77 372 483 30 123
78 853 558 22 118
79 146 607 16 65
80 926 904 12 23
81 711 726 44 141
82 785 566 11 197
83 340 980 31 13
84 923 451 2 41
85 433 315 37 66
86 976 863 40 203
87 966 193 25 130
88 935 462 40 56
89 565 376 34 191
90 528 661 27 224
91 941 745 50 20
92 15 666 15 131
93 580 868 44 39
94 576 726 48 109
95 828 503 3 12
96 983 539 31 146
97 581 120 2 193
98 458 922 44 234
99 101 381 5 197
100 725 886 0 0
endpoint1 endpoint2 weight
1 2 525
1 3 564
1 4 658
1 5 1057
1 6 865
1 7 405
1 8 473
1 9 763
1 10 497
1 11 584
1 12 489
1 13 527
1 14 569
1 15 812
1 16 427
1 17 483
1 18 497
1 19 746
1 20 294
1 21 449
1 22 1065
1 23 468
1 24 157
1 25 782
1 26 922
1 27 500
1 28 895
1 29 761
1 30 933
1 31 578
1 32 385
1 33 686
1 34 101
1 35 883
1 36 440
1 37 305
1 38 790
1 39 569
1 40 425
1 41 298
1 42 927
1 43 535
1 44 655
1 45 842
1 46 943
1 47 511
1 48 698
1 49 887
1 50 1045
1 51 741
1 52 798
1 53 115
1 54 505
1 55 140
1 56 269
1 57 254
1 58 901
1 59 584
1 60 538
1 61 658
1 62 676
1 63 233
1 64 729
1 65 819
1 66 414
1 67 520
1 68 510
1 69 83
1 70 477
1 71 427
1 72 861
1 73 482
1 74 427
1 75 712
1 76 839
1 77 337
1 78 820
1 79 162
1 80 983
1 81 716
1 82 753
1 83 578
1 84 888
1 85 434
1 86 1012
1 87 976
1 88 900
1 89 541
1 90 522
1 91 941
1 92 179
1 93 664
1 94 590
1 95 793
1 96 949
1 97 659
1 98 605
1 99 127
1 100 796
2 1 525
2 3 647
2 4 518
2 5 1028
2 6 729
2 7 283
2 8 644
2 9 281
2 10 382
2 11 506
2 12 689
2 13 865
2 14 418
2 15 404
2 16 700
2 17 808
2 18 50
2 19 826
2 20 244
2 21 371
2 22 608
2 23 92
2 24 497
2 25 863
2 26 589
2 27 183
2 28 891
2 29 345
2 30 675
2 31 300
2 32 346
2 33 534
2 34 595
2 35 542
2 36 140
2 37 237
2 38 297
2 39 674
2 40 650
2 41 241
2 42 905
2 43 797
2 44 786
2 45 589
2 46 711
2 47 514
2 48 686
2 49 893
2 50 997
2 51 606
2 52 700
2 53 450
2 54 850
2 55 414
2 56 550
2 57 395
2 58 949
2 59 232
2 60 112
2 61 227
2 62 761
2 63 600
2 64 621
2 65 851
2 66 349
2 67 621
2 68 891
2 69 508
2 70 701
2 71 225
2 72 496
2 73 889
2 74 863
2 75 466
2 76 701
2 77 391
2 78 557
2 79 364
2 80 533
2 81 350
2 82 498
2 83 120
2 84 677
2 85 560
2 86 583
2 87 889
2 88 680
2 89 526
2 90 251
2 91 562
2 92 432
2 93 187
2 94 234
2 95 571
2 96 678
2 97 776
2 98 81
2 99 573
2 100 332
3 1 564
3 2 647
3 4 255
3 5 494
3 6 357
3 7 774
3 8 112
3 9 678
3 10 274
3 11 189
3 12 138
3 13 356
3 14 275
3 15 601
3 16 227
3 17 313
3 18 597
3 19 196
3 20 495
3 21 277
3 22 838
3 23 557
3 24 407
3 25 234
3 26 575
3 27 473
3 28 332
3 29 586
3 30 507
3 31 406
3 32 801
3 33 273
3 34 515
3 35 560
3 36 511
3 37 618
3 38 713
3 39 32
3 40 177
3 41 497
3 42 365
3 43 237
3 44 140
3 45 443
3 46 490
3 47 136
3 48 151
3 49 324
3 50 483
3 51 276
3 52 280
3 53 467
3 54 355
3 55 615
3 56 300
3 57 356
3 58 346
3 59 480
3 60 559
3 61 568
3 62 124
3 63 364
3 64 245
3 65 257
3 66 301
3 67 44
3 68 423
3 69 481
3 70 167
3 71 423
3 72 574
3 73 458
3 74 488
3 75 379
3 76 340
3 77 294
3 78 442
3 79 538
3 80 764
3 81 511
3 82 403
3 83 764
3 84 433
3 85 131
3 86 756
3 87 427
3 88 449
3 89 134
3 90 418
3 91 640
3 92 676
3 93 626
3 94 484
3 95 386
3 96 530
3 97 130
3 98 684
3 99 463
3 100 668
4 1 658
4 2 518
4 3 255
4 5 510
4 6 226
4 7 726
4 8 340
4 9 460
4 10 174
4 11 84
4 12 381
4 13 605
4 14 108
4 15 356
4 16 456
4 17 558
4 18 474
4 19 356
4 20 467
4 21 218
4 22 584
4 23 443
4 24 514
4 25 388
4 26 326
4 27 337
4 28 378
4 29 352
4 30 285
4 31 222
4 32 771
4 33 29
4 34 646
4 35 306
4 36 407
4 37 585
4 38 494
4 39 285
4 40 396
4 41 467
4 42 389
4 43 489
4 44 366
4 45 204
4 46 287
4 47 173
4 48 195
4 49 382
4 50 480
4 51 95
4 52 183
4 53 544
4 54 602
4 55 655
4 56 447
4 57 406
4 58 448
4 59 300
4 60 410
4 61 367
4 62 313
4 63 525
4 64 103
4 65 353
4 66 257
4 67 267
4 68 668
4 69 583
4 70 409
4 71 331
4 72 320
4 73 697
4 74 715
4 75 126
4 76 197
4 77 322
4 78 194
4 79 569
4 80 511
4 81 277
4 82 149
4 83 637
4 84 232
4 85 293
4 86 502
4 87 376
4 88 244
4 89 147
4 90 268
4 91 387
4 92 711
4 93 433
4 94 300
4 95 146
4 96 305
4 97 349
4 98 527
4 99 596
4 100 438
5 1 1057
5 2 1028
5 3 494
5 4 510
5 6 318
5 7 1223
5 8 592
5 9 929
5 10 665
5 11 536
5 12 591
5 13 722
5 14 613
5 15 782
5 16 679
5 17 711
5 18 984
5 19 328
5 20 950
5 21 697
5 22 912
5 23 951
5 24 900
5 25 302
5 26 623
5 27 847
5 28 163
5 29 806
5 30 483
5 31 730
5 32 1261
5 33 495
5 34 1006
5 35 646
5 36 914
5 37 1073
5 38 958
5 39 492
5 40 651
5 41 950
5 42 132
5 43 617
5 44 430
5 45 513
5 46 432
5 47 570
5 48 370
5 49 171
5 50 44
5 51 424
5 52 329
5 53 959
5 54 735
5 55 1100
5 56 793
5 57 838
5 58 190
5 59 805
5 60 919
5 61 859
5 62 389
5 63 851
5 64 408
5 65 243
5 66 733
5 67 538
5 68 797
5 69 974
5 70 615
5 71 832
5 72 694
5 73 848
5 74 903
5 75 584
5 76 342
5 77 763
5 78 539
5 79 1020
5 80 870
5 81 744
5 82 568
5 83 1146
5 84 420
5 85 624
5 86 827
5 87 158
5 88 429
5 89 545
5 90 778
5 91 710
5 92 1162
5 93 928
5 94 805
5 95 494
5 96 503
5 97 419
5 98 1034
5 99 955
5 100 890
6 1 865
6 2 729
6 3 357
6 4 226
6 5 318
6 7 950
6 8 468
6 9 612
6 10 399
6 11 284
6 12 493
6 13 696
6 14 333
6 15 466
6 16 583
6 17 662
6 18 688
6 19 326
6 20 693
6 21 441
6 22 621
6 23 660
6 24 714
6 25 337
6 26 326
6 27 553
6 28 238
6 29 488
6 30 200
6 31 429
6 32 996
6 33 203
6 34 840
6 35 340
6 36 628
6 37 810
6 38 640
6 39 375
6 40 532
6 41 692
6 42 227
6 43 574
6 44 395
6 45 200
6 46 160
6 47 355
6 48 211
6 49 250
6 50 280
6 51 132
6 52 77
6 53 754
6 54 699
6 55 875
6 56 629
6 57 619
6 58 331
6 59 500
6 60 618
6 61 546
6 62 330
6 63 702
6 64 137
6 65 267
6 66 480
6 67 392
6 68 768
6 69 786
6 70 522
6 71 555
6 72 383
6 73 808
6 74 843
6 75 270
6 76 29
6 77 536
6 78 224
6 79 789
6 80 569
6 81 427
6 82 251
6 83 845
6 84 120
6 85 455
6 86 534
6 87 165
6 88 134
6 89 325
6 90 484
6 91 412
6 92 933
6 93 614
6 94 499
6 95 177
6 96 224
6 97 376
6 98 726
6 99 788
6 100 573
7 1 405
7 2 283
7 3 774
7 4 726
7 5 1223
7 6 950
7 8 729
7 9 561
7 10 560
7 11 688
7 12 766
7 13 884
7 14 619
7 15 684
7 16 741
7 17 831
7 18 297
7 19 968
7 20 279
7 21 527
7 22 888
7 23 307
7 24 466
7 25 1007
7 26 861
7 27 409
7 28 1071
7 29 625
7 30 932
7 31 536
7 32 66
7 33 748
7 34 501
7 35 814
7 36 327
7 37 157
7 38 573
7 39 793
7 40 710
7 41 278
7 42 1093
7 43 851
7 44 903
7 45 841
7 46 962
7 47 661
7 48 858
7 49 1070
7 50 1198
7 51 820
7 52 906
7 53 392
7 54 864
7 55 265
7 56 566
7 57 432
7 58 1111
7 59 487
7 60 375
7 61 506
7 62 897
7 63 580
7 64 825
7 65 1015
7 66 491
7 67 737
7 68 885
7 69 435
7 70 767
7 71 396
7 72 772
7 73 867
7 74 821
7 75 708
7 76 922
7 77 480
7 78 811
7 79 282
7 80 815
7 81 621
7 82 746
7 83 247
7 84 921
7 85 656
7 86 865
7 87 1100
7 88 926
7 89 683
7 90 473
7 91 841
7 92 241
7 93 469
7 94 491
7 95 813
7 96 938
7 97 899
7 98 348
7 99 506
7 100 613
8 1 473
8 2 644
8 3 112
8 4 340
8 5 592
8 6 468
8 7 729
8 9 720
8 10 303
8 11 262
8 12 48
8 13 269
8 14 330
8 15 665
8 16 119
8 17 219
8 18 594
8 19 274
8 20 457
8 21 288
8 22 913
8 23 552
8 24 319
8 25 309
8 26 666
8 27 485
8 28 431
8 29 642
8 30 609
8 31 446
8 32 749
8 33 363
8 34 415
8 35 645
8 36 504
8 37 574
8 38 755
8 39 103
8 40 65
8 41 459
8 42 466
8 43 164
8 44 184
8 45 539
8 46 596
8 47 181
8 48 263
8 49 421
8 50 585
8 51 379
8 52 391
8 53 387
8 54 263
8 55 542
8 56 205
8 57 299
8 58 429
8 59 511
8 60 569
8 61 604
8 62 205
8 63 259
8 64 350
8 65 350
8 66 299
8 67 78
8 68 328
8 69 391
8 70 71
8 71 421
8 72 653
8 73 358
8 74 381
8 75 457
8 76 450
8 77 260
8 78 534
8 79 473
8 80 835
8 81 569
8 82 487
8 83 755
8 84 539
8 85 85
8 86 834
8 87 536
8 88 554
8 89 197
8 90 441
8 91 724
8 92 603
8 93 654
8 94 516
8 95 481
8 96 632
8 97 186
8 98 692
8 99 364
8 100 718
9 1 763
9 2 281
9 3 678
9 4 460
9 5 929
9 6 612
9 7 561
9 8 720
9 10 417
9 11 495
9 12 767
9 13 979
9 14 403
9 15 166
9 16 810
9 17 923
9 18 284
9 19 815
9 20 469
9 21 438
9 22 328
9 23 301
9 24 691
9 25 847
9 26 369
9 27 273
9 28 823
9 29 125
9 30 490
9 31 275
9 32 626
9 33 461
9 34 812
9 35 325
9 36 323
9 37 507
9 38 36
9 39 709
9 40 750
9 41 466
9 42 826
9 43 884
9 44 809
9 45 426
9 46 537
9 47 548
9 48 654
9 49 831
9 50 891
9 51 520
9 52 612
9 53 666
9 54 968
9 55 673
9 56 704
9 57 566
9 58 902
9 59 213
9 60 226
9 61 119
9 62 765
9 63 771
9 64 548
9 65 810
9 66 442
9 67 669
9 68 1023
9 69 725
9 70 788
9 71 354
9 72 271
9 73 1034
9 74 1025
9 75 352
9 76 588
9 77 522
9 78 395
9 79 607
9 80 255
9 81 188
9 82 362
9 83 340
9 84 523
9 85 641
9 86 308
9 87 775
9 88 519
9 89 544
9 90 287
9 91 316
9 92 701
9 93 101
9 94 207
9 95 435
9 96 484
9 97 795
9 98 215
9 99 778
9 100 58
10 1 497
10 2 382
10 3 274
10 4 174
10 5 665
10 6 399
10 7 560
10 8 303
10 9 417
10 11 130
10 12 351
10 13 565
10 14 73
10 15 377
10 16 398
10 17 511
10 18 334
10 19 444
10 20 295
10 21 49
10 22 635
10 23 297
10 24 365
10 25 482
10 26 434
10 27 203
10 28 518
10 29 345
10 30 437
10 31 143
10 32 601
10 33 200
10 34 500
10 35 400
10 36 254
10 37 414
10 38 452
10 39 304
10 40 336
10 41 294
10 42 537
10 43 467
10 44 412
10 45 345
10 46 449
10 47 139
10 48 307
10 49 518
10 50 639
10 51 267
10 52 348
10 53 383
10 54 555
10 55 483
10 56 326
10 57 245
10 58 569
10 59 210
10 60 287
10 61 301
10 62 381
10 63 403
10 64 268
10 65 471
10 66 85
10 67 257
10 68 613
10 69 427
10 70 372
10 71 169
10 72 390
10 73 631
10 74 633
10 75 217
10 76 370
10 77 164
10 78 324
10 79 397
10 80 553
10 81 276
10 82 258
10 83 502
10 84 397
10 85 225
10 86 563
10 87 542
10 88 407
10 89 145
10 90 145
10 91 469
10 92 539
10 93 355
10 94 214
10 95 297
10 96 452
10 97 401
10 98 412
10 99 452
10 100 417
11 1 584
11 2 506
11 3 189
11 4 84
11 5 536
11 6 284
11 7 688
11 8 262
11 9 495
11 10 130
11 12 305
11 13 529
11 14 95
11 15 413
11 16 376
11 17 481
11 18 459
11 19 328
11 20 418
11 21 163
11 22 654
11 23 423
11 24 437
11 25 364
11 26 406
11 27 324
11 28 389
11 29 398
11 30 368
11 31 231
11 32 727
11 33 111
11 34 567
11 35 383
11 36 382
11 37 540
11 38 530
11 39 220
11 40 315
11 41 418
11 42 407
11 43 417
11 44 315
11 45 287
11 46 367
11 47 89
11 48 180
11 49 389
11 50 511
11 51 158
11 52 225
11 53 472
11 54 525
11 55 591
11 56 365
11 57 335
11 58 443
11 59 309
11 60 405
11 61 390
11 62 273
11 63 443
11 64 148
11 65 346
11 66 201
11 67 193
11 68 590
11 69 507
11 70 332
11 71 298
11 72 392
11 73 617
11 74 633
11 75 195
11 76 258
11 77 252
11 78 277
11 79 506
11 80 577
11 81 323
11 82 226
11 83 626
11 84 310
11 85 210
11 86 574
11 87 417
11 88 324
11 89 66
11 90 259
11 91 462
11 92 650
11 93 452
11 94 311
11 95 230
11 96 388
11 97 300
11 98 528
11 99 516
11 100 481
12 1 489
12 2 689
12 3 138
12 4 381
12 5 591
12 6 493
12 7 766
12 8 48
12 9 767
12 10 351
12 11 305
12 13 225
12 14 376
12 15 711
12 16 93
12 17 178
12 18 640
12 19 266
12 20 497
12 21 336
12 22 958
12 23 598
12 24 340
12 25 299
12 26 706
12 27 532
12 28 432
12 29 689
12 30 643
12 31 493
12 32 782
12 33 402
12 34 423
12 35 686
12 36 550
12 37 611
12 38 803
12 39 118
12 40 65
12 41 499
12 42 469
12 43 117
12 44 168
12 45 577
12 46 627
12 47 227
12 48 284
12 49 421
12 50 588
12 51 412
12 52 416
12 53 412
12 54 221
12 55 568
12 56 223
12 57 335
12 58 420
12 59 559
12 60 616
12 61 651
12 62 203
12 63 265
12 64 382
12 65 349
12 66 346
12 67 114
12 68 288
12 69 409
12 70 30
12 71 467
12 72 696
12 73 321
12 74 351
12 75 500
12 76 477
12 77 302
12 78 573
12 79 503
12 80 880
12 81 615
12 82 529
12 83 799
12 84 570
12 85 131
12 86 878
12 87 548
12 88 586
12 89 241
12 90 489
12 91 766
12 92 629
12 93 702
12 94 564
12 95 519
12 96 666
12 97 175
12 98 739
12 99 374
12 100 765
13 1 527
13 2 865
13 3 356
13 4 605
13 5 722
13 6 696
13 7 884
13 8 269
13 9 979
13 10 565
13 11 529
13 12 225
13 14 598
13 15 933
13 16 170
13 17 58
13 18 818
13 19 407
13 20 644
13 21 542
13 22 1182
13 23 776
13 24 419
13 25 424
13 26 929
13 27 728
13 28 580
13 29 908
13 30 860
13 31 708
13 32 885
13 33 626
13 34 433
13 35 911
13 36 729
13 37 739
13 38 1014
13 39 329
13 40 230
13 41 647
13 42 620
13 43 122
13 44 311
13 45 798
13 46 840
13 47 449
13 48 486
13 49 566
13 50 730
13 51 631
13 52 620
13 53 494
13 54 23
13 55 644
13 56 324
13 57 477
13 58 533
13 59 768
13 60 808
13 61 861
13 62 372
13 63 306
13 64 598
13 65 496
13 66 543
13 67 339
13 68 76
13 69 464
13 70 199
13 71 654
13 72 921
13 73 127
13 74 188
13 75 724
13 76 683
13 77 478
13 78 796
13 79 603
13 80 1104
13 81 835
13 82 753
13 83 966
13 84 785
13 85 340
13 86 1102
13 87 718
13 88 801
13 89 465
13 90 694
13 91 991
13 92 698
13 93 906
13 94 773
13 95 740
13 96 884
13 97 328
13 98 925
13 99 402
13 100 981
14 1 569
14 2 418
14 3 275
14 4 108
14 5 613
14 6 333
14 7 619
14 8 330
14 9 403
14 10 73
14 11 95
14 12 376
14 13 598
14 15 336
14 16 435
14 17 546
14 18 372
14 19 423
14 20 361
14 21 121
14 22 587
14 23 339
14 24 434
14 25 458
14 26 369
14 27 236
14 28 473
14 29 314
14 30 365
14 31 136
14 32 663
14 33 132
14 34 569
14 35 337
14 36 301
14 37 478
14 38 439
14 39 307
14 40 373
14 41 361
14 42 488
14 43 492
14 44 407
14 45 274
14 46 377
14 47 150
14 48 272
14 49 476
14 50 585
14 51 202
14 52 289
14 53 455
14 54 590
14 55 554
14 56 386
14 57 316
14 58 534
14 59 214
14 60 314
14 61 296
14 62 367
14 63 464
14 64 208
14 65 437
14 66 157
14 67 270
14 68 652
14 69 498
14 70 400
14 71 223
14 72 334
14 73 674
14 74 682
14 75 149
14 76 305
14 77 234
14 78 254
14 79 468
14 80 508
14 81 240
14 82 189
14 83 538
14 84 325
14 85 261
14 86 512
14 87 483
14 88 335
14 89 142
14 90 168
14 91 410
14 92 609
14 93 357
14 94 216
14 95 225
14 96 380
14 97 393
14 98 436
14 99 520
14 100 394
15 1 812
15 2 404
15 3 601
15 4 356
15 5 782
15 6 466
15 7 684
15 8 665
15 9 166
15 10 377
15 11 413
15 12 711
15 13 933
15 14 336
15 16 770
15 17 881
15 18 389
15 19 708
15 20 531
15 21 413
15 22 260
15 23 390
15 24 712
15 25 736
15 26 204
15 27 318
15 28 691
15 29 60
15 30 327
15 31 246
15 32 746
15 33 348
15 34 843
15 35 160
15 36 393
15 37 600
15 38 186
15 39 633
15 40 708
15 41 529
15 42 688
15 43 826
15 44 721
15 45 271
15 46 376
15 47 485
15 48 545
15 49 700
15 50 742
15 51 394
15 52 479
15 53 705
15 54 926
15 55 746
15 56 697
15 57 583
15 58 776
15 59 230
15 60 314
15 61 179
15 62 669
15 63 772
15 64 426
15 65 689
15 66 431
15 67 603
15 68 987
15 69 760
15 70 736
15 71 386
15 72 106
15 73 1006
15 74 1009
15 75 232
15 76 445
15 77 520
15 78 243
15 79 670
15 80 177
15 81 103
15 82 227
15 83 487
15 84 367
15 85 596
15 86 201
15 87 625
15 88 361
15 89 473
15 90 293
15 91 160
15 92 785
15 93 223
15 94 223
15 95 292
15 96 319
15 97 704
15 98 356
15 99 802
15 100 114
16 1 427
16 2 700
16 3 227
16 4 456
16 5 679
16 6 583
16 7 741
16 8 119
16 9 810
16 10 398
16 11 376
16 12 93
16 13 170
16 14 435
16 15 770
16 17 114
16 18 652
16 19 352
16 20 486
16 21 372
16 22 1022
16 23 610
16 24 289
16 25 382
16 26 781
16 27 558
16 28 522
16 29 742
16 30 727
16 31 540
16 32 750
16 33 480
16 34 350
16 35 759
16 36 562
16 37 590
16 38 845
16 39 210
16 40 63
16 41 489
16 42 559
16 43 112
16 44 250
16 45 656
16 46 714
16 47 290
16 48 375
16 49 510
16 50 677
16 51 497
16 52 506
16 53 365
16 54 159
16 55 522
16 56 177
16 57 319
16 58 503
16 59 598
16 60 639
16 61 692
16 62 293
16 63 195
16 64 468
16 65 438
16 66 373
16 67 196
16 68 217
16 69 351
16 70 66
16 71 486
16 72 764
16 73 242
16 74 263
16 75 569
16 76 566
16 77 310
16 78 650
16 79 467
16 80 942
16 81 670
16 82 601
16 83 804
16 84 656
16 85 175
16 86 945
16 87 640
16 88 672
16 89 311
16 90 525
16 91 837
16 92 581
16 93 736
16 94 603
16 95 598
16 96 750
16 97 261
16 98 757
16 99 305
16 100 814
17 1 483
17 2 808
17 3 313
17 4 558
17 5 711
17 6 662
17 7 831
17 8 219
17 9 923
17 10 511
17 11 481
17 12 178
17 13 58
17 14 546
17 15 881
17 16 114
17 18 761
17 19 389
17 20 588
17 21 486
17 22 1131
17 23 719
17 24 367
17 25 411
17 26 883
17 27 671
17 28 563
17 29 854
17 30 820
17 31 653
17 32 834
17 33 580
17 34 393
17 35 863
17 36 672
17 37 684
17 38 958
17 39 289
17 40 175
17 41 591
17 42 603
17 43 96
17 44 289
17 45 754
17 46 802
17 47 398
17 48 451
17 49 550
17 50 717
17 51 589
17 52 585
17 53 443
17 54 45
17 55 595
17 56 268
17 57 421
17 58 525
17 59 712
17 60 751
17 61 805
17 62 345
17 63 257
17 64 558
17 65 479
17 66 486
17 67 292
17 68 110
17 69 416
17 70 150
17 71 597
17 72 871
17 73 147
17 74 193
17 75 675
17 76 648
17 77 420
17 78 750
17 79 551
17 80 1052
17 81 782
17 82 706
17 83 909
17 84 746
17 85 286
17 86 1053
17 87 696
17 88 761
17 89 416
17 90 638
17 91 942
17 92 650
17 93 850
17 94 717
17 95 696
17 96 843
17 97 304
17 98 868
17 99 357
17 100 927
18 1 497
18 2 50
18 3 597
18 4 474
18 5 984
18 6 688
18 7 297
18 8 594
18 9 284
18 10 334
18 11 459
18 12 640
18 13 818
18 14 372
18 15 389
18 16 652
18 17 761
18 19 777
18 20 208
18 21 321
18 22 608
18 23 43
18 24 458
18 25 815
18 26 565
18 27 137
18 28 845
18 29 329
18 30 643
18 31 259
18 32 358
18 33 491
18 34 561
18 35 518
18 36 91
18 37 224
18 38 305
18 39 624
18 40 601
18 41 204
18 42 860
18 43 748
18 44 736
18 45 555
18 46 678
18 47 465
18 48 639
18 49 847
18 50 953
18 51 563
18 52 656
18 53 414
18 54 803
18 55 394
18 56 505
18 57 350
18 58 902
18 59 197
18 60 79
18 61 210
18 62 712
18 63 557
18 64 577
18 65 804
18 66 299
18 67 572
18 68 845
18 69 473
18 70 652
18 71 176
18 72 475
18 73 845
18 74 821
18 75 429
18 76 660
18 77 343
18 78 524
18 79 336
18 80 531
18 81 325
18 82 462
18 83 168
18 84 641
18 85 510
18 86 576
18 87 847
18 88 645
18 89 477
18 90 207
18 91 545
18 92 419
18 93 184
18 94 200
18 95 534
18 96 648
18 97 727
18 98 113
18 99 536
18 100 329
19 1 746
19 2 826
19 3 196
19 4 356
19 5 328
19 6 326
19 7 968
19 8 274
19 9 815
19 10 444
19 11 328
19 12 266
19 13 407
19 14 423
19 15 708
19 16 352
19 17 389
19 18 777
19 20 689
19 21 459
19 22 914
19 23 738
19 24 591
19 25 39
19 26 626
19 27 646
19 28 175
19 29 707
19 30 519
19 31 558
19 32 996
19 33 360
19 34 687
19 35 625
19 36 693
19 37 812
19 38 849
19 39 181
19 40 328
19 41 691
19 42 214
19 43 294
19 44 103
19 45 488
19 46 485
19 47 315
19 48 163
19 49 162
19 50 329
19 51 321
19 52 263
19 53 656
19 54 417
19 55 807
19 56 478
19 57 551
19 58 156
19 59 636
19 60 730
19 61 715
19 62 73
19 63 530
19 64 286
19 65 90
19 66 488
19 67 236
19 68 483
19 69 664
19 70 288
19 71 606
19 72 655
19 73 531
19 74 581
19 75 476
19 76 325
19 77 489
19 78 499
19 79 732
19 80 849
19 81 633
19 82 486
19 83 945
19 84 438
19 85 323
19 86 828
19 87 313
19 88 454
19 89 300
19 90 584
19 91 705
19 92 869
19 93 779
19 94 638
19 95 438
19 96 544
19 97 92
19 98 854
19 99 636
19 100 793
20 1 294
20 2 244
20 3 495
20 4 467
20 5 950
20 6 693
20 7 279
20 8 457
20 9 469
20 10 295
20 11 418
20 12 497
20 13 644
20 14 361
20 15 531
20 16 486
20 17 588
20 18 208
20 19 689
20 21 255
20 22 778
20 23 175
20 24 254
20 25 728
20 26 668
20 27 214
20 28 795
20 29 476
20 30 708
20 31 317
20 32 312
20 33 492
20 34 353
20 35 624
20 36 147
20 37 124
20 38 496
20 39 516
20 40 446
20 41 4
20 42 819
20 43 592
20 44 626
20 45 614
20 46 729
20 47 383
20 48 582
20 49 793
20 50 927
20 51 561
20 52 641
20 53 207
20 54 626
20 55 216
20 56 321
20 57 168
20 58 833
20 59 302
20 60 244
20 61 367
20 62 618
20 63 361
20 64 561
20 65 737
20 66 218
20 67 459
20 68 660
20 69 266
20 70 501
20 71 156
20 72 593
20 73 654
20 74 623
20 75 478
20 76 664
20 77 202
20 78 587
20 79 140
20 80 696
20 81 441
20 82 519
20 83 327
20 84 681
20 85 380
20 86 730
20 87 835
20 88 690
20 89 406
20 90 254
20 91 672
20 92 261
20 93 370
20 94 309
20 95 575
20 96 719
20 97 621
20 98 320
20 99 329
20 100 504
21 1 449
21 2 371
21 3 277
21 4 218
21 5 697
21 6 441
21 7 527
21 8 288
21 9 438
21 10 49
21 11 163
21 12 336
21 13 542
21 14 121
21 15 413
21 16 372
21 17 486
21 18 321
21 19 459
21 20 255
21 22 672
21 23 281
21 24 318
21 25 497
21 26 481
21 27 200
21 28 545
21 29 377
21 30 485
21 31 171
21 32 565
21 33 245
21 34 453
21 35 445
21 36 236
21 37 377
21 38 473
21 39 304
21 40 313
21 41 256
21 42 567
21 43 451
21 44 416
21 45 393
21 46 497
21 47 145
21 48 333
21 49 545
21 50 672
21 51 310
21 52 386
21 53 335
21 54 531
21 55 437
21 56 285
21 57 197
21 58 591
21 59 227
21 60 285
21 61 320
21 62 392
21 63 361
21 64 307
21 65 494
21 66 39
21 67 253
21 68 586
21 69 380
21 70 354
21 71 148
21 72 433
21 73 600
21 74 598
21 75 264
21 76 413
21 77 117
21 78 372
21 79 351
21 80 590
21 81 311
21 82 306
21 83 488
21 84 444
21 85 206
21 86 604
21 87 580
21 88 454
21 89 161
21 90 154
21 91 513
21 92 494
21 93 367
21 94 232
21 95 345
21 96 500
21 97 406
21 98 409
21 99 406
21 100 444
22 1 1065
22 2 608
22 3 838
22 4 584
22 5 912
22 6 621
22 7 888
22 8 913
22 9 328
22 10 635
22 11 654
22 12 958
22 13 1182
22 14 587
22 15 260
22 16 1022
22 17 1131
22 18 608
22 19 914
22 20 778
22 21 672
22 23 620
22 24 971
22 25 937
22 26 296
22 27 567
22 28 858
22 29 306
22 30 430
22 31 506
22 32 952
22 33 569
22 34 1101
22 35 290
22 36 634
22 37 830
22 38 316
22 39 869
22 40 960
22 41 775
22 42 845
22 43 1070
22 44 945
22 45 430
22 46 481
22 47 733
22 48 756
22 49 871
22 50 868
22 51 594
22 52 660
22 53 961
22 54 1176
22 55 989
22 56 957
22 57 842
22 58 951
22 59 483
22 60 543
22 61 411
22 62 888
22 63 1032
22 64 629
22 65 878
22 66 691
22 67 846
22 68 1238
22 69 1017
22 70 984
22 71 641
22 72 265
22 73 1261
22 74 1266
22 75 460
22 76 609
22 77 780
22 78 416
22 79 917
22 80 84
22 81 363
22 82 437
22 83 658
22 84 503
22 85 848
22 86 88
22 87 756
22 88 490
22 89 717
22 90 550
22 91 211
22 92 1022
22 93 425
22 94 476
22 95 477
22 96 410
22 97 927
22 98 540
22 99 1061
22 100 279
23 1 468
23 2 92
23 3 557
23 4 443
23 5 951
23 6 660
23 7 307
23 8 552
23 9 301
23 10 297
23 11 423
23 12 598
23 13 776
23 14 339
23 15 390
23 16 610
23 17 719
23 18 43
23 19 738
23 20 175
23 21 281
23 22 620
23 24 420
23 25 776
23 26 557
23 27 108
23 28 810
23 29 331
23 30 626
23 31 234
23 32 364
23 33 461
23 34 527
23 35 510
23 36 49
23 37 212
23 38 325
23 39 584
23 40 559
23 41 172
23 42 827
23 43 706
23 44 696
23 45 536
23 46 658
23 47 426
23 48 603
23 49 812
23 50 922
23 51 534
23 52 625
23 53 380
23 54 761
23 55 373
23 56 464
23 57 310
23 58 865
23 59 180
23 60 78
23 61 213
23 62 673
23 63 518
23 64 545
23 65 767
23 66 258
23 67 531
23 68 804
23 69 440
23 70 610
23 71 135
23 72 470
23 73 804
23 74 781
23 75 406
23 76 632
23 77 301
23 78 506
23 79 309
23 80 540
23 81 317
23 82 442
23 83 207
23 84 619
23 85 469
23 86 582
23 87 817
23 88 624
23 89 439
23 90 177
23 91 543
23 92 403
23 93 200
23 94 185
23 95 511
23 96 632
23 97 687
23 98 152
23 99 501
23 100 342
24 1 157
24 2 497
24 3 407
24 4 514
24 5 900
24 6 714
24 7 466
24 8 319
24 9 691
24 10 365
24 11 437
24 12 340
24 13 419
24 14 434
24 15 712
24 16 289
24 17 367
24 18 458
24 19 591
24 20 254
24 21 318
24 22 971
24 23 420
24 25 628
24 26 798
24 27 419
24 28 738
24 29 666
24 30 795
24 31 469
24 32 467
24 33 542
24 34 135
24 35 762
24 36 381
24 37 327
24 38 723
24 39 413
24 40 276
24 41 258
24 42 770
24 43 400
24 44 502
24 45 706
24 46 801
24 47 359
24 48 542
24 49 731
24 50 888
24 51 593
24 52 645
24 53 77
24 54 398
24 55 233
24 56 117
24 57 130
24 58 746
24 59 492
24 60 477
24 61 577
24 62 521
24 63 115
24 64 578
24 65 663
24 66 289
24 67 363
24 68 421
24 69 75
24 70 330
24 71 338
24 72 747
24 73 407
24 74 371
24 75 582
24 76 689
24 77 202
24 78 687
24 79 185
24 80 888
24 81 612
24 82 623
24 83 578
24 84 745
24 85 277
24 86 910
24 87 821
24 88 757
24 89 390
24 90 422
24 91 827
24 92 292
24 93 598
24 94 499
24 95 654
24 96 813
24 97 505
24 98 570
24 99 90
24 100 715
25 1 782
25 2 863
25 3 234
25 4 388
25 5 302
25 6 337
25 7 1007
25 8 309
25 9 847
25 10 482
25 11 364
25 12 299
25 13 424
25 14 458
25 15 736
25 16 382
25 17 411
25 18 815
25 19 39
25 20 728
25 21 497
25 22 937
25 23 776
25 24 628
25 26 646
25 27 683
25 28 158
25 29 738
25 30 534
25 31 593
25 32 1035
25 33 390
25 34 721
25 35 648
25 36 731
25 37 851
25 38 881
25 39 219
25 40 361
25 41 729
25 42 197
25 43 316
25 44 132
25 45 508
25 46 497
25 47 353
25 48 194
25 49 143
25 50 307
25 51 346
25 52 280
25 53 693
25 54 435
25 55 845
25 56 514
25 57 589
25 58 122
25 59 671
25 60 766
25 61 749
25 62 111
25 63 563
25 64 312
25 65 79
25 66 526
25 67 274
25 68 500
25 69 700
25 70 319
25 71 644
25 72 679
25 73 549
25 74 603
25 75 505
25 76 339
25 77 528
25 78 521
25 79 771
25 80 874
25 81 664
25 82 512
25 83 982
25 84 453
25 85 361
25 86 850
25 87 305
25 88 468
25 89 338
25 90 620
25 91 727
25 92 906
25 93 813
25 94 673
25 95 461
25 96 559
25 97 124
25 98 891
25 99 671
25 100 824
26 1 922
26 2 589
26 3 575
26 4 326
26 5 623
26 6 326
26 7 861
26 8 666
26 9 369
26 10 434
26 11 406
26 12 706
26 13 929
26 14 369
26 15 204
26 16 781
26 17 883
26 18 565
26 19 626
26 20 668
26 21 481
26 22 296
26 23 557
26 24 798
26 25 646
26 27 464
26 28 563
26 29 255
26 30 142
26 31 352
26 32 920
26 33 304
26 34 933
26 35 48
26 36 547
26 37 757
26 38 386
26 39 604
26 40 720
26 41 666
26 42 551
26 43 812
26 44 667
26 45 139
26 46 194
26 47 494
26 48 473
26 49 576
26 50 581
26 51 311
26 52 368
26 53 809
26 54 926
26 55 881
26 56 754
26 57 674
26 58 656
26 59 378
26 60 487
26 61 363
26 62 606
26 63 832
26 64 346
26 65 584
26 66 511
26 67 592
26 68 993
26 69 858
26 70 734
26 71 513
26 72 99
26 73 1022
26 74 1039
26 75 220
26 76 314
26 77 597
26 78 134
26 79 798
26 80 247
26 81 241
26 82 182
26 83 683
26 84 208
26 85 614
26 86 208
26 87 466
26 88 197
26 89 471
26 90 415
26 91 88
26 92 928
26 93 419
26 94 373
26 95 193
26 96 126
26 97 648
26 98 552
26 99 886
26 100 315
27 1 500
27 2 183
27 3 473
27 4 337
27 5 847
27 6 553
27 7 409
27 8 485
27 9 273
27 10 203
27 11 324
27 12 532
27 13 728
27 14 236
27 15 318
27 16 558
27 17 671
27 18 137
27 19 646
27 20 214
27 21 200
27 22 567
27 23 108
27 24 419
27 25 683
27 26 464
27 28 708
27 29 263
27 30 524
27 31 128
27 32 463
27 33 354
27 34 541
27 35 418
27 36 84
27 37 294
27 38 305
27 39 502
27 40 503
27 41 212
27 42 723
27 43 645
27 44 612
27 45 432
27 46 554
27 47 339
27 48 504
27 49 711
27 50 817
27 51 427
27 52 520
27 53 397
27 54 715
27 55 429
27 56 435
27 57 293
27 58 767
27 59 89
27 60 86
27 61 160
27 62 584
27 63 500
27 64 440
27 65 669
27 66 188
27 67 452
27 68 764
27 69 455
27 70 548
27 71 81
27 72 384
27 73 772
27 74 758
27 75 301
27 76 525
27 77 255
27 78 403
27 79 353
27 80 484
27 81 230
27 82 337
27 83 303
27 84 513
27 85 402
27 86 517
27 87 711
27 88 518
27 89 348
27 90 70
27 91 461
27 92 470
27 93 184
27 94 95
27 95 405
27 96 531
27 97 602
27 98 211
27 99 506
27 100 299
28 1 895
28 2 891
28 3 332
28 4 378
28 5 163
28 6 238
28 7 1071
28 8 431
28 9 823
28 10 518
28 11 389
28 12 432
28 13 580
28 14 473
28 15 691
28 16 522
28 17 563
28 18 845
28 19 175
28 20 795
28 21 545
28 22 858
28 23 810
28 24 738
28 25 158
28 26 563
28 27 708
28 29 705
28 30 434
28 31 599
28 32 1107
28 33 369
28 34 844
28 35 575
28 36 770
28 37 919
28 38 855
28 39 329
28 40 490
28 41 796
28 42 40
28 43 468
28 44 277
28 45 434
28 46 389
28 47 413
28 48 214
28 49 17
28 50 156
28 51 304
28 52 212
28 53 797
28 54 591
28 55 940
28 56 630
28 57 677
28 58 96
28 59 677
28 60 786
28 61 741
28 62 229
28 63 689
28 64 279
28 65 85
28 66 581
28 67 375
28 68 656
28 69 812
28 70 457
28 71 686
28 72 616
28 73 705
28 74 755
28 75 472
28 76 251
28 77 605
28 78 455
28 79 860
28 80 805
28 81 636
28 82 466
28 83 1011
28 84 357
28 85 462
28 86 771
28 87 152
28 88 370
28 89 389
28 90 640
28 91 649
28 92 1001
28 93 809
28 94 677
28 95 400
28 96 457
28 97 263
28 98 905
28 99 793
28 100 791
29 1 761
29 2 345
29 3 586
29 4 352
29 5 806
29 6 488
29 7 625
29 8 642
29 9 125
29 10 345
29 11 398
29 12 689
29 13 908
29 14 314
29 15 60
29 16 742
29 17 854
29 18 329
29 19 707
29 20 476
29 21 377
29 22 306
29 23 331
29 24 666
29 25 738
29 26 255
29 27 263
29 28 705
29 30 368
29 31 206
29 32 687
29 33 349
29 34 795
29 35 209
29 36 336
29 37 542
29 38 152
29 39 618
29 40 680
29 41 473
29 42 705
29 43 805
29 44 711
29 45 301
29 46 414
29 47 464
29 48 545
29 49 713
29 50 767
29 51 403
29 52 493
29 53 655
29 54 899
29 55 691
29 56 658
29 57 537
29 58 786
29 59 178
29 60 255
29 61 120
29 62 663
29 63 731
29 64 432
29 65 696
29 66 391
29 67 584
29 68 958
29 69 711
29 70 712
29 71 335
29 72 157
29 73 975
29 74 974
29 75 235
29 76 465
29 77 478
29 78 271
29 79 615
29 80 223
29 81 76
29 82 240
29 83 430
29 84 398
29 85 568
29 86 255
29 87 651
29 88 395
29 89 455
29 90 245
29 91 218
29 92 728
29 93 166
29 94 171
29 95 312
29 96 363
29 97 696
29 98 299
29 99 756
29 100 88
30 1 933
30 2 675
30 3 507
30 4 285
30 5 483
30 6 200
30 7 932
30 8 609
30 9 490
30 10 437
30 11 368
30 12 643
30 13 860
30 14 365
30 15 327
30 16 727
30 17 820
30 18 643
30 19 519
30 20 708
30 21 485
30 22 430
30 23 626
30 24 795
30 25 534
30 26 142
30 27 524
30 28 434
30 29 368
30 31 399
30 32 986
30 33 258
30 34 929
30 35 172
30 36 607
30 37 811
30 38 512
30 39 532
30 40 669
30 41 706
30 42 417
30 43 739
30 44 575
30 45 94
30 46 52
30 47 456
30 48 381
30 49 447
30 50 440
30 51 231
30 52 257
30 53 819
30 54 861
30 55 913
30 56 732
30 57 680
30 58 529
30 59 448
30 60 566
30 61 459
30 62 512
30 63 810
30 64 262
30 65 466
30 66 521
30 67 532
30 68 929
30 69 861
30 70 672
30 71 554
30 72 225
30 73 964
30 74 989
30 75 230
30 76 196
30 77 598
30 78 122
30 79 827
30 80 388
30 81 330
30 82 189
30 83 780
30 84 82
30 85 573
30 86 345
30 87 327
30 88 66
30 89 428
30 90 463
30 91 228
30 92 965
30 93 522
30 94 444
30 95 141
30 96 25
30 97 556
30 98 651
30 99 878
30 100 441
31 1 578
31 2 300
31 3 406
31 4 222
31 5 730
31 6 429
31 7 536
31 8 446
31 9 275
31 10 143
31 11 231
31 12 493
31 13 708
31 14 136
31 15 246
31 16 540
31 17 653
31 18 259
31 19 558
31 20 317
31 21 171
31 22 506
31 23 234
31 24 469
31 25 593
31 26 352
31 27 128
31 28 599
31 29 206
31 30 399
31 32 589
31 33 235
31 34 601
31 35 309
31 36 209
31 37 414
31 38 310
31 39 437
31 40 479
31 41 315
31 42 610
31 43 610
31 44 541
31 45 306
31 46 427
31 47 274
31 48 405
31 49 603
31 50 698
31 51 307
31 52 401
31 53 467
31 54 698
31 55 530
31 56 453
31 57 339
31 58 665
31 59 79
31 60 190
31 61 162
31 62 502
31 63 527
31 64 324
31 65 569
31 66 186
31 67 395
31 68 755
31 69 520
31 70 515
31 71 162
31 72 284
31 73 771
31 74 768
31 75 173
31 76 401
31 77 274
31 78 277
31 79 447
31 80 423
31 81 144
31 82 211
31 83 418
31 84 386
31 85 368
31 86 442
31 87 589
31 88 391
31 89 273
31 90 65
31 91 364
31 92 577
31 93 222
31 94 81
31 95 278
31 96 407
31 97 528
31 98 306
31 99 558
31 100 275
32 1 385
32 2 346
32 3 801
32 4 771
32 5 1261
32 6 996
32 7 66
32 8 749
32 9 626
32 10 601
32 11 727
32 12 782
32 13 885
32 14 663
32 15 746
32 16 750
32 17 834
32 18 358
32 19 996
32 20 312
32 21 565
32 22 952
32 23 364
32 24 467
32 25 1035
32 26 920
32 27 463
32 28 1107
32 29 687
32 30 986
32 31 589
32 33 794
32 34 485
32 35 873
32 36 380
32 37 188
32 38 638
32 39 819
32 40 724
32 41 311
32 42 1130
32 43 861
32 44 926
32 45 894
32 46 1015
32 47 694
32 48 893
32 49 1104
32 50 1237
32 51 865
32 52 949
32 53 391
32 54 864
32 55 248
32 56 574
32 57 450
32 58 1142
32 59 544
32 60 435
32 61 567
32 62 924
32 63 579
32 64 869
32 65 1047
32 66 528
32 67 762
32 68 881
32 69 426
32 70 780
32 71 442
32 72 832
32 73 859
32 74 809
32 75 761
32 76 968
32 77 508
32 78 865
32 79 284
32 80 879
32 81 680
32 82 799
32 83 311
32 84 972
32 85 678
32 86 929
32 87 1143
32 88 978
32 89 718
32 90 525
32 91 903
32 92 210
32 93 533
32 94 549
32 95 864
32 96 993
32 97 923
32 98 413
32 99 495
32 100 678
33 1 686
33 2 534
33 3 273
33 4 29
33 5 495
33 6 203
33 7 748
33 8 363
33 9 461
33 10 200
33 11 111
33 12 402
33 13 626
33 14 132
33 15 348
33 16 480
33 17 580
33 18 491
33 19 360
33 20 492
33 21 245
33 22 569
33 23 461
33 24 542
33 25 390
33 26 304
33 27 354
33 28 369
33 29 349
33 30 258
33 31 235
33 32 794
33 34 674
33 35 287
33 36 427
33 37 609
33 38 494
33 39 302
33 40 419
33 41 492
33 42 377
33 43 509
33 44 377
33 45 178
33 46 259
33 47 199
33 48 197
33 49 374
33 50 464
33 51 73
33 52 167
33 53 572
33 54 623
33 55 681
33 56 475
33 57 434
33 58 442
33 59 311
33 60 425
33 61 373
33 62 322
33 63 553
33 64 90
33 65 350
33 66 283
33 67 288
33 68 689
33 69 611
33 70 430
33 71 353
33 72 305
33 73 720
33 74 740
33 75 117
33 76 174
33 77 350
33 78 171
33 79 595
33 80 498
33 81 276
33 82 133
33 83 652
33 84 203
33 85 318
33 86 486
33 87 357
33 88 216
33 89 173
33 90 285
33 91 368
33 92 738
33 93 440
33 94 311
33 95 120
33 96 278
33 97 360
33 98 539
33 99 623
33 100 436
34 1 101
34 2 595
34 3 515
34 4 646
34 5 1006
34 6 840
34 7 501
34 8 415
34 9 812
34 10 500
34 11 567
34 12 423
34 13 433
34 14 569
34 15 843
34 16 350
34 17 393
34 18 561
34 19 687
34 20 353
34 21 453
34 22 1101
34 23 527
34 24 135
34 25 721
34 26 933
34 27 541
34 28 844
34 29 795
34 30 929
34 31 601
34 32 485
34 33 674
34 35 897
34 36 493
34 37 389
34 38 842
34 39 515
34 40 360
34 41 357
34 42 879
34 43 452
34 44 590
34 45 840
34 46 933
34 47 487
34 48 658
34 49 835
34 50 998
34 51 723
34 52 769
34 53 148
34 54 411
34 55 238
34 56 216
34 57 262
34 58 841
34 59 619
34 60 592
34 61 701
34 62 619
34 63 158
34 64 706
34 65 765
34 66 423
34 67 472
34 68 411
34 69 88
34 70 406
34 71 463
34 72 881
34 73 382
34 74 326
34 75 716
34 76 816
34 77 337
34 78 822
34 79 239
34 80 1018
34 81 743
34 82 757
34 83 659
34 84 877
34 85 392
34 86 1042
34 87 938
34 88 890
34 89 517
34 90 551
34 91 961
34 92 280
34 93 716
34 94 626
34 95 788
34 96 946
34 97 597
34 98 672
34 99 53
34 100 840
35 1 883
35 2 542
35 3 560
35 4 306
35 5 646
35 6 340
35 7 814
35 8 645
35 9 325
35 10 400
35 11 383
35 12 686
35 13 911
35 14 337
35 15 160
35 16 759
35 17 863
35 18 518
35 19 625
35 20 624
35 21 445
35 22 290
35 23 510
35 24 762
35 25 648
35 26 48
35 27 418
35 28 575
35 29 209
35 30 172
35 31 309
35 32 873
35 33 287
35 34 897
35 36 501
35 37 711
35 38 344
35 39 589
35 40 697
35 41 622
35 42 566
35 43 795
35 44 659
35 45 142
35 46 223
35 47 470
35 48 468
35 49 586
35 50 605
35 51 305
35 52 372
35 53 770
35 54 907
35 55 838
35 56 722
35 57 636
35 58 666
35 59 332
35 60 440
35 61 316
35 62 600
35 63 801
35 64 340
35 65 589
35 66 474
35 67 573
35 68 972
35 69 820
35 70 714
35 71 469
35 72 55
35 73 1000
35 74 1014
35 75 191
35 76 324
35 77 561
35 78 127
35 79 756
35 80 230
35 81 194
35 82 158
35 83 636
35 84 227
35 85 589
35 86 203
35 87 488
35 88 218
35 89 449
35 90 371
35 91 82
35 92 884
35 93 372
35 94 326
35 95 187
35 96 162
35 97 641
35 98 505
35 99 850
35 100 273
36 1 440
36 2 140
36 3 511
36 4 407
36 5 914
36 6 628
36 7 327
36 8 504
36 9 323
36 10 254
36 11 382
36 12 550
36 13 729
36 14 301
36 15 393
36 16 562
36 17 672
36 18 91
36 19 693
36 20 147
36 21 236
36 22 634
36 23 49
36 24 381
36 25 731
36 26 547
36 27 84
36 28 770
36 29 336
36 30 607
36 31 209
36 32 380
36 33 427
36 34 493
36 35 501
36 37 211
36 38 351
36 39 537
36 40 512
36 41 143
36 42 788
36 43 658
36 44 649
36 45 515
36 46 636
36 47 380
36 48 561
36 49 771
36 50 885
36 51 500
36 52 590
36 53 346
36 54 714
36 55 356
36 56 419
36 57 266
36 58 823
36 59 170
36 60 99
36 61 223
36 62 627
36 63 475
36 64 509
36 65 725
36 66 211
36 67 483
36 68 758
36 69 406
36 70 562
36 71 88
36 72 465
36 73 759
36 74 738
36 75 382
36 76 599
36 77 253
36 78 486
36 79 285
36 80 552
36 81 311
36 82 420
36 83 254
36 84 594
36 85 421
36 86 590
36 87 783
36 88 600
36 89 394
36 90 147
36 91 541
36 92 392
36 93 224
36 94 176
36 95 486
36 96 614
36 97 640
36 98 197
36 99 464
36 100 358
37 1 305
37 2 237
37 3 618
37 4 585
37 5 1073
37 6 810
37 7 157
37 8 574
37 9 507
37 10 414
37 11 540
37 12 611
37 13 739
37 14 478
37 15 600
37 16 590
37 17 684
37 18 224
37 19 812
37 20 124
37 21 377
37 22 830
37 23 212
37 24 327
37 25 851
37 26 757
37 27 294
37 28 919
37 29 542
37 30 811
37 31 414
37 32 188
37 33 609
37 34 389
37 35 711
37 36 211
37 38 528
37 39 637
37 40 556
37 41 124
37 42 942
37 43 699
37 44 746
37 45 718
37 46 837
37 47 507
37 48 706
37 49 917
37 50 1049
37 51 679
37 52 761
37 53 259
37 54 720
37 55 180
37 56 417
37 57 276
37 58 956
37 59 381
37 60 289
37 61 424
37 62 741
37 63 441
37 64 681
37 65 861
37 66 340
37 67 581
37 68 747
37 69 310
37 70 612
37 71 260
37 72 675
37 73 733
37 74 693
37 75 583
37 76 782
37 77 324
37 78 690
37 79 151
37 80 751
37 81 521
37 82 623
37 83 274
37 84 792
37 85 499
37 86 793
37 87 955
37 88 799
37 89 530
37 90 349
37 91 751
37 92 196
37 93 407
37 94 386
37 95 684
37 96 820
37 97 742
37 98 318
37 99 381
37 100 551
38 1 790
38 2 297
38 3 713
38 4 494
38 5 958
38 6 640
38 7 573
38 8 755
38 9 36
38 10 452
38 11 530
38 12 803
38 13 1014
38 14 439
38 15 186
38 16 845
38 17 958
38 18 305
38 19 849
38 20 496
38 21 473
38 22 316
38 23 325
38 24 723
38 25 881
38 26 386
38 27 305
38 28 855
38 29 152
38 30 512
38 31 310
38 32 638
38 33 494
38 34 842
38 35 344
38 36 351
38 37 528
38 39 745
38 40 785
38 41 493
38 42 856
38 43 919
38 44 844
38 45 451
38 46 560
38 47 583
38 48 688
38 49 862
38 50 919
38 51 552
38 52 643
38 53 695
38 54 1003
38 55 697
38 56 737
38 57 598
38 58 934
38 59 247
38 60 252
38 61 154
38 62 800
38 63 804
38 64 580
38 65 843
38 66 476
38 67 705
38 68 1057
38 69 754
38 70 823
38 71 386
38 72 290
38 73 1069
38 74 1059
38 75 383
38 76 617
38 77 555
38 78 422
38 79 633
38 80 248
38 81 219
38 82 391
38 83 344
38 84 548
38 85 676
38 86 305
38 87 802
38 88 544
38 89 579
38 90 322
38 91 327
38 92 723
38 93 127
38 94 242
38 95 464
38 96 504
38 97 830
38 98 225
38 99 809
38 100 72
39 1 569
39 2 674
39 3 32
39 4 285
39 5 492
39 6 375
39 7 793
39 8 103
39 9 709
39 10 304
39 11 220
39 12 118
39 13 329
39 14 307
39 15 633
39 16 210
39 17 289
39 18 624
39 19 181
39 20 516
39 21 304
39 22 869
39 23 584
39 24 413
39 25 219
39 26 604
39 27 502
39 28 329
39 29 618
39 30 532
39 31 437
39 32 819
39 33 302
39 34 515
39 35 589
39 36 537
39 37 637
39 38 745
39 40 166
39 41 517
39 42 364
39 43 209
39 44 113
39 45 471
39 46 513
39 47 166
39 48 166
39 49 321
39 50 483
39 51 302
39 52 299
39 53 476
39 54 329
39 55 626
39 56 302
39 57 371
39 58 335
39 59 511
39 60 587
39 61 599
39 62 109
39 63 361
39 64 270
39 65 251
39 66 327
39 67 57
39 68 398
39 69 486
39 70 147
39 71 449
39 72 605
39 73 435
39 74 469
39 75 410
39 76 360
39 77 314
39 78 470
39 79 552
39 80 795
39 81 543
39 82 433
39 83 790
39 84 457
39 85 143
39 86 786
39 87 434
39 88 473
39 89 166
39 90 448
39 91 670
39 92 688
39 93 656
39 94 514
39 95 413
39 96 556
39 97 106
39 98 712
39 99 464
39 100 699
40 1 425
40 2 650
40 3 177
40 4 396
40 5 651
40 6 532
40 7 710
40 8 65
40 9 750
40 10 336
40 11 315
40 12 65
40 13 230
40 14 373
40 15 708
40 16 63
40 17 175
40 18 601
40 19 328
40 20 446
40 21 313
40 22 960
40 23 559
40 24 276
40 25 361
40 26 720
40 27 503
40 28 490
40 29 680
40 30 669
40 31 479
40 32 724
40 33 419
40 34 360
40 35 697
40 36 512
40 37 556
40 38 785
40 39 166
40 41 449
40 42 527
40 43 148
40 44 231
40 45 597
40 46 657
40 47 228
40 48 327
40 49 480
40 50 646
40 51 440
40 52 455
40 53 349
40 54 220
40 55 506
40 56 160
40 57 281
40 58 482
40 59 539
40 60 585
40 61 632
40 62 262
40 63 202
40 64 412
40 65 409
40 66 316
40 67 141
40 68 280
40 69 345
40 70 57
40 71 432
40 72 702
40 73 303
40 74 321
40 75 507
40 76 513
40 77 260
40 78 589
40 79 443
