nnodes nedges type capacity P s t
100  4950  graph  1000 100 1 100 
nodename posx posy itemvalue itemweight
1 281 266 0 0
2 169 937 165 42
3 499 945 186 10
4 730 310 322 27
5 188 1 416 3
6 759 25 188 39
7 271 41 35 6
8 185 913 409 19
9 258 731 142 42
10 353 65 229 49
11 111 698 71 20
12 256 806 305 12
13 175 366 69 43
14 346 560 397 38
15 67 183 471 44
16 167 348 97 31
17 801 336 210 13
18 637 301 425 45
19 281 720 425 46
20 611 821 72 42
21 73 370 499 11
22 199 697 180 35
23 411 384 366 39
24 610 21 155 8
25 468 316 382 36
26 87 579 458 2
27 14 695 105 13
28 385 541 115 23
29 61 83 107 11
30 102 128 12 30
31 619 621 156 11
32 829 420 212 17
33 957 818 73 36
34 721 590 463 49
35 538 685 382 34
36 763 964 40 32
37 55 962 144 20
38 661 819 116 12
39 699 271 160 22
40 192 519 221 43
41 939 279 357 28
42 98 953 196 12
43 327 835 292 10
44 847 388 486 1
45 270 301 172 50
46 869 889 32 29
47 922 698 162 43
48 310 231 395 36
49 868 383 231 7
50 821 407 435 14
51 68 936 243 24
52 723 476 195 38
53 251 384 45 12
54 647 950 99 6
55 7 839 283 21
56 821 947 448 40
57 471 919 201 43
58 252 798 453 42
59 106 99 304 40
60 186 376 94 25
61 400 407 491 25
62 618 322 153 4
63 105 280 220 47
64 553 974 90 50
65 15 726 256 24
66 733 84 413 48
67 663 456 349 9
68 912 266 87 44
69 192 559 120 36
70 568 199 449 4
71 398 389 208 49
72 146 869 245 8
73 308 751 243 47
74 19 766 400 47
75 850 558 339 45
76 494 251 373 31
77 965 464 470 26
78 925 71 185 39
79 744 479 424 24
80 397 760 490 29
81 557 482 149 2
82 196 220 28 47
83 938 108 360 15
84 838 130 242 31
85 19 406 152 43
86 681 769 84 9
87 795 180 291 29
88 639 455 267 35
89 931 10 377 18
90 221 781 431 17
91 568 68 362 4
92 32 534 248 33
93 532 310 181 32
94 957 277 371 4
95 789 706 57 12
96 389 346 135 7
97 188 585 113 14
98 919 478 53 24
99 45 757 480 47
100 608 64 0 0
endpoint1 endpoint2 weight
1 2 681
1 3 714
1 4 452
1 5 281
1 6 536
1 7 226
1 8 655
1 9 466
1 10 214
1 11 465
1 12 541
1 13 146
1 14 302
1 15 230
1 16 141
1 17 525
1 18 358
1 19 454
1 20 646
1 21 233
1 22 439
1 23 176
1 24 411
1 25 194
1 26 369
1 27 506
1 28 295
1 29 287
1 30 227
1 31 491
1 32 570
1 33 873
1 34 547
1 35 492
1 36 849
1 37 732
1 38 671
1 39 419
1 40 269
1 41 659
1 42 711
1 43 571
1 44 579
1 45 37
1 46 857
1 47 773
1 48 46
1 49 599
1 50 559
1 51 704
1 52 490
1 53 122
1 54 776
1 55 636
1 56 870
1 57 681
1 58 533
1 59 242
1 60 146
1 61 185
1 62 342
1 63 177
1 64 759
1 65 532
1 66 488
1 67 427
1 68 631
1 69 307
1 70 295
1 71 170
1 72 618
1 73 486
1 74 565
1 75 640
1 76 214
1 77 713
1 78 673
1 79 510
1 80 508
1 81 351
1 82 97
1 83 676
1 84 574
1 85 298
1 86 643
1 87 522
1 88 405
1 89 699
1 90 519
1 91 349
1 92 366
1 93 255
1 94 677
1 95 673
1 96 135
1 97 333
1 98 673
1 99 545
1 100 385
2 1 681
2 3 331
2 4 842
2 5 937
2 6 1087
2 7 902
2 8 29
2 9 225
2 10 892
2 11 246
2 12 158
2 13 572
2 14 417
2 15 761
2 16 590
2 17 873
2 18 790
2 19 245
2 20 457
2 21 576
2 22 242
2 23 604
2 24 1017
2 25 690
2 26 368
2 27 288
2 28 452
2 29 861
2 30 812
2 31 550
2 32 839
2 33 797
2 34 653
2 35 447
2 36 595
2 37 117
2 38 506
2 39 852
2 40 419
2 41 1013
2 42 73
2 43 189
2 44 873
2 45 644
2 46 702
2 47 791
2 48 720
2 49 892
2 50 841
2 51 102
2 52 721
2 53 560
2 54 479
2 55 190
2 56 653
2 57 303
2 58 162
2 59 841
2 60 562
2 61 579
2 62 762
2 63 661
2 64 386
2 65 262
2 66 1023
2 67 690
2 68 1002
2 69 379
2 70 839
2 71 594
2 72 72
2 73 233
2 74 228
2 75 780
2 76 760
2 77 926
2 78 1150
2 79 736
2 80 289
2 81 598
2 82 718
2 83 1131
2 84 1049
2 85 552
2 86 539
2 87 983
2 88 674
2 89 1200
2 90 165
2 91 957
2 92 426
2 93 725
2 94 1028
2 95 662
2 96 631
2 97 353
2 98 880
2 99 219
2 100 978
3 1 714
3 2 331
3 4 676
3 5 994
3 6 957
3 7 933
3 8 316
3 9 323
3 10 893
3 11 460
3 12 280
3 13 664
3 14 415
3 15 876
3 16 684
3 17 680
3 18 659
3 19 314
3 20 168
3 21 716
3 22 390
3 23 568
3 24 931
3 25 630
3 26 552
3 27 546
3 28 420
3 29 967
3 30 909
3 31 346
3 32 621
3 33 476
3 34 419
3 35 263
3 36 265
3 37 445
3 38 206
3 39 704
3 40 526
3 41 799
3 42 402
3 43 205
3 44 657
3 45 684
3 46 375
3 47 490
3 48 739
3 49 673
3 50 627
3 51 432
3 52 520
3 53 614
3 54 149
3 55 504
3 56 323
3 57 39
3 58 288
3 59 933
3 60 650
3 61 548
3 62 635
3 63 773
3 64 62
3 65 532
3 66 893
3 67 516
3 68 795
3 69 494
3 70 750
3 71 566
3 72 362
3 73 273
3 74 513
3 75 523
3 76 695
3 77 670
3 78 973
3 79 527
3 80 212
3 81 467
3 82 786
3 83 946
3 84 883
3 85 722
3 86 254
3 87 821
3 88 510
3 89 1030
3 90 323
3 91 880
3 92 623
3 93 636
3 94 810
3 95 376
3 96 610
3 97 476
3 98 629
3 99 492
3 100 888
4 1 452
4 2 842
4 3 676
4 5 624
4 6 287
4 7 533
4 8 813
4 9 633
4 10 450
4 11 731
4 12 687
4 13 558
4 14 459
4 15 676
4 16 565
4 17 76
4 18 94
4 19 609
4 20 525
4 21 660
4 22 658
4 23 328
4 24 313
4 25 263
4 26 698
4 27 813
4 28 416
4 29 707
4 30 654
4 31 331
4 32 148
4 33 557
4 34 281
4 35 422
4 36 655
4 37 939
4 38 514
4 39 50
4 40 578
4 41 212
4 42 902
4 43 662
4 44 141
4 45 461
4 46 596
4 47 433
4 48 428
4 49 157
4 50 134
4 51 912
4 52 167
4 53 485
4 54 646
4 55 896
4 56 644
4 57 662
4 58 684
4 59 659
4 60 548
4 61 344
4 62 113
4 63 626
4 64 688
4 65 828
4 66 227
4 67 161
4 68 188
4 69 593
4 70 197
4 71 342
4 72 809
4 73 611
4 74 845
4 75 276
4 76 244
4 77 281
4 78 309
4 79 170
4 80 560
4 81 244
4 82 542
4 83 290
4 84 210
4 85 718
4 86 462
4 87 146
4 88 172
4 89 362
4 90 694
4 91 292
4 92 734
4 93 198
4 94 230
4 95 401
4 96 343
4 97 608
4 98 253
4 99 818
4 100 275
5 1 281
5 2 937
5 3 994
5 4 624
5 6 572
5 7 93
5 8 913
5 9 734
5 10 177
5 11 702
5 12 808
5 13 366
5 14 581
5 15 219
5 16 348
5 17 699
5 18 541
5 19 725
5 20 923
5 21 387
5 22 697
5 23 444
5 24 423
5 25 422
5 26 587
5 27 716
5 28 575
5 29 152
5 30 154
5 31 756
5 32 766
5 33 1122
5 34 795
5 35 769
5 36 1122
5 37 971
5 38 945
5 39 578
5 40 519
5 41 801
5 42 957
5 43 846
5 44 765
5 45 312
5 46 1120
5 47 1013
5 48 261
5 49 780
5 50 753
5 51 943
5 52 716
5 53 389
5 54 1055
5 55 858
5 56 1139
5 57 961
5 58 800
5 59 128
5 60 376
5 61 459
5 62 537
5 63 292
5 64 1040
5 65 746
5 66 552
5 67 658
5 68 771
5 69 559
5 70 429
5 71 442
5 72 870
5 73 760
5 74 784
5 75 866
5 76 396
5 77 905
5 78 741
5 79 734
5 80 788
5 81 607
5 82 220
5 83 758
5 84 663
5 85 439
5 86 913
5 87 633
5 88 640
5 89 744
5 90 781
5 91 386
5 92 556
5 93 463
5 94 818
5 95 927
5 96 400
5 97 584
5 98 873
5 99 770
5 100 425
6 1 536
6 2 1087
6 3 957
6 4 287
6 5 572
6 7 489
6 8 1058
6 9 866
6 10 408
6 11 935
6 12 929
6 13 677
6 14 676
6 15 710
6 16 675
6 17 314
6 18 302
6 19 844
6 20 810
6 21 768
6 22 875
6 23 500
6 24 150
6 25 412
6 26 871
6 27 1002
6 28 638
6 29 701
6 30 666
6 31 613
6 32 402
6 33 818
6 34 567
6 35 697
6 36 940
6 37 1173
6 38 801
6 39 254
6 40 753
6 41 312
6 42 1140
6 43 918
6 44 374
6 45 562
6 46 871
6 47 693
6 48 495
6 49 375
6 50 387
6 51 1144
6 52 453
6 53 623
6 54 932
6 55 1109
6 56 925
6 57 940
6 58 925
6 59 658
6 60 672
6 61 525
6 62 329
6 63 702
6 64 972
6 65 1023
6 66 65
6 67 442
6 68 286
6 69 779
6 70 259
6 71 513
6 72 1044
6 73 855
6 74 1048
6 75 541
6 76 349
6 77 485
6 78 173
6 79 455
6 80 820
6 81 500
6 82 596
6 83 198
6 84 132
6 85 833
6 86 749
6 87 160
6 88 447
6 89 173
6 90 928
6 91 196
6 92 888
6 93 365
6 94 321
6 95 682
6 96 490
6 97 800
6 98 481
6 99 1023
6 100 156
7 1 226
7 2 902
7 3 933
7 4 533
7 5 93
7 6 489
7 8 877
7 9 691
7 10 86
7 11 677
7 12 766
7 13 339
7 14 525
7 15 249
7 16 325
7 17 607
7 18 449
7 19 680
7 20 851
7 21 384
7 22 660
7 23 371
7 24 340
7 25 339
7 26 569
7 27 703
7 28 513
7 29 215
7 30 191
7 31 677
7 32 675
7 33 1037
7 34 710
7 35 698
7 36 1046
7 37 946
7 38 871
7 39 486
7 40 485
7 41 710
7 42 929
7 43 796
7 44 673
7 45 261
7 46 1038
7 47 925
7 48 194
7 49 689
7 50 661
7 51 918
7 52 628
7 53 344
7 54 984
7 55 841
7 56 1060
7 57 901
7 58 758
7 59 175
7 60 346
7 61 389
7 62 447
7 63 291
7 64 975
7 65 732
7 66 464
7 67 571
7 68 680
7 69 524
7 70 337
7 71 371
7 72 838
7 73 711
7 74 768
7 75 777
7 76 307
7 77 813
7 78 655
7 79 645
7 80 730
7 81 526
7 82 195
7 83 671
7 84 574
7 85 444
7 86 836
7 87 543
7 88 554
7 89 661
7 90 742
7 91 299
7 92 548
7 93 375
7 94 726
7 95 843
7 96 328
7 97 551
7 98 782
7 99 751
7 100 338
8 1 655
8 2 29
8 3 316
8 4 813
8 5 913
8 6 1058
8 7 877
8 9 197
8 10 865
8 11 228
8 12 129
8 13 548
8 14 388
8 15 740
8 16 566
8 17 845
8 18 761
8 19 216
8 20 436
8 21 555
8 22 217
8 23 576
8 24 989
8 25 661
8 26 349
8 27 278
8 28 423
8 29 840
8 30 790
8 31 524
8 32 812
8 33 778
8 34 626
8 35 421
8 36 581
8 37 139
8 38 486
8 39 823
8 40 395
8 41 986
8 42 96
8 43 163
8 44 845
8 45 618
8 46 685
8 47 768
8 48 694
8 49 865
8 50 813
8 51 120
8 52 694
8 53 534
8 54 464
8 55 193
8 56 637
8 57 287
8 58 134
8 59 818
8 60 538
8 61 550
8 62 733
8 63 639
8 64 374
8 65 253
8 66 994
8 67 662
8 68 974
8 69 355
8 70 811
8 71 566
8 72 59
8 73 204
8 74 222
8 75 754
8 76 731
8 77 901
8 78 1121
8 79 708
8 80 262
8 81 570
8 82 694
8 83 1103
8 84 1020
8 85 534
8 86 517
8 87 954
8 88 645
8 89 1172
8 90 137
8 91 928
8 92 409
8 93 696
8 94 1001
8 95 639
8 96 603
8 97 329
8 98 854
8 99 210
8 100 949
9 1 466
9 2 225
9 3 323
9 4 633
9 5 734
9 6 866
9 7 691
9 8 197
9 10 673
9 11 151
9 12 76
9 13 375
9 14 193
9 15 581
9 16 394
9 17 672
9 18 574
9 19 26
9 20 365
9 21 406
9 22 69
9 23 380
9 24 793
9 25 466
9 26 229
9 27 247
9 28 229
9 29 678
9 30 623
9 31 378
9 32 651
9 33 705
9 34 484
9 35 284
9 36 557
9 37 308
9 38 413
9 39 638
9 40 223
9 41 818
9 42 274
9 43 125
9 44 682
9 45 431
9 46 632
9 47 665
9 48 503
9 49 703
9 50 650
9 51 280
9 52 531
9 53 348
9 54 447
9 55 274
9 56 604
9 57 285
9 58 68
9 59 651
9 60 363
9 61 354
9 62 545
9 63 477
9 64 383
9 65 244
9 66 803
9 67 490
9 68 803
9 69 185
9 70 616
9 71 370
9 72 178
9 73 54
9 74 242
9 75 617
9 76 535
9 77 756
9 78 939
9 79 548
9 80 142
9 81 390
9 82 515
9 83 923
9 84 836
9 85 404
9 86 425
9 87 770
9 88 471
9 89 987
9 90 63
9 91 732
9 92 300
9 93 503
9 94 834
9 95 532
9 96 407
9 97 162
9 98 708
9 99 215
9 100 754
10 1 214
10 2 892
10 3 893
10 4 450
10 5 177
10 6 408
10 7 86
10 8 865
10 9 673
10 11 678
10 12 748
10 13 350
10 14 496
10 15 310
10 16 339
10 17 524
10 18 370
10 19 659
10 20 799
10 21 415
10 22 651
10 23 325
10 24 261
10 25 277
10 26 579
10 27 716
10 28 478
10 29 293
10 30 259
10 31 617
10 32 594
10 33 966
10 34 642
10 35 648
10 36 989
10 37 946
10 38 815
10 39 403
10 40 482
10 41 624
10 42 924
10 43 771
10 44 591
10 45 251
10 46 973
10 47 852
10 48 172
10 49 606
10 50 580
10 51 917
10 52 554
10 53 335
10 54 933
10 55 848
10 56 999
10 57 863
10 58 740
10 59 250
10 60 354
10 61 346
10 62 370
10 63 329
10 64 931
10 65 743
10 66 381
10 67 499
10 68 595
10 69 520
10 70 254
10 71 328
10 72 831
10 73 688
10 74 777
10 75 701
10 76 234
10 77 731
10 78 573
10 79 570
10 80 697
10 81 465
10 82 221
10 83 587
10 84 490
10 85 478
10 86 777
10 87 457
10 88 484
10 89 581
10 90 729
10 91 216
10 92 569
10 93 304
10 94 641
10 95 776
10 96 284
10 97 546
10 98 701
10 99 758
10 100 256
11 1 465
11 2 246
11 3 460
11 4 731
11 5 702
11 6 935
11 7 677
11 8 228
11 9 151
11 10 678
11 12 181
11 13 339
11 14 273
11 15 517
11 16 355
11 17 780
11 18 660
11 19 172
11 20 515
11 21 331
11 22 89
11 23 435
11 24 842
11 25 523
11 26 122
11 27 98
11 28 316
11 29 618
11 30 571
11 31 514
11 32 770
11 33 855
11 34 620
11 35 428
11 36 705
11 37 270
11 38 564
11 39 727
11 40 197
11 41 928
11 42 256
11 43 256
11 44 799
11 45 428
11 46 782
11 47 811
11 48 508
11 49 820
11 50 768
11 51 242
11 52 652
11 53 344
11 54 593
11 55 176
11 56 753
11 57 423
11 58 173
11 59 600
11 60 331
11 61 411
11 62 632
11 63 419
11 64 522
11 65 100
11 66 875
11 67 603
11 68 911
11 69 161
11 70 677
11 71 422
11 72 175
11 73 205
11 74 115
11 75 753
11 76 589
11 77 886
11 78 1028
11 79 670
11 80 293
11 81 496
11 82 486
11 83 1016
11 84 923
11 85 307
11 86 575
11 87 859
11 88 582
11 89 1071
11 90 138
11 91 779
11 92 183
11 93 573
11 94 945
11 95 679
11 96 449
11 97 137
11 98 838
11 99 89
11 100 806
12 1 541
12 2 158
12 3 280
12 4 687
12 5 808
12 6 929
12 7 766
12 8 129
12 9 76
12 10 748
12 11 181
12 13 448
12 14 262
12 15 652
12 16 467
12 17 720
12 18 633
12 19 90
12 20 356
12 21 473
12 22 124
12 23 450
12 24 862
12 25 534
12 26 284
12 27 267
12 28 295
12 29 749
12 30 696
12 31 408
12 32 691
12 33 702
12 34 513
12 35 307
12 36 532
12 37 255
12 38 406
12 39 695
12 40 295
12 41 863
12 42 216
12 43 77
12 44 724
12 45 506
12 46 619
12 47 675
12 48 578
12 49 744
12 50 692
12 51 229
12 52 572
12 53 423
12 54 417
12 55 252
12 56 583
12 57 243
12 58 9
12 59 723
12 60 436
12 61 425
12 62 605
12 63 548
12 64 342
12 65 254
12 66 866
12 67 537
12 68 850
12 69 256
12 70 683
12 71 441
12 72 127
12 73 76
12 74 241
12 75 644
12 76 604
12 77 788
12 78 994
12 79 588
12 80 149
12 81 443
12 82 590
12 83 976
12 84 893
12 85 465
12 86 427
12 87 827
12 88 520
12 89 1044
12 90 44
12 91 802
12 92 353
12 93 568
12 94 879
12 95 543
12 96 479
12 97 232
12 98 740
12 99 217
12 100 822
13 1 146
13 2 572
13 3 664
13 4 558
13 5 366
13 6 677
13 7 339
13 8 548
13 9 375
13 10 350
13 11 339
13 12 448
13 14 259
13 15 213
13 16 20
13 17 627
13 18 467
13 19 370
13 20 631
13 21 103
13 22 332
13 23 237
13 24 556
13 25 298
13 26 231
13 27 367
13 28 274
13 29 306
13 30 249
13 31 513
13 32 657
13 33 904
13 34 591
13 35 484
13 36 839
13 37 608
13 38 665
13 39 533
13 40 154
13 41 769
13 42 593
13 43 494
13 44 673
13 45 116
13 46 870
13 47 818
13 48 191
13 49 694
13 50 648
13 51 580
13 52 559
13 53 79
13 54 751
13 55 502
13 56 869
13 57 628
13 58 439
13 59 276
13 60 15
13 61 229
13 62 446
13 63 111
13 64 716
13 65 394
13 66 626
13 67 497
13 68 744
13 69 194
13 70 428
13 71 225
13 72 504
13 73 408
13 74 430
13 75 702
13 76 340
13 77 797
13 78 806
13 79 581
13 80 453
13 81 400
13 82 148
13 83 806
13 84 704
13 85 162
13 86 647
13 87 648
13 88 473
13 89 836
13 90 418
13 91 494
13 92 221
13 93 362
13 94 788
13 95 702
13 96 215
13 97 220
13 98 753
13 99 413
13 100 528
14 1 302
14 2 417
14 3 415
14 4 459
14 5 581
14 6 676
14 7 525
14 8 388
14 9 193
14 10 496
14 11 273
14 12 262
14 13 259
14 15 470
14 16 278
14 17 508
14 18 390
14 19 173
14 20 372
14 21 333
14 22 201
14 23 188
14 24 601
14 25 273
14 26 260
14 27 359
14 28 44
14 29 556
14 30 497
14 31 280
14 32 503
14 33 664
14 34 377
14 35 230
14 36 581
14 37 497
14 38 408
14 39 457
14 40 160
14 41 657
14 42 465
14 43 276
14 44 530
14 45 270
14 46 618
14 47 593
14 48 331
14 49 552
14 50 500
14 51 468
14 52 387
14 53 201
14 54 493
14 55 440
14 56 613
14 57 381
14 58 256
14 59 520
14 60 244
14 61 163
14 62 362
14 63 370
14 64 463
14 65 371
14 66 614
14 67 334
14 68 638
14 69 155
14 70 424
14 71 179
14 72 369
14 73 195
14 74 387
14 75 505
14 76 343
14 77 627
14 78 758
14 79 407
14 80 207
14 81 225
14 82 372
14 83 745
14 84 654
14 85 362
14 86 395
14 87 589
14 88 312
14 89 803
14 90 254
14 91 540
14 92 316
14 93 312
14 94 674
14 95 467
14 96 219
14 97 160
14 98 579
14 99 360
14 100 561
15 1 230
15 2 761
15 3 876
15 4 676
15 5 219
15 6 710
15 7 249
15 8 740
15 9 581
15 10 310
15 11 517
15 12 652
15 13 213
15 14 470
15 16 193
15 17 750
15 18 583
15 19 579
15 20 839
15 21 188
15 22 531
15 23 399
15 24 567
15 25 423
15 26 397
15 27 515
15 28 479
15 29 101
15 30 66
15 31 705
15 32 799
15 33 1094
15 34 771
15 35 689
15 36 1047
15 37 780
15 38 871
15 39 639
15 40 359
15 41 878
15 42 771
15 43 702
15 44 807
15 45 235
15 46 1069
15 47 999
15 48 248
15 49 826
15 50 787
15 51 754
15 52 719
15 53 273
15 54 962
15 55 659
15 56 1074
15 57 840
15 58 643
15 59 93
15 60 227
15 61 402
15 62 569
15 63 105
15 64 929
15 65 546
15 66 674
15 67 656
15 68 850
15 69 397
15 70 502
15 71 390
15 72 691
15 73 618
15 74 585
15 75 869
15 76 433
15 77 941
15 78 866
15 79 739
15 80 665
15 81 575
15 82 135
15 83 875
15 84 773
15 85 229
15 86 849
15 87 729
15 88 634
15 89 882
15 90 618
15 91 515
15 92 353
15 93 483
15 94 895
15 95 892
15 96 361
15 97 420
15 98 902
15 99 575
15 100 554
16 1 141
16 2 590
16 3 684
16 4 565
16 5 348
16 6 675
16 7 325
16 8 566
16 9 394
16 10 339
16 11 355
16 12 467
16 13 20
16 14 278
16 15 193
16 17 635
16 18 473
16 19 390
16 20 649
16 21 97
16 22 351
16 23 247
16 24 551
16 25 303
16 26 245
16 27 380
16 28 292
16 29 286
16 30 230
16 31 529
16 32 666
16 33 920
16 34 605
16 35 502
16 36 858
16 37 625
16 38 683
16 39 538
16 40 173
16 41 776
16 42 609
16 43 513
16 44 682
16 45 114
16 46 887
16 47 833
16 48 185
16 49 702
16 50 657
16 51 597
16 52 571
16 53 92
16 54 770
16 55 517
16 56 887
16 57 647
16 58 458
16 59 257
16 60 34
16 61 241
16 62 452
16 63 93
16 64 736
16 65 408
16 66 625
16 67 508
16 68 750
16 69 213
16 70 428
16 71 235
16 72 522
16 73 427
16 74 444
16 75 715
16 76 342
16 77 807
16 78 808
16 79 592
16 80 472
16 81 413
16 82 132
16 83 808
16 84 706
16 85 159
16 86 665
16 87 651
16 88 484
16 89 836
16 90 437
16 91 490
16 92 230
16 93 367
16 94 794
16 95 718
16 96 223
16 97 238
16 98 764
16 99 427
16 100 525
17 1 525
17 2 873
17 3 680
17 4 76
17 5 699
17 6 314
17 7 607
17 8 845
17 9 672
17 10 524
17 11 780
17 12 720
17 13 627
17 14 508
17 15 750
17 16 635
17 18 168
17 19 647
17 20 521
17 21 729
17 22 702
17 23 393
17 24 369
17 25 334
17 26 755
17 27 866
17 28 464
17 29 783
17 30 730
17 31 339
17 32 89
17 33 507
17 34 267
17 35 438
17 36 630
17 37 974
17 38 503
17 39 121
17 40 636
17 41 150
17 42 936
17 43 689
17 44 70
17 45 533
17 46 558
17 47 382
17 48 503
17 49 82
17 50 74
17 51 948
17 52 161
17 53 553
17 54 634
17 55 940
17 56 612
17 57 670
17 58 718
17 59 735
17 60 617
17 61 408
17 62 184
17 63 699
17 64 685
17 65 878
17 66 262
17 67 183
17 68 132
17 69 649
17 70 271
17 71 407
17 72 845
17 73 645
17 74 893
17 75 228
17 76 319
17 77 209
17 78 293
17 79 154
17 80 586
17 81 285
17 82 617
17 83 266
17 84 210
17 85 786
17 86 450
17 87 157
17 88 202
17 89 351
17 90 732
17 91 356
17 92 795
17 93 271
17 94 167
17 95 371
17 96 413
17 97 662
17 98 185
17 99 866
17 100 334
18 1 358
18 2 790
18 3 659
18 4 94
18 5 541
18 6 302
18 7 449
18 8 761
18 9 574
18 10 370
18 11 660
18 12 633
18 13 467
18 14 390
18 15 583
18 16 473
18 17 168
18 19 550
18 20 521
18 21 569
18 22 591
18 23 241
18 24 282
18 25 170
18 26 617
18 27 738
18 28 348
18 29 616
18 30 563
18 31 321
18 32 226
18 33 609
18 34 301
18 35 397
18 36 675
18 37 881
18 38 519
18 39 69
18 40 496
18 41 303
18 42 846
18 43 618
18 44 228
18 45 367
18 46 633
18 47 489
18 48 335
18 49 246
18 50 213
18 51 853
18 52 195
18 53 395
18 54 650
18 55 829
18 56 672
18 57 640
18 58 629
18 59 569
18 60 458
18 61 260
18 62 29
18 63 533
18 64 679
18 65 754
18 66 238
18 67 158
18 68 278
18 69 515
18 70 124
18 71 255
18 72 751
18 73 558
18 74 774
18 75 334
18 76 152
18 77 367
18 78 369
18 79 208
18 80 518
18 81 198
18 82 449
18 83 358
18 84 264
18 85 627
18 86 471
18 87 200
18 88 155
18 89 414
18 90 636
18 91 244
18 92 649
18 93 106
18 94 321
18 95 433
18 96 253
18 97 532
18 98 333
18 99 748
18 100 239
19 1 454
19 2 245
19 3 314
19 4 609
19 5 725
19 6 844
19 7 680
19 8 216
19 9 26
19 10 659
19 11 172
19 12 90
19 13 370
19 14 173
19 15 579
19 16 390
19 17 647
19 18 550
19 20 346
19 21 408
19 22 86
19 23 361
19 24 773
19 25 446
19 26 240
19 27 269
19 28 208
19 29 674
19 30 619
19 31 353
19 32 625
19 33 684
19 34 459
19 35 260
19 36 541
19 37 332
19 38 393
19 39 614
19 40 220
19 41 793
19 42 297
19 43 124
19 44 657
19 45 420
19 46 612
19 47 642
19 48 490
19 49 677
19 50 625
19 51 304
19 52 505
19 53 338
19 54 433
19 55 299
19 56 586
19 57 276
19 58 84
19 59 646
19 60 357
19 61 335
19 62 522
19 63 474
19 64 373
19 65 267
19 66 781
19 67 465
19 68 778
19 69 184
19 70 595
19 71 352
19 72 202
19 73 42
19 74 267
19 75 592
19 76 516
19 77 731
19 78 915
19 79 522
19 80 123
19 81 365
19 82 508
19 83 898
19 84 812
19 85 409
19 86 403
19 87 746
19 88 446
19 89 963
19 90 86
19 91 713
19 92 311
19 93 481
19 94 809
19 95 509
19 96 390
19 97 164
19 98 683
19 99 239
19 100 733
20 1 646
20 2 457
20 3 168
20 4 525
20 5 923
20 6 810
20 7 851
20 8 436
20 9 365
20 10 799
20 11 515
20 12 356
20 13 631
20 14 372
20 15 839
20 16 649
20 17 521
20 18 521
20 19 346
20 21 703
20 22 431
20 23 481
20 24 801
20 25 525
20 26 578
20 27 611
20 28 360
20 29 921
20 30 860
20 31 201
20 32 457
20 33 347
20 34 256
20 35 155
20 36 209
20 37 574
20 38 51
20 39 557
20 40 517
20 41 634
20 42 530
20 43 285
20 44 494
20 45 622
20 46 267
20 47 335
20 48 663
20 49 508
20 50 465
20 51 556
20 52 363
20 53 567
20 54 134
20 55 605
20 56 245
20 57 171
20 58 360
20 59 882
20 60 616
20 61 465
20 62 500
20 63 741
20 64 164
20 65 604
20 66 748
20 67 369
20 68 632
20 69 495
20 70 624
20 71 482
20 72 468
20 73 311
20 74 595
20 75 356
20 76 582
20 77 503
20 78 814
20 79 367
20 80 223
20 81 344
20 82 731
20 83 785
20 84 728
20 85 723
20 86 88
20 87 667
20 88 368
20 89 872
20 90 393
20 91 755
20 92 647
20 93 518
20 94 645
20 95 212
20 96 525
20 97 485
20 98 461
20 99 570
20 100 758
21 1 233
21 2 576
21 3 716
21 4 660
21 5 387
21 6 768
21 7 384
21 8 555
21 9 406
21 10 415
21 11 331
21 12 473
21 13 103
21 14 333
21 15 188
21 16 97
21 17 729
21 18 569
21 19 408
21 20 703
21 22 351
21 23 339
21 24 641
21 25 399
21 26 210
21 27 331
21 28 356
21 29 288
21 30 244
21 31 601
21 32 758
21 33 992
21 34 685
21 35 562
21 36 911
21 37 593
21 38 740
21 39 634
21 40 191
21 41 871
21 42 584
21 43 530
21 44 775
21 45 209
21 46 951
21 47 911
21 48 275
21 49 796
21 50 749
21 51 567
21 52 659
21 53 179
21 54 817
21 55 474
21 56 945
21 57 679
21 58 464
21 59 274
21 60 114
21 61 330
21 62 548
21 63 96
21 64 772
21 65 361
21 66 720
21 67 597
21 68 846
21 69 224
21 70 524
21 71 326
21 72 505
21 73 448
21 74 400
21 75 800
21 76 438
21 77 897
21 78 903
21 79 680
21 80 508
21 81 497
21 82 194
21 83 904
21 84 802
21 85 65
21 86 728
21 87 747
21 88 573
21 89 931
21 90 437
21 91 580
21 92 170
21 93 463
21 94 889
21 95 791
21 96 317
21 97 244
21 98 853
21 99 389
21 100 617
22 1 439
22 2 242
22 3 390
22 4 658
22 5 697
22 6 875
22 7 660
22 8 217
22 9 69
22 10 651
22 11 89
22 12 124
22 13 332
22 14 201
22 15 531
22 16 351
22 17 702
22 18 591
22 19 86
22 20 431
22 21 351
22 23 379
22 24 792
22 25 467
22 26 163
22 27 186
22 28 243
22 29 630
22 30 578
22 31 427
22 32 689
22 33 768
22 34 533
22 35 340
22 36 625
22 37 302
22 38 478
22 39 657
22 40 179
22 41 850
22 42 276
22 43 189
22 44 718
22 45 403
22 46 697
22 47 724
22 48 480
22 49 740
22 50 687
22 51 273
22 52 569
22 53 318
22 54 515
22 55 239
22 56 671
22 57 352
22 58 115
22 59 606
22 60 322
22 61 353
22 62 563
22 63 428
22 64 450
22 65 187
22 66 813
22 67 523
22 68 834
22 69 139
22 70 620
22 71 367
22 72 180
22 73 122
22 74 193
22 75 666
22 76 535
22 77 801
22 78 959
22 79 587
22 80 208
22 81 418
22 82 478
22 83 946
22 84 855
22 85 343
22 86 488
22 87 789
22 88 503
22 89 1004
22 90 87
22 91 730
22 92 234
22 93 511
22 94 867
22 95 591
22 96 400
22 97 113
22 98 753
22 99 166
22 100 754
23 1 176
23 2 604
23 3 568
23 4 328
23 5 444
23 6 500
23 7 371
23 8 576
23 9 380
23 10 325
23 11 435
23 12 450
23 13 237
23 14 188
23 15 399
23 16 247
23 17 393
23 18 241
23 19 361
23 20 481
23 21 339
23 22 379
23 24 414
23 25 89
23 26 379
23 27 505
23 28 160
23 29 462
23 30 402
23 31 316
23 32 420
23 33 698
23 34 373
23 35 327
23 36 679
23 37 679
23 38 502
23 39 310
23 40 258
23 41 539
23 42 650
23 43 459
23 44 437
23 45 164
23 46 682
23 47 600
23 48 184
23 49 458
23 50 411
23 51 650
23 52 326
23 53 160
23 54 614
23 55 609
23 56 697
23 57 539
23 58 444
23 59 418
23 60 226
23 61 26
23 62 217
23 63 324
23 64 607
23 65 524
23 66 441
23 67 263
23 68 515
23 69 281
23 70 243
23 71 14
23 72 553
23 73 382
23 74 548
23 75 473
23 76 157
23 77 560
23 78 602
23 79 347
23 80 377
23 81 176
23 82 271
23 83 595
23 84 497
23 85 393
23 86 471
23 87 435
23 88 239
23 89 641
23 90 441
23 91 353
23 92 408
23 93 142
23 94 557
23 95 497
23 96 44
23 97 301
23 98 517
23 99 523
23 100 376
24 1 411
24 2 1017
24 3 931
24 4 313
24 5 423
24 6 150
24 7 340
24 8 989
24 9 793
24 10 261
24 11 842
24 12 862
24 13 556
24 14 601
24 15 567
24 16 551
24 17 369
24 18 282
24 19 773
24 20 801
24 21 641
24 22 792
24 23 414
24 25 328
24 26 765
24 27 900
24 28 567
24 29 553
24 30 520
24 31 601
24 32 456
24 33 870
24 34 580
24 35 668
24 36 956
24 37 1093
24 38 800
24 39 266
24 40 651
24 41 419
24 42 1064
24 43 862
24 44 437
24 45 441
24 46 906
24 47 746
24 48 367
24 49 445
24 50 440
24 51 1064
24 52 469
24 53 511
24 54 930
24 55 1017
24 56 950
24 57 909
24 58 856
24 59 510
24 60 553
24 61 440
24 62 302
24 63 568
24 64 955
24 65 923
24 66 139
24 67 439
24 68 389
24 69 682
24 70 183
24 71 425
24 72 967
24 73 791
24 74 951
24 75 589
24 76 258
24 77 568
24 78 319
24 79 478
24 80 770
24 81 465
24 82 460
24 83 340
24 84 253
24 85 706
24 86 752
24 87 244
24 88 435
24 89 322
24 90 854
24 91 64
24 92 773
24 93 300
24 94 432
24 95 709
24 96 394
24 97 705
24 98 552
24 99 928
24 100 44
25 1 194
25 2 690
25 3 630
25 4 263
25 5 422
25 6 412
25 7 339
25 8 661
25 9 466
25 10 277
25 11 523
25 12 534
25 13 298
25 14 273
25 15 423
25 16 303
25 17 334
25 18 170
25 19 446
25 20 525
25 21 399
25 22 467
25 23 89
25 24 328
25 26 463
25 27 592
25 28 240
25 29 469
25 30 412
25 31 341
25 32 376
25 33 701
25 34 373
25 35 376
25 36 712
25 37 767
25 38 539
25 39 236
25 40 343
25 41 473
25 42 737
25 43 538
25 44 386
25 45 199
25 46 700
25 47 594
25 48 180
25 49 406
25 50 365
25 51 738
25 52 302
25 53 228
25 54 659
25 55 698
25 56 724
25 57 604
25 58 529
25 59 423
25 60 289
25 61 114
25 62 151
25 63 365
25 64 664
25 65 611
25 66 353
25 67 241
25 68 447
25 69 368
25 70 154
25 71 102
25 72 640
25 73 464
25 74 636
25 75 453
25 76 71
25 77 519
25 78 519
25 79 321
25 80 450
25 81 189
25 82 289
25 83 514
25 84 415
25 85 458
25 86 501
25 87 355
25 88 221
25 89 555
25 90 527
25 91 268
25 92 488
25 93 65
25 94 491
25 95 506
25 96 85
25 97 389
25 98 480
25 99 612
25 100 289
26 1 369
26 2 368
26 3 552
26 4 698
26 5 587
26 6 871
26 7 569
26 8 349
26 9 229
26 10 579
26 11 122
26 12 284
26 13 231
26 14 260
26 15 397
26 16 245
26 17 755
26 18 617
26 19 240
26 20 578
26 21 210
26 22 163
26 23 379
26 24 765
26 25 463
26 27 138
26 28 301
26 29 497
26 30 452
26 31 534
26 32 759
26 33 903
26 34 635
26 35 464
26 36 778
26 37 385
26 38 623
26 39 686
26 40 121
26 41 904
26 42 375
26 43 351
26 44 784
26 45 333
26 46 842
26 47 844
26 48 414
26 49 806
26 50 754
26 51 358
26 52 645
26 53 255
26 54 672
26 55 273
26 56 822
26 57 513
26 58 275
26 59 481
26 60 226
26 61 358
26 62 590
26 63 300
26 64 611
26 65 164
26 66 814
26 67 589
26 68 883
26 69 107
26 70 613
26 71 365
26 72 296
26 73 281
26 74 199
26 75 764
26 76 523
26 77 886
26 78 980
26 79 665
26 80 359
26 81 480
26 82 376
26 83 973
26 84 875
26 85 186
26 86 624
26 87 813
26 88 566
26 89 1018
26 90 243
26 91 702
26 92 72
26 93 520
26 94 921
26 95 714
26 96 382
26 97 102
26 98 839
26 99 183
26 100 733
27 1 506
27 2 288
27 3 546
27 4 813
27 5 716
27 6 1002
27 7 703
27 8 278
27 9 247
27 10 716
27 11 98
27 12 267
27 13 367
27 14 359
27 15 515
27 16 380
27 17 866
27 18 738
27 19 269
27 20 611
27 21 331
27 22 186
27 23 505
27 24 900
27 25 592
27 26 138
27 28 402
27 29 614
27 30 574
27 31 610
27 32 861
27 33 951
27 34 715
27 35 525
27 36 796
27 37 271
27 38 659
27 39 806
27 40 251
27 41 1015
27 42 272
27 43 343
27 44 888
27 45 470
27 46 877
27 47 909
27 48 551
27 49 910
27 50 857
27 51 247
27 52 743
27 53 392
27 54 683
27 55 145
27 56 846
27 57 509
27 58 260
27 59 604
27 60 363
27 61 482
27 62 710
27 63 425
27 64 607
27 65 32
27 66 944
27 67 692
27 68 996
27 69 225
27 70 744
27 71 492
27 72 219
27 73 300
27 74 72
27 75 848
27 76 654
27 77 979
27 78 1105
27 79 762
27 80 389
27 81 584
27 82 509
27 83 1095
27 84 1000
27 85 290
27 86 672
27 87 936
27 88 670
27 89 1145
27 90 225
27 91 837
27 92 163
27 93 646
27 94 1032
27 95 776
27 96 513
27 97 206
27 98 931
27 99 70
27 100 867
28 1 295
28 2 452
28 3 420
28 4 416
28 5 575
28 6 638
28 7 513
28 8 423
28 9 229
28 10 478
28 11 316
28 12 295
28 13 274
28 14 44
28 15 479
28 16 292
28 17 464
28 18 348
28 19 208
28 20 360
28 21 356
28 22 243
28 23 160
28 24 567
28 25 240
28 26 301
28 27 402
28 29 562
28 30 501
28 31 248
28 32 461
28 33 636
28 34 340
28 35 211
28 36 568
28 37 535
28 38 392
28 39 415
28 40 195
28 41 613
28 42 503
28 43 300
28 44 487
28 45 267
28 46 597
28 47 560
28 48 319
28 49 509
28 50 457
28 51 507
28 52 345
28 53 207
28 54 486
28 55 482
28 56 596
28 57 388
28 58 290
28 59 523
28 60 259
28 61 135
28 62 320
28 63 383
28 64 465
28 65 414
28 66 575
28 67 291
28 68 595
28 69 194
28 70 388
28 71 153
28 72 406
28 73 224
28 74 430
28 75 466
28 76 310
28 77 586
28 78 716
28 79 365
28 80 220
28 81 182
28 82 373
28 83 703
28 84 612
28 85 391
28 86 374
28 87 547
28 88 269
28 89 762
28 90 291
28 91 508
28 92 354
28 93 274
28 94 630
28 95 437
28 96 196
28 97 202
28 98 538
28 99 403
28 100 527
29 1 287
29 2 861
29 3 967
29 4 707
29 5 152
29 6 701
29 7 215
29 8 840
29 9 678
29 10 293
29 11 618
29 12 749
29 13 306
29 14 556
29 15 101
29 16 286
29 17 783
29 18 616
29 19 674
29 20 921
29 21 288
29 22 630
29 23 462
29 24 553
29 25 469
29 26 497
29 27 614
29 28 562
29 30 61
29 31 776
29 32 839
29 33 1159
29 34 833
29 35 769
29 36 1127
29 37 880
29 38 950
29 39 666
29 40 456
29 41 900
29 42 871
29 43 798
29 44 844
29 45 303
29 46 1142
29 47 1059
29 48 290
29 49 861
29 50 827
29 51 854
29 52 770
29 53 356
29 54 1047
29 55 758
29 56 1151
29 57 932
29 58 741
29 59 48
29 60 319
29 61 469
29 62 607
29 63 202
29 64 1018
29 65 645
29 66 673
29 67 709
29 68 871
29 69 494
29 70 521
29 71 456
29 72 791
29 73 713
29 74 685
29 75 921
29 76 465
29 77 982
29 78 865
29 79 790
29 80 756
29 81 637
29 82 193
29 83 878
29 84 779
29 85 326
29 86 925
29 87 741
29 88 688
29 89 874
29 90 717
29 91 508
29 92 452
29 93 523
29 94 917
29 95 959
29 96 421
29 97 518
29 98 945
29 99 675
29 100 548
30 1 227
30 2 812
30 3 909
30 4 654
30 5 154
30 6 666
30 7 191
30 8 790
30 9 623
30 10 259
30 11 571
30 12 696
30 13 249
30 14 497
30 15 66
30 16 230
30 17 730
30 18 563
30 19 619
30 20 860
30 21 244
30 22 578
30 23 402
30 24 520
30 25 412
30 26 452
30 27 574
30 28 501
30 29 61
30 31 715
30 32 784
30 33 1099
30 34 773
30 35 708
30 36 1066
30 37 836
30 38 889
30 39 614
30 40 402
30 41 851
30 42 826
30 43 742
30 44 790
30 45 242
30 46 1081
30 47 999
30 48 233
30 49 808
30 50 772
30 51 809
30 52 712
30 53 297
30 54 987
30 55 718
30 56 1090
30 57 873
30 58 687
30 59 30
30 60 262
30 61 409
30 62 552
30 63 153
30 64 959
30 65 605
30 66 633
30 67 650
30 68 822
30 69 441
30 70 472
30 71 395
30 72 743
30 73 657
30 74 644
30 75 863
30 76 411
30 77 927
30 78 825
30 79 732
30 80 698
30 81 577
30 82 132
30 83 837
30 84 737
30 85 291
30 86 864
30 87 695
30 88 629
30 89 838
30 90 664
30 91 470
30 92 412
30 93 467
30 94 868
30 95 898
30 96 361
30 97 466
30 98 889
30 99 632
30 100 511
31 1 491
31 2 550
31 3 346
31 4 331
31 5 756
31 6 613
31 7 677
31 8 524
31 9 378
31 10 617
31 11 514
31 12 408
31 13 513
31 14 280
31 15 705
31 16 529
31 17 339
31 18 321
31 19 353
31 20 201
31 21 601
31 22 427
31 23 316
31 24 601
31 25 341
31 26 534
31 27 610
31 28 248
31 29 776
31 30 715
31 32 291
31 33 392
31 34 107
31 35 104
31 36 373
31 37 660
31 38 203
31 39 360
31 40 440
31 41 469
31 42 618
31 43 363
31 44 326
31 45 474
31 46 367
31 47 313
31 48 498
31 49 345
31 50 295
31 51 635
31 52 179
31 53 438
31 54 331
31 55 650
31 56 384
31 57 333
31 58 408
31 59 732
31 60 498
31 61 307
31 62 300
31 63 617
31 64 360
31 65 614
31 66 549
31 67 171
31 68 461
31 69 432
31 70 426
31 71 321
31 72 535
31 73 338
31 74 618
31 75 240
31 76 391
31 77 380
31 78 630
31 79 190
31 80 262
31 81 153
31 82 583
31 83 605
31 84 538
31 85 638
31 86 161
31 87 475
31 88 168
31 89 687
31 90 429
31 91 556
31 92 594
31 93 323
31 94 483
31 95 191
31 96 359
31 97 433
31 98 333
31 99 590
31 100 558
32 1 570
32 2 839
32 3 621
32 4 148
32 5 766
32 6 402
32 7 675
32 8 812
32 9 651
32 10 594
32 11 770
32 12 691
32 13 657
32 14 503
32 15 799
32 16 666
32 17 89
32 18 226
32 19 625
32 20 457
32 21 758
32 22 689
32 23 420
32 24 456
32 25 376
32 26 759
32 27 861
32 28 461
32 29 839
32 30 784
32 31 291
32 33 419
32 34 202
32 35 394
32 36 548
32 37 945
32 38 433
32 39 198
32 40 645
32 41 179
32 42 905
32 43 652
32 44 37
32 45 572
32 46 471
32 47 294
32 48 553
32 49 54
32 50 16
32 51 920
32 52 120
32 53 580
32 54 561
32 55 923
32 56 528
32 57 615
32 58 690
32 59 792
32 60 645
32 61 430
32 62 233
32 63 738
32 64 619
32 65 870
32 66 350
32 67 170
32 68 175
32 69 652
32 70 342
32 71 433
32 72 818
32 73 618
32 74 881
32 75 140
32 76 376
32 77 143
32 78 362
32 79 104
32 80 550
32 81 279
32 82 664
32 83 331
32 84 291
32 85 811
32 86 380
32 87 243
32 88 194
32 89 423
32 90 708
32 91 439
32 92 806
32 93 317
32 94 192
32 95 289
32 96 447
32 97 662
32 98 108
32 99 854
32 100 420
33 1 873
33 2 797
33 3 476
33 4 557
33 5 1122
33 6 818
33 7 1037
33 8 778
33 9 705
33 10 966
33 11 855
33 12 702
33 13 904
33 14 664
33 15 1094
33 16 920
33 17 507
33 18 609
33 19 684
33 20 347
33 21 992
33 22 768
33 23 698
33 24 870
33 25 701
33 26 903
33 27 951
33 28 636
33 29 1159
33 30 1099
33 31 392
33 32 419
33 34 329
33 35 440
33 36 243
33 37 914
33 38 297
33 39 605
33 40 822
33 41 540
33 42 870
33 43 631
33 44 444
33 45 860
33 46 114
33 47 125
33 48 874
33 49 445
33 50 433
33 51 897
33 52 415
33 53 829
33 54 337
33 55 951
33 56 188
33 57 497
33 58 706
33 59 1115
33 60 889
33 61 693
33 62 601
33 63 1008
33 64 434
33 65 947
33 66 768
33 67 467
33 68 554
33 69 808
33 70 732
33 71 705
33 72 813
33 73 653
33 74 940
33 75 282
33 76 733
33 77 355
33 78 748
33 79 401
33 80 563
33 81 523
33 82 968
33 83 711
33 84 699
33 85 1025
33 86 281
33 87 659
33 88 483
33 89 809
33 90 737
33 91 845
33 92 968
33 93 663
33 94 541
33 95 202
33 96 739
33 97 804
33 98 343
33 99 915
33 100 831
34 1 547
34 2 653
34 3 419
34 4 281
34 5 795
34 6 567
34 7 710
34 8 626
34 9 484
34 10 642
34 11 620
34 12 513
34 13 591
34 14 377
34 15 771
34 16 605
34 17 267
34 18 301
34 19 459
34 20 256
34 21 685
34 22 533
34 23 373
34 24 580
34 25 373
34 26 635
34 27 715
34 28 340
34 29 833
34 30 773
34 31 107
34 32 202
34 33 329
34 35 207
34 36 377
34 37 763
34 38 237
34 39 320
34 40 534
34 41 380
34 42 722
34 43 464
34 44 239
34 45 536
34 46 334
34 47 229
34 48 546
34 49 254
34 50 209
34 51 740
34 52 115
34 53 514
34 54 368
34 55 757
34 56 371
34 57 414
34 58 514
34 59 787
34 60 577
34 61 370
34 62 288
34 63 690
34 64 420
34 65 719
34 66 507
34 67 147
34 68 377
34 69 530
34 70 420
34 71 381
34 72 640
34 73 444
34 74 724
34 75 133
34 76 408
34 77 275
34 78 558
34 79 114
34 80 366
34 81 197
34 82 643
34 83 529
34 84 475
34 85 726
34 86 184
34 87 417
34 88 158
34 89 617
34 90 536
34 91 544
34 92 692
34 93 338
34 94 393
34 95 135
34 96 413
34 97 534
34 98 228
34 99 697
34 100 539
35 1 492
35 2 447
35 3 263
35 4 422
35 5 769
35 6 697
35 7 698
35 8 421
35 9 284
35 10 648
35 11 428
35 12 307
35 13 484
35 14 230
35 15 689
35 16 502
35 17 438
35 18 397
35 19 260
35 20 155
35 21 562
35 22 340
35 23 327
35 24 668
35 25 376
35 26 464
35 27 525
35 28 211
35 29 769
35 30 708
35 31 104
35 32 394
35 33 440
35 34 207
35 36 359
35 37 557
35 38 182
35 39 445
35 40 384
35 41 571
35 42 516
35 43 259
35 44 429
35 45 469
35 46 389
35 47 385
35 48 509
35 49 448
35 50 397
35 51 533
35 52 280
35 53 416
35 54 287
35 55 553
35 56 386
35 57 244
35 58 308
35 59 729
35 60 469
35 61 311
35 62 372
35 63 593
35 64 290
35 65 525
35 66 632
35 67 261
35 68 562
35 69 369
35 70 487
35 71 328
35 72 434
35 73 240
35 74 526
35 75 337
35 76 437
35 77 481
35 78 726
35 79 292
35 80 160
35 81 204
35 82 578
35 83 703
35 84 631
35 85 590
35 86 166
35 87 567
35 88 252
35 89 782
35 90 332
35 91 618
35 92 529
35 93 376
35 94 585
35 95 252
35 96 371
35 97 365
35 98 434
35 99 499
35 100 625
36 1 849
36 2 595
36 3 265
36 4 655
36 5 1122
36 6 940
36 7 1046
36 8 581
36 9 557
36 10 989
36 11 705
36 12 532
36 13 839
36 14 581
36 15 1047
36 16 858
36 17 630
36 18 675
36 19 541
36 20 209
36 21 911
36 22 625
36 23 679
36 24 956
36 25 712
36 26 778
36 27 796
36 28 568
36 29 1127
36 30 1066
36 31 373
36 32 548
36 33 243
36 34 377
36 35 359
36 37 709
36 38 178
36 39 696
36 40 724
36 41 708
36 42 666
36 43 455
36 44 583
36 45 827
36 46 130
36 47 310
36 48 862
36 49 591
36 50 561
36 51 696
36 52 490
36 53 774
36 54 117
36 55 767
36 56 61
36 57 296
36 58 538
36 59 1087
36 60 824
36 61 665
36 62 659
36 63 950
36 64 211
36 65 785
36 66 881
36 67 518
36 68 714
36 69 701
36 70 790
36 71 682
36 72 625
36 73 503
36 74 770
36 75 416
36 76 763
36 77 540
36 78 908
36 79 486
36 80 420
36 81 525
36 82 936
36 83 874
36 84 838
36 85 930
36 86 212
36 87 785
36 88 524
36 89 969
36 90 573
36 91 917
36 92 849
36 93 694
36 94 714
36 95 260
36 96 723
36 97 689
36 98 511
36 99 748
36 100 914
37 1 732
37 2 117
37 3 445
37 4 939
37 5 971
37 6 1173
37 7 946
37 8 139
37 9 308
37 10 946
37 11 270
37 12 255
37 13 608
37 14 497
37 15 780
37 16 625
37 17 974
37 18 881
37 19 332
37 20 574
37 21 593
37 22 302
37 23 679
37 24 1093
37 25 767
37 26 385
37 27 271
37 28 535
37 29 880
37 30 836
37 31 660
37 32 945
37 33 914
37 34 763
37 35 557
37 36 709
37 38 623
37 39 945
37 40 464
37 41 1118
37 42 44
37 43 301
37 44 979
37 45 696
37 46 818
37 47 907
37 48 775
37 49 999
37 50 946
37 51 30
37 52 827
37 53 611
37 54 593
37 55 133
37 56 767
37 57 419
37 58 257
37 59 865
37 60 601
37 61 654
37 62 853
37 63 684
37 64 499
37 65 240
37 66 1110
37 67 792
37 68 1105
37 69 426
37 70 920
37 71 668
37 72 131
37 73 330
37 74 200
37 75 892
37 76 836
37 77 1038
37 78 1246
37 79 842
37 80 398
37 81 695
37 82 756
37 83 1229
37 84 1143
37 85 558
37 86 656
37 87 1077
37 88 774
37 89 1294
37 90 246
37 91 1031
37 92 429
37 93 808
37 94 1133
37 95 778
37 96 701
37 97 400
37 98 991
37 99 206
37 100 1055
38 1 671
38 2 506
38 3 206
38 4 514
38 5 945
38 6 801
38 7 871
38 8 486
38 9 413
38 10 815
38 11 564
38 12 406
38 13 665
38 14 408
38 15 871
38 16 683
38 17 503
38 18 519
38 19 393
38 20 51
38 21 740
38 22 478
38 23 502
38 24 800
38 25 539
38 26 623
38 27 659
38 28 392
38 29 950
38 30 889
38 31 203
38 32 433
38 33 297
38 34 237
38 35 182
38 36 178
38 37 623
38 39 550
38 40 557
38 41 608
38 42 579
38 43 335
38 44 470
38 45 650
38 46 220
38 47 288
38 48 685
38 49 483
38 50 442
38 51 605
38 52 349
38 53 598
38 54 132
38 55 655
38 56 205
38 57 215
38 58 410
38 59 910
38 60 650
38 61 488
38 62 499
38 63 775
38 64 189
38 65 653
38 66 739
38 67 364
38 68 608
38 69 537
38 70 627
38 71 505
38 72 518
38 73 360
38 74 645
38 75 323
38 76 593
38 77 468
38 78 794
38 79 350
38 80 271
38 81 353
38 82 759
38 83 764
38 84 712
38 85 764
38 86 54
38 87 653
38 88 365
38 89 853
38 90 442
38 91 757
38 92 691
38 93 526
38 94 618
38 95 171
38 96 546
38 97 528
38 98 428
38 99 620
38 100 757
39 1 419
39 2 852
39 3 704
39 4 50
39 5 578
39 6 254
39 7 486
39 8 823
39 9 638
39 10 403
39 11 727
39 12 695
39 13 533
39 14 457
39 15 639
39 16 538
39 17 121
39 18 69
39 19 614
39 20 557
39 21 634
39 22 657
39 23 310
39 24 266
39 25 236
39 26 686
39 27 806
39 28 415
39 29 666
39 30 614
39 31 360
39 32 198
39 33 605
39 34 320
39 35 445
39 36 696
39 37 945
39 38 550
39 40 565
39 41 241
39 42 910
39 43 676
39 44 189
39 45 431
39 46 641
39 47 482
39 48 392
39 49 203
39 50 183
39 51 917
39 52 207
39 53 463
39 54 681
39 55 896
39 56 687
39 57 687
39 58 692
39 59 618
39 60 524
39 61 329
39 62 96
39 63 595
39 64 719
39 65 822
39 66 191
39 67 189
39 68 214
39 69 584
39 70 150
39 71 324
39 72 815
39 73 620
39 74 842
39 75 325
39 76 206
39 77 329
39 78 302
39 79 213
39 80 575
39 81 255
39 82 506
39 83 290
39 84 198
39 85 694
39 86 499
39 87 133
39 88 194
39 89 350
39 90 699
39 91 242
39 92 717
39 93 172
39 94 259
39 95 445
39 96 319
39 97 600
39 98 303
39 99 815
39 100 227
40 1 269
40 2 419
40 3 526
40 4 578
40 5 519
40 6 753
40 7 485
40 8 395
40 9 223
40 10 482
40 11 197
40 12 295
40 13 154
40 14 160
40 15 359
40 16 173
40 17 636
40 18 496
40 19 220
40 20 517
40 21 191
40 22 179
40 23 258
40 24 651
40 25 343
40 26 121
40 27 251
40 28 195
40 29 456
40 30 402
40 31 440
40 32 645
40 33 822
40 34 534
40 35 384
40 36 724
40 37 464
40 38 557
40 39 565
40 41 785
40 42 445
40 43 344
40 44 668
40 45 232
40 46 772
40 47 752
40 48 312
40 49 690
40 50 639
40 51 436
40 52 533
40 53 148
40 54 627
40 55 370
40 56 761
40 57 488
40 58 286
40 59 429
40 60 144
40 61 237
40 62 470
40 63 255
40 64 581
40 65 273
40 66 695
40 67 476
40 68 764
40 69 40
40 70 494
40 71 244
40 72 354
40 73 260
40 74 302
