nnodes nedges type capacity P s t
100  4950  graph  1000 100 1 100
nodename posx posy itemvalue itemweight
1 301 922 0 0
2 582 843 7 3
3 129 495 4 3
4 433 536 2 6
5 223 565 5 1
6 862 557 1 5
7 655 782 8 9
8 1 841 7 4
9 839 582 2 2
10 697 474 4 4
11 950 86 4 10
12 475 828 8 3
13 930 619 4 2
14 386 722 9 7
15 131 494 10 3
16 393 785 7 4
17 768 975 8 3
18 980 249 8 1
19 822 414 8 1
20 786 397 8 2
21 979 0 3 1
22 955 987 8 2
23 134 956 9 4
24 828 974 5 2
25 890 877 6 1
26 800 841 7 9
27 963 627 10 6
28 21 245 3 6
29 598 407 7 2
30 319 730 2 8
31 253 64 6 10
32 867 374 3 6
33 40 847 3 10
34 623 862 6 2
35 613 761 2 6
36 260 593 3 4
37 762 215 6 2
38 580 248 7 6
39 523 760 5 2
40 222 413 9 2
41 637 375 2 5
42 606 952 2 3
43 2 627 10 5
44 197 601 8 8
45 386 869 6 9
46 683 992 5 3
47 933 550 9 9
48 366 973 8 3
49 749 341 10 6
50 188 363 4 1
51 103 800 1 8
52 956 217 6 8
53 367 888 9 2
54 465 890 3 5
55 648 688 5 1
56 655 637 7 8
57 63 262 7 8
58 589 417 1 6
59 241 138 4 10
60 18 980 5 9
61 7 701 1 1
62 324 941 2 9
63 603 690 9 9
64 914 353 3 8
65 31 454 6 8
66 716 486 10 6
67 254 24 7 5
68 703 973 3 7
69 912 169 8 7
70 863 912 1 5
71 209 871 9 9
72 549 624 2 5
73 485 138 9 4
74 41 78 2 2
75 628 412 6 8
76 58 636 3 6
77 113 382 8 4
78 577 69 6 8
79 424 843 4 8
80 422 808 5 10
81 298 138 7 4
82 294 904 7 5
83 162 998 10 2
84 878 426 1 8
85 519 93 10 3
86 338 728 2 9
87 316 239 4 5
88 352 801 5 2
89 377 745 1 9
90 880 357 5 6
91 157 290 6 7
92 993 271 1 6
93 25 570 2 6
94 340 449 3 8
95 414 114 5 10
96 609 64 9 3
97 252 904 5 5
98 320 766 7 5
99 254 550 8 9
100 544 773 0 0
endpoint1 endpoint2 weight
1 2 292
1 3 461
1 4 408
1 5 366
1 6 670
1 7 381
1 8 311
1 9 637
1 10 598
1 11 1059
1 12 198
1 13 699
1 14 218
1 15 461
1 16 166
1 17 470
1 18 957
1 19 728
1 20 715
1 21 1145
1 22 658
1 23 171
1 24 530
1 25 591
1 26 506
1 27 725
1 28 733
1 29 595
1 30 193
1 31 860
1 32 788
1 33 272
1 34 328
1 35 352
1 36 332
1 37 845
1 38 730
1 39 275
1 40 516
1 41 642
1 42 307
1 43 421
1 44 338
1 45 101
1 46 389
1 47 734
1 48 83
1 49 734
1 50 571
1 51 233
1 52 963
1 53 75
1 54 168
1 55 419
1 56 455
1 57 702
1 58 582
1 59 787
1 60 289
1 61 368
1 62 30
1 63 381
1 64 837
1 65 541
1 66 602
1 67 900
1 68 406
1 69 970
1 70 563
1 71 106
1 72 388
1 73 806
1 74 884
1 75 606
1 76 376
1 77 572
1 78 897
1 79 147
1 80 167
1 81 785
1 82 20
1 83 159
1 84 761
1 85 858
1 86 198
1 87 684
1 88 132
1 89 193
1 90 809
1 91 649
1 92 951
1 93 448
1 94 475
1 95 816
1 96 912
1 97 53
1 98 158
1 99 375
1 100 286
2 1 292
2 3 572
2 4 342
2 5 455
2 6 401
2 7 96
2 8 582
2 9 367
2 10 387
2 11 842
2 12 109
2 13 414
2 14 231
2 15 571
2 16 198
2 17 229
2 18 716
2 19 492
2 20 491
2 21 932
2 22 400
2 23 463
2 24 279
2 25 310
2 26 219
2 27 438
2 28 820
2 29 437
2 30 287
2 31 846
2 32 549
2 33 543
2 34 46
2 35 88
2 36 408
2 37 654
2 38 596
2 39 102
2 40 561
2 41 472
2 42 112
2 43 619
2 44 455
2 45 198
2 46 181
2 47 458
2 48 253
2 49 530
2 50 621
2 51 481
2 52 730
2 53 220
2 54 127
2 55 169
2 56 219
2 57 780
2 58 427
2 59 784
2 60 581
2 61 593
2 62 276
2 63 155
2 64 592
2 65 675
2 66 382
2 67 883
2 68 178
2 69 751
2 70 290
2 71 375
2 72 222
2 73 712
2 74 937
2 75 434
2 76 564
2 77 658
2 78 775
2 79 158
2 80 164
2 81 761
2 82 295
2 83 448
2 84 512
2 85 753
2 86 270
2 87 660
2 88 234
2 89 228
2 90 571
2 91 698
2 92 705
2 93 621
2 94 463
2 95 749
2 96 780
2 97 336
2 98 274
2 99 440
2 100 80
3 1 461
3 2 572
3 4 307
3 5 118
3 6 736
3 7 600
3 8 369
3 9 716
3 10 569
3 11 918
3 12 481
3 13 811
3 14 343
3 15 3
3 16 393
3 17 800
3 18 886
3 19 698
3 20 665
3 21 984
3 22 962
3 23 462
3 24 848
3 25 852
3 26 755
3 27 845
3 28 273
3 29 478
3 30 303
3 31 449
3 32 748
3 33 364
3 34 616
3 35 553
3 36 164
3 37 693
3 38 515
3 39 475
3 40 124
3 41 522
3 42 661
3 43 184
3 44 126
3 45 454
3 46 745
3 47 806
3 48 534
3 49 639
3 50 145
3 51 307
3 52 873
3 53 460
3 54 519
3 55 554
3 56 545
3 57 243
3 58 467
3 59 375
3 60 498
3 61 240
3 62 487
3 63 513
3 64 798
3 65 107
3 66 588
3 67 488
3 68 747
3 69 849
3 70 845
3 71 385
3 72 440
3 73 505
3 74 427
3 75 506
3 76 158
3 77 115
3 78 619
3 79 457
3 80 429
3 81 395
3 82 442
3 83 505
3 84 753
3 85 561
3 86 314
3 87 318
3 88 379
3 89 353
3 90 764
3 91 207
3 92 893
3 93 129
3 94 216
3 95 476
3 96 646
3 97 428
3 98 332
3 99 137
3 100 500
4 1 408
4 2 342
4 3 307
4 5 212
4 6 430
4 7 332
4 8 529
4 9 409
4 10 272
4 11 686
4 12 296
4 13 504
4 14 192
4 15 305
4 16 253
4 17 553
4 18 618
4 19 408
4 20 380
4 21 766
4 22 690
4 23 516
4 24 590
4 25 571
4 26 478
4 27 538
4 28 505
4 29 210
4 30 226
4 31 506
4 32 464
4 33 502
4 34 378
4 35 289
4 36 183
4 37 460
4 38 324
4 39 242
4 40 245
4 41 260
4 42 451
4 43 441
4 44 245
4 45 337
4 46 521
4 47 501
4 48 443
4 49 372
4 50 300
4 51 423
4 52 613
4 53 359
4 54 356
4 55 264
4 56 244
4 57 461
4 58 197
4 59 442
4 60 608
4 61 457
4 62 420
4 63 230
4 64 515
4 65 411
4 66 288
4 67 543
4 68 514
4 69 604
4 70 572
4 71 403
4 72 146
4 73 402
4 74 603
4 75 232
4 76 389
4 77 356
4 78 489
4 79 308
4 80 273
4 81 421
4 82 394
4 83 536
4 84 459
4 85 452
4 86 215
4 87 320
4 88 278
4 89 217
4 90 482
4 91 370
4 92 620
4 93 410
4 94 128
4 95 423
4 96 504
4 97 411
4 98 257
4 99 180
4 100 262
5 1 366
5 2 455
5 3 118
5 4 212
5 6 640
5 7 484
5 8 355
5 9 617
5 10 483
5 11 871
5 12 365
5 13 710
5 14 227
5 15 117
5 16 279
5 17 683
5 18 821
5 19 618
5 20 588
5 21 944
5 22 845
5 23 402
5 24 731
5 25 737
5 26 640
5 27 743
5 28 379
5 29 407
5 30 191
5 31 502
5 32 672
5 33 337
5 34 499
5 35 437
5 36 47
5 37 643
5 38 478
5 39 358
5 40 153
5 41 456
5 42 545
5 43 230
5 44 45
5 45 345
5 46 628
5 47 711
5 48 433
5 49 572
5 50 206
5 51 264
5 52 812
5 53 354
5 54 406
5 55 443
5 56 438
5 57 343
5 58 395
5 59 428
5 60 463
5 61 256
5 62 390
5 63 401
5 64 723
5 65 222
5 66 500
5 67 542
5 68 630
5 69 795
5 70 729
5 71 307
5 72 332
5 73 501
5 74 520
5 75 433
5 76 180
5 77 214
5 78 610
5 79 344
5 80 315
5 81 434
5 82 347
5 83 438
5 84 670
5 85 558
5 86 200
5 87 340
5 88 269
5 89 237
5 90 690
5 91 283
5 92 825
5 93 199
5 94 165
5 95 490
5 96 633
5 97 341
5 98 224
5 99 35
5 100 383
6 1 670
6 2 401
6 3 736
6 4 430
6 5 640
6 7 306
6 8 907
6 9 34
6 10 185
6 11 480
6 12 473
6 13 93
6 14 504
6 15 734
6 16 522
6 17 429
6 18 330
6 19 149
6 20 178
6 21 570
6 22 440
6 23 831
6 24 419
6 25 322
6 26 291
6 27 123
6 28 898
6 29 304
6 30 570
6 31 784
6 32 184
6 33 872
6 34 388
6 35 322
6 36 604
6 37 357
6 38 419
6 39 396
6 40 656
6 41 290
6 42 471
6 43 863
6 44 667
6 45 570
6 46 471
6 47 72
6 48 648
6 49 244
6 50 702
6 51 797
6 52 353
6 53 596
6 54 519
6 55 251
6 56 222
6 57 852
6 58 307
6 59 750
6 60 945
6 61 868
6 62 661
6 63 292
6 64 211
6 65 838
6 66 163
6 67 809
6 68 446
6 69 392
6 70 356
6 71 725
6 72 321
6 73 564
6 74 951
6 75 276
6 76 808
6 77 770
6 78 566
6 79 524
6 80 507
6 81 703
6 82 666
6 83 828
6 84 132
6 85 578
6 86 552
6 87 632
6 88 566
6 89 521
6 90 201
6 91 754
6 92 315
6 93 838
6 94 534
6 95 631
6 96 555
6 97 702
6 98 581
6 99 609
6 100 385
7 1 381
7 2 96
7 3 600
7 4 332
7 5 484
7 6 306
7 8 657
7 9 272
7 10 311
7 11 756
7 12 186
7 13 320
7 14 276
7 15 598
7 16 263
7 17 224
7 18 625
7 19 405
7 20 407
7 21 847
7 22 364
7 23 550
7 24 259
7 25 254
7 26 157
7 27 345
7 28 831
7 29 380
7 30 340
7 31 823
7 32 460
7 33 619
7 34 87
7 35 47
7 36 438
7 37 578
7 38 540
7 39 134
7 40 569
7 41 408
7 42 177
7 43 672
7 44 493
7 45 283
7 46 212
7 47 363
7 48 347
7 49 451
7 50 628
7 51 553
7 52 641
7 53 307
7 54 219
7 55 95
7 56 145
7 57 788
7 58 371
7 59 766
7 60 668
7 61 654
7 62 368
7 63 106
7 64 502
7 65 705
7 66 303
7 67 858
7 68 197
7 69 665
7 70 246
7 71 455
7 72 191
7 73 667
7 74 935
7 75 371
7 76 615
7 77 674
7 78 718
7 79 239
7 80 235
7 81 737
7 82 382
7 83 539
7 84 421
7 85 703
7 86 322
7 87 641
7 88 304
7 89 281
7 90 481
7 91 701
7 92 613
7 93 665
7 94 459
7 95 711
7 96 720
7 97 422
7 98 336
7 99 464
7 100 112
8 1 311
8 2 582
8 3 369
8 4 529
8 5 355
8 6 907
8 7 657
8 9 878
8 10 787
8 11 1213
8 12 475
8 13 956
8 14 403
8 15 371
8 16 396
8 17 779
8 18 1145
8 19 926
8 20 902
8 21 1290
8 22 966
8 23 176
8 24 838
8 25 890
8 26 799
8 27 986
8 28 597
8 29 739
8 30 337
8 31 817
8 32 984
8 33 40
8 34 623
8 35 618
8 36 359
8 37 986
8 38 829
8 39 529
8 40 482
8 41 789
8 42 616
8 43 215
8 44 310
8 45 387
8 46 699
8 47 977
8 48 389
8 49 900
8 50 514
8 51 110
8 52 1141
8 53 370
8 54 467
8 55 665
8 56 686
8 57 583
8 58 725
8 59 743
8 60 141
8 61 141
8 62 339
8 63 621
8 64 1036
8 65 389
8 66 799
8 67 856
8 68 715
8 69 1133
8 70 865
8 71 211
8 72 590
8 73 854
8 74 765
8 75 760
8 76 213
8 77 473
8 78 964
8 79 424
8 80 423
8 81 764
8 82 300
8 83 225
8 84 971
8 85 910
8 86 356
8 87 680
8 88 354
8 89 389
8 90 1004
8 91 573
8 92 1145
8 93 273
8 94 519
8 95 837
8 96 987
8 97 259
8 98 328
8 99 386
8 100 548
9 1 637
9 2 367
9 3 716
9 4 409
9 5 617
9 6 34
9 7 272
9 8 878
9 10 179
9 11 509
9 12 440
9 13 99
9 14 475
9 15 714
9 16 491
9 17 400
9 18 362
9 19 169
9 20 193
9 21 599
9 22 422
9 23 799
9 24 393
9 25 300
9 26 262
9 27 132
9 28 885
9 29 298
9 30 541
9 31 783
9 32 210
9 33 842
9 34 354
9 35 289
9 36 580
9 37 375
9 38 423
9 39 363
9 40 640
9 41 290
9 42 438
9 43 839
9 44 643
9 45 537
9 46 439
9 47 100
9 48 614
9 49 258
9 50 687
9 51 768
9 52 384
9 53 563
9 54 485
9 55 219
9 56 193
9 57 840
9 58 300
9 59 745
9 60 913
9 61 841
9 62 628
9 63 260
9 64 241
9 65 819
9 66 157
9 67 809
9 68 414
9 69 420
9 70 331
9 71 694
9 72 294
9 73 568
9 74 944
9 75 271
9 76 783
9 77 754
9 78 577
9 79 491
9 80 475
9 81 700
9 82 634
9 83 795
9 84 161
9 85 585
9 86 522
9 87 626
9 88 534
9 89 490
9 90 229
9 91 742
9 92 348
9 93 815
9 94 517
9 95 633
9 96 567
9 97 670
9 98 551
9 99 586
9 100 352
10 1 598
10 2 387
10 3 569
10 4 272
10 5 483
10 6 185
10 7 311
10 8 787
10 9 179
10 11 464
10 12 418
10 13 275
10 14 398
10 15 567
10 16 435
10 17 507
10 18 362
10 19 139
10 20 118
10 21 552
10 22 575
10 23 742
10 24 517
10 25 447
10 26 382
10 27 307
10 28 714
10 29 120
10 30 457
10 31 605
10 32 198
10 33 756
10 34 395
10 35 300
10 36 453
10 37 268
10 38 255
10 39 335
10 40 479
10 41 116
10 42 487
10 43 712
10 44 516
10 45 503
10 46 519
10 47 248
10 48 599
10 49 143
10 50 521
10 51 678
10 52 365
10 53 530
10 54 477
10 55 220
10 56 169
10 57 669
10 58 123
10 59 567
10 60 847
10 61 727
10 62 598
10 63 236
10 64 249
10 65 667
10 66 23
10 67 632
10 68 500
10 69 374
10 70 469
10 71 630
10 72 211
10 73 398
10 74 767
10 75 93
10 76 660
10 77 592
10 78 423
10 79 460
10 80 433
10 81 522
10 82 590
10 83 749
10 84 188
10 85 421
10 86 440
10 87 448
10 88 476
10 89 420
10 90 218
10 91 571
10 92 359
10 93 679
10 94 358
10 95 458
10 96 420
10 97 619
10 98 477
10 99 450
10 100 336
11 1 1059
11 2 842
11 3 918
11 4 686
11 5 871
11 6 480
11 7 756
11 8 1213
11 9 509
11 10 464
11 12 882
11 13 534
11 14 851
11 15 915
11 16 894
11 17 908
11 18 166
11 19 353
11 20 352
11 21 91
11 22 902
11 23 1193
11 24 897
11 25 794
11 26 770
11 27 542
11 28 943
11 29 477
11 30 902
11 31 698
11 32 300
11 33 1187
11 34 843
11 35 755
11 36 857
11 37 229
11 38 404
11 39 798
11 40 799
11 41 427
11 42 932
11 43 1092
11 44 913
11 45 965
11 46 945
11 47 465
11 48 1062
11 49 325
11 50 811
11 51 1108
11 52 132
11 53 992
11 54 939
11 55 674
11 56 626
11 57 905
11 58 490
11 59 711
11 60 1292
11 61 1126
11 62 1060
11 63 697
11 64 270
11 65 990
11 66 464
11 67 699
11 68 921
11 69 92
11 70 831
11 71 1080
11 72 672
11 73 468
11 74 910
11 75 459
11 76 1048
11 77 888
11 78 374
11 79 922
11 80 895
11 81 655
11 82 1049
11 83 1206
11 84 348
11 85 432
11 86 887
11 87 653
11 88 933
11 89 874
11 90 280
11 91 819
11 92 190
11 93 1044
11 94 710
11 95 537
11 96 342
11 97 1076
11 98 927
11 99 837
11 100 799
12 1 198
12 2 109
12 3 481
12 4 296
12 5 365
12 6 473
12 7 186
12 8 475
12 9 440
12 10 418
12 11 882
12 13 501
12 14 139
12 15 480
12 16 93
12 17 328
12 18 769
12 19 541
12 20 532
12 21 970
12 22 506
12 23 365
12 24 383
12 25 418
12 26 326
12 27 528
12 28 739
12 29 439
12 30 185
12 31 796
12 32 600
12 33 436
12 34 152
12 35 154
12 36 319
12 37 677
12 38 590
12 39 84
12 40 487
12 41 482
12 42 181
12 43 514
12 44 359
12 45 98
12 46 265
12 47 536
12 48 182
12 49 559
12 50 547
12 51 374
12 52 778
12 53 124
12 54 63
12 55 223
12 56 263
12 57 701
12 58 427
12 59 729
12 60 482
12 61 485
12 62 189
12 63 189
12 64 647
12 65 581
12 66 419
12 67 834
12 68 271
12 69 791
12 70 397
12 71 270
12 72 218
12 73 691
12 74 867
12 75 444
12 76 460
12 77 575
12 78 766
12 79 54
12 80 57
12 81 713
12 82 197
12 83 357
12 84 570
12 85 737
12 86 170
12 87 611
12 88 126
12 89 129
12 90 622
12 91 625
12 92 761
12 93 519
12 94 403
12 95 717
12 96 776
12 97 236
12 98 167
12 99 356
12 100 89
13 1 699
13 2 414
13 3 811
13 4 504
13 5 710
13 6 93
13 7 320
13 8 956
13 9 99
13 10 275
13 11 534
13 12 501
13 14 554
13 15 809
13 16 563
13 17 392
13 18 374
13 19 232
13 20 265
13 21 621
13 22 369
13 23 865
13 24 370
13 25 262
13 26 258
13 27 34
13 28 983
13 29 394
13 30 622
13 31 876
13 32 253
13 33 919
13 34 392
13 35 348
13 36 671
13 37 438
13 38 511
13 39 431
13 40 738
13 41 382
13 42 465
13 43 929
13 44 734
13 45 599
13 46 448
13 47 70
13 48 666
13 49 332
13 50 785
13 51 847
13 52 403
13 53 624
13 54 539
13 55 291
13 56 276
13 57 938
13 58 397
13 59 841
13 60 981
13 61 927
13 62 687
13 63 335
13 64 267
13 65 915
13 66 252
13 67 901
13 68 421
13 69 451
13 70 301
13 71 764
13 72 382
13 73 656
13 74 1041
13 75 367
13 76 873
13 77 851
13 78 654
13 79 554
13 80 543
13 81 795
13 82 697
13 83 857
13 84 200
13 85 668
13 86 602
13 87 723
13 88 606
13 89 568
13 90 267
13 91 841
13 92 354
13 93 907
13 94 615
13 95 722
13 96 642
13 97 736
13 98 628
13 99 680
13 100 416
14 1 218
14 2 231
14 3 343
14 4 192
14 5 227
14 6 504
14 7 276
14 8 403
14 9 475
14 10 398
14 11 851
14 12 139
14 13 554
14 15 343
14 16 64
14 17 459
14 18 760
14 19 534
14 20 516
14 21 935
14 22 628
14 23 344
14 24 509
14 25 528
14 26 431
14 27 585
14 28 601
14 29 380
14 30 68
14 31 672
14 32 594
14 33 368
14 34 276
14 35 231
14 36 181
14 37 632
14 38 513
14 39 143
14 40 350
14 41 429
14 42 319
14 43 396
14 44 225
14 45 147
14 46 402
14 47 574
14 48 252
14 49 527
14 50 410
14 51 294
14 52 762
14 53 168
14 54 186
14 55 265
14 56 283
14 57 563
14 58 367
14 59 602
14 60 450
14 61 380
14 62 228
14 63 220
14 64 645
14 65 445
14 66 406
14 67 711
14 68 405
14 69 764
14 70 514
14 71 232
14 72 191
14 73 593
14 74 731
14 75 394
14 76 340
14 77 437
14 78 681
14 79 127
14 80 94
14 81 591
14 82 204
14 83 356
14 84 575
14 85 643
14 86 49
14 87 489
14 88 87
14 89 25
14 90 615
14 91 489
14 92 757
14 93 392
14 94 277
14 95 609
14 96 695
14 97 227
14 98 80
14 99 217
14 100 167
15 1 461
15 2 571
15 3 3
15 4 305
15 5 117
15 6 734
15 7 598
15 8 371
15 9 714
15 10 567
15 11 915
15 12 480
15 13 809
15 14 343
15 16 392
15 17 799
15 18 884
15 19 696
15 20 663
15 21 982
15 22 961
15 23 463
15 24 847
15 25 851
15 26 754
15 27 843
15 28 273
15 29 476
15 30 302
15 31 447
15 32 746
15 33 365
15 34 615
15 35 552
15 36 163
15 37 690
15 38 512
15 39 474
15 40 122
15 41 520
15 42 660
15 43 186
15 44 126
15 45 454
15 46 744
15 47 804
15 48 534
15 49 637
15 50 143
15 51 308
15 52 871
15 53 460
15 54 519
15 55 553
15 56 544
15 57 242
15 58 465
15 59 373
15 60 499
15 61 242
15 62 487
15 63 512
15 64 796
15 65 108
15 66 586
15 67 486
15 68 747
15 69 846
15 70 843
15 71 385
15 72 438
15 73 503
15 74 426
15 75 504
15 76 160
15 77 114
15 78 617
15 79 456
15 80 429
15 81 394
15 82 442
15 83 505
15 84 751
15 85 558
15 86 313
15 87 316
15 88 379
15 89 352
15 90 762
15 91 206
15 92 891
15 93 131
15 94 214
15 95 474
15 96 643
15 97 428
15 98 332
15 99 136
15 100 499
16 1 166
16 2 198
16 3 393
16 4 253
16 5 279
16 6 522
16 7 263
16 8 396
16 9 491
16 10 435
16 11 894
16 12 93
16 13 563
16 14 64
16 15 392
16 17 421
16 18 795
16 19 568
16 20 553
16 21 980
16 22 598
16 23 311
16 24 475
16 25 506
16 26 411
16 27 592
16 28 656
16 29 431
16 30 93
16 31 735
16 32 628
16 33 359
16 34 243
16 35 222
16 36 234
16 37 680
16 38 569
16 39 133
16 40 410
16 41 478
16 42 271
16 43 422
16 44 269
16 45 85
16 46 357
16 47 589
16 48 190
16 49 570
16 50 470
16 51 291
16 52 800
16 53 107
16 54 128
16 55 273
16 56 301
16 57 619
16 58 417
16 59 665
16 60 423
16 61 396
16 62 171
16 63 231
16 64 677
16 65 491
16 66 441
16 67 774
16 68 363
16 69 806
16 70 487
16 71 204
16 72 225
16 73 654
16 74 790
16 75 441
16 76 367
16 77 491
16 78 740
16 79 66
16 80 38
16 81 654
16 82 155
16 83 315
16 84 604
16 85 704
16 86 80
16 87 552
16 88 45
16 89 44
16 90 649
16 91 549
16 92 791
16 93 427
16 94 341
16 95 672
16 96 753
16 97 185
16 98 76
16 99 274
16 100 152
17 1 470
17 2 229
17 3 800
17 4 553
17 5 683
17 6 429
17 7 224
17 8 779
17 9 400
17 10 507
17 11 908
17 12 328
17 13 392
17 14 459
17 15 799
17 16 421
17 18 757
17 19 564
17 20 579
17 21 998
17 22 188
17 23 635
17 24 61
17 25 157
17 26 138
17 27 399
17 28 1045
17 29 593
17 30 512
17 31 1047
17 32 610
17 33 740
17 34 184
17 35 265
17 36 636
17 37 761
17 38 751
17 39 326
17 40 784
17 41 615
17 42 164
17 43 842
17 44 683
17 45 397
17 46 87
17 47 456
17 48 403
17 49 635
17 50 844
17 51 688
17 52 781
17 53 411
17 54 315
17 55 312
17 56 357
17 57 1003
17 58 587
17 59 990
17 60 751
17 61 809
17 62 446
17 63 330
17 64 639
17 65 903
17 66 492
17 67 1082
17 68 66
17 69 819
17 70 114
17 71 569
17 72 414
17 73 884
17 74 1155
17 75 581
17 76 787
17 77 884
17 78 926
17 79 369
17 80 385
17 81 960
17 82 480
17 83 607
17 84 560
17 85 917
17 86 496
17 87 864
17 88 451
17 89 454
17 90 629
17 91 918
17 92 740
17 93 847
17 94 679
17 95 931
17 96 925
17 97 521
17 98 495
17 99 667
17 100 302
18 1 957
18 2 716
18 3 886
18 4 618
18 5 821
18 6 330
18 7 625
18 8 1145
18 9 362
18 10 362
18 11 166
18 12 769
18 13 374
18 14 760
18 15 884
18 16 795
18 17 757
18 19 229
18 20 245
18 21 250
18 22 739
18 23 1103
18 24 741
18 25 635
18 26 619
18 27 379
18 28 960
18 29 414
18 30 818
18 31 751
18 32 169
18 33 1115
18 34 710
18 35 630
18 36 798
18 37 221
18 38 401
18 39 686
18 40 776
18 41 366
18 42 797
18 43 1049
18 44 859
18 45 859
18 46 801
18 47 305
18 48 950
18 49 249
18 50 801
18 51 1036
18 52 40
18 53 886
18 54 823
18 55 551
18 56 507
18 57 918
18 58 426
18 59 748
18 60 1209
18 61 1073
18 62 954
18 63 581
18 64 124
18 65 971
18 66 355
18 67 761
18 68 776
18 69 105
18 70 674
18 71 991
18 72 572
18 73 508
18 74 955
18 75 388
18 76 1000
18 77 878
18 78 442
18 79 814
18 80 790
18 81 691
18 82 949
18 83 1110
18 84 205
18 85 487
18 86 802
18 87 665
18 88 837
18 89 781
18 90 148
18 91 825
18 92 26
18 93 1008
18 94 671
18 95 582
18 96 415
18 97 980
18 98 839
18 99 786
18 100 682
19 1 728
19 2 492
19 3 698
19 4 408
19 5 618
19 6 149
19 7 405
19 8 926
19 9 169
19 10 139
19 11 353
19 12 541
19 13 232
19 14 534
19 15 696
19 16 568
19 17 564
19 18 229
19 20 40
19 21 443
19 22 589
19 23 876
19 24 561
19 25 468
19 26 428
19 27 256
19 28 819
19 29 225
19 30 595
19 31 669
19 32 61
19 33 894
19 34 491
19 35 406
19 36 590
19 37 208
19 38 294
19 39 458
19 40 601
19 41 190
19 42 580
19 43 848
19 44 653
19 45 631
19 46 595
19 47 176
19 48 722
19 49 104
19 50 637
19 51 817
19 52 239
19 53 658
19 54 595
19 55 325
19 56 279
19 57 775
19 58 234
19 59 644
19 60 984
19 61 865
19 62 726
19 63 353
19 64 111
19 65 793
19 66 129
19 67 690
19 68 572
19 69 262
19 70 500
19 71 765
19 72 345
19 73 436
19 74 851
19 75 195
19 76 796
19 77 710
19 78 424
19 79 586
19 80 562
19 81 593
19 82 721
19 83 882
19 84 58
19 85 442
19 86 577
19 87 536
19 88 609
19 89 555
19 90 82
19 91 677
19 92 223
19 93 813
19 94 484
19 95 507
19 96 410
19 97 752
19 98 614
19 99 585
19 100 455
20 1 715
20 2 491
20 3 665
20 4 380
20 5 588
20 6 178
20 7 407
20 8 902
20 9 193
20 10 118
20 11 352
20 12 532
20 13 265
20 14 516
20 15 663
20 16 553
20 17 579
20 18 245
20 19 40
20 21 442
20 22 614
20 23 859
20 24 579
20 25 492
20 26 445
20 27 291
20 28 780
20 29 189
20 30 574
20 31 629
20 32 85
20 33 872
20 34 493
20 35 404
20 36 562
20 37 184
20 38 255
20 39 449
20 40 565
20 41 151
20 42 584
20 43 818
20 44 624
20 45 619
20 46 604
20 47 213
20 48 713
20 49 68
20 50 599
20 51 794
20 52 248
20 53 646
20 54 589
20 55 323
20 56 274
20 57 736
20 58 199
20 59 604
20 60 965
20 61 837
20 62 714
20 63 346
20 64 136
20 65 758
20 66 114
20 67 650
20 68 582
20 69 261
20 70 521
20 71 747
20 72 329
20 73 398
20 74 811
20 75 159
20 76 767
20 77 674
20 78 389
20 79 575
20 80 550
20 81 553
20 82 707
20 83 867
20 84 97
20 85 405
20 86 558
20 87 496
20 88 593
20 89 538
20 90 103
20 91 639
20 92 243
20 93 781
20 94 450
20 95 468
20 96 378
20 97 737
20 98 595
20 99 554
20 100 448
21 1 1145
21 2 932
21 3 984
21 4 766
21 5 944
21 6 570
21 7 847
21 8 1290
21 9 599
21 10 552
21 11 91
21 12 970
21 13 621
21 14 935
21 15 982
21 16 980
21 17 998
21 18 250
21 19 443
21 20 442
21 22 988
21 23 1276
21 24 986
21 25 882
21 26 860
21 27 628
21 28 989
21 29 558
21 30 985
21 31 729
21 32 391
21 33 1265
21 34 933
21 35 845
21 36 932
21 37 306
21 38 470
21 39 887
21 40 863
21 41 508
21 42 1023
21 43 1161
21 44 987
21 45 1053
21 46 1036
21 47 552
21 48 1150
21 49 412
21 50 871
21 51 1187
21 52 219
21 53 1079
21 54 1028
21 55 764
21 56 715
21 57 953
21 58 571
21 59 751
21 60 1373
21 61 1199
21 62 1147
21 63 786
21 64 359
21 65 1052
21 66 553
21 67 726
21 68 1012
21 69 182
21 70 920
21 71 1163
21 72 758
21 73 513
21 74 942
21 75 542
21 76 1120
21 77 947
21 78 408
21 79 1010
21 80 982
21 81 695
21 82 1135
21 83 1290
21 84 438
21 85 470
21 86 970
21 87 705
21 88 1018
21 89 958
21 90 371
21 91 872
21 92 272
21 93 1112
21 94 781
21 95 577
21 96 376
21 97 1161
21 98 1011
21 99 911
21 100 887
22 1 658
22 2 400
22 3 962
22 4 690
22 5 845
22 6 440
22 7 364
22 8 966
22 9 422
22 10 575
22 11 902
22 12 506
22 13 369
22 14 628
22 15 961
22 16 598
22 17 188
22 18 739
22 19 589
22 20 614
22 21 988
22 23 822
22 24 128
22 25 128
22 26 213
22 27 361
22 28 1193
22 29 682
22 30 686
22 31 1160
22 32 620
22 33 926
22 34 355
22 35 410
22 36 799
22 37 796
22 38 829
22 39 489
22 40 932
22 41 690
22 42 351
22 43 1019
22 44 851
22 45 582
22 46 273
22 47 438
22 48 590
22 49 679
22 50 989
22 51 873
22 52 771
22 53 597
22 54 500
22 55 429
22 56 461
22 57 1150
22 58 678
22 59 1110
22 60 938
22 61 991
22 62 633
22 63 461
22 64 636
22 65 1067
22 66 556
22 67 1192
22 68 253
22 69 820
22 70 119
22 71 755
22 72 545
22 73 971
22 74 1290
22 75 662
22 76 964
22 77 1037
22 78 993
22 79 551
22 80 563
22 81 1074
22 82 667
22 83 794
22 84 567
22 85 995
22 86 670
22 87 984
22 88 632
22 89 627
22 90 635
22 91 1060
22 92 718
22 93 1020
22 94 818
22 95 1028
22 96 986
22 97 708
22 98 673
22 99 827
22 100 464
23 1 171
23 2 463
23 3 462
23 4 516
23 5 402
23 6 831
23 7 550
23 8 176
23 9 799
23 10 742
23 11 1193
23 12 365
23 13 865
23 14 344
23 15 463
23 16 311
23 17 635
23 18 1103
23 19 876
23 20 859
23 21 1276
23 22 822
23 24 695
23 25 761
23 26 676
23 27 892
23 28 720
23 29 719
23 30 293
23 31 900
23 32 936
23 33 144
23 34 498
23 35 518
23 36 385
23 37 972
23 38 837
23 39 436
23 40 551
23 41 769
23 42 473
23 43 355
23 44 361
23 45 267
23 46 551
23 47 897
23 48 233
23 49 870
23 50 596
23 51 160
23 52 1106
23 53 243
23 54 338
23 55 580
23 56 611
23 57 698
23 58 706
23 59 825
23 60 119
23 61 285
23 62 191
23 63 540
23 64 986
23 65 513
23 66 749
23 67 940
23 68 570
23 69 1107
23 70 731
23 71 114
23 72 532
23 73 891
23 74 883
23 75 735
23 76 329
23 77 575
23 78 992
23 79 312
23 80 324
23 81 835
23 82 169
23 83 51
23 84 914
23 85 945
23 86 306
23 87 740
23 88 268
23 89 322
23 90 957
23 91 667
23 92 1099
23 93 402
23 94 548
23 95 888
23 96 1011
23 97 129
23 98 266
23 99 424
23 100 449
24 1 530
24 2 279
24 3 848
24 4 590
24 5 731
24 6 419
24 7 259
24 8 838
24 9 393
24 10 517
24 11 897
24 12 383
24 13 370
24 14 509
24 15 847
24 16 475
24 17 61
24 18 741
24 19 561
24 20 579
24 21 986
24 22 128
24 23 695
24 25 116
24 26 136
24 27 373
24 28 1088
24 29 612
24 30 565
24 31 1077
24 32 602
24 33 799
24 34 234
24 35 303
24 36 684
24 37 762
24 38 768
24 39 373
24 40 826
24 41 629
24 42 224
24 43 896
24 44 734
24 45 455
24 46 147
24 47 437
24 48 463
24 49 638
24 50 885
24 51 746
24 52 768
24 53 469
24 54 373
24 55 338
24 56 379
24 57 1046
24 58 607
24 59 1022
24 60 811
24 61 866
24 62 506
24 63 363
24 64 627
24 65 952
24 66 501
24 67 1110
24 68 126
24 69 810
24 70 72
24 71 628
24 72 448
24 73 904
24 74 1193
24 75 597
24 76 841
24 77 929
24 78 940
24 79 425
24 80 439
24 81 990
24 82 539
24 83 667
24 84 551
24 85 934
24 86 549
24 87 896
24 88 507
24 89 506
24 90 620
24 91 959
24 92 723
24 93 899
24 94 717
24 95 955
24 96 936
24 97 581
24 98 549
24 99 714
24 100 348
25 1 591
25 2 310
25 3 852
25 4 571
25 5 737
25 6 322
25 7 254
25 8 890
25 9 300
25 10 447
25 11 794
25 12 418
25 13 262
25 14 528
25 15 851
25 16 506
25 17 157
25 18 635
25 19 468
25 20 492
25 21 882
25 22 128
25 23 761
25 24 116
25 26 97
25 27 261
25 28 1075
25 29 554
25 30 590
25 31 1033
25 32 504
25 33 851
25 34 268
25 35 301
25 36 692
25 37 675
25 38 702
25 39 386
25 40 814
25 41 563
25 42 294
25 43 923
25 44 746
25 45 505
25 46 237
25 47 330
25 48 533
25 49 555
25 50 871
25 51 791
25 52 664
25 53 524
25 54 426
25 55 308
25 56 336
25 57 1031
25 58 550
25 59 984
25 60 879
25 61 901
25 62 570
25 63 343
25 64 525
25 65 958
25 66 428
25 67 1065
25 68 211
25 69 709
25 70 45
25 71 682
25 72 425
25 73 843
25 74 1166
25 75 534
25 76 867
25 77 922
25 78 867
25 79 468
25 80 474
25 81 947
25 82 597
25 83 738
25 84 452
25 85 868
25 86 572
25 87 859
25 88 544
25 89 530
25 90 521
25 91 940
25 92 615
25 93 918
25 94 697
25 95 900
25 96 861
25 97 639
25 98 581
25 99 716
25 100 362
26 1 506
26 2 219
26 3 755
26 4 478
26 5 640
26 6 291
26 7 157
26 8 799
26 9 262
26 10 382
26 11 770
26 12 326
26 13 258
26 14 431
26 15 754
26 16 411
26 17 138
26 18 619
26 19 428
26 20 445
26 21 860
26 22 213
26 23 676
26 24 136
26 25 97
26 27 270
26 28 981
26 29 479
26 30 494
26 31 951
26 32 472
26 33 761
26 34 179
26 35 204
26 36 595
26 37 628
26 38 633
26 39 289
26 40 720
26 41 494
26 42 224
26 43 827
26 44 650
26 45 415
26 46 192
26 47 320
26 48 454
26 49 503
26 50 777
26 51 699
26 52 644
26 53 436
26 54 339
26 55 216
26 56 251
26 57 938
26 58 474
26 59 899
26 60 795
26 61 806
26 62 487
26 63 249
26 64 502
26 65 861
26 66 365
26 67 983
26 68 164
26 69 682
26 70 95
26 71 592
26 72 332
26 73 771
26 74 1077
26 75 463
26 76 770
26 77 827
26 78 804
26 79 377
26 80 380
26 81 864
26 82 510
26 83 658
26 84 423
26 85 800
26 86 476
26 87 773
26 88 450
26 89 434
26 90 491
26 91 847
26 92 602
26 93 822
26 94 605
26 95 824
26 96 801
26 97 552
26 98 486
26 99 619
26 100 265
27 1 725
27 2 438
27 3 845
27 4 538
27 5 743
27 6 123
27 7 345
27 8 986
27 9 132
27 10 307
27 11 542
27 12 528
27 13 34
27 14 585
27 15 843
27 16 592
27 17 399
27 18 379
27 19 256
27 20 291
27 21 628
27 22 361
27 23 892
27 24 373
27 25 261
27 26 270
27 28 1017
27 29 427
27 30 653
27 31 907
27 32 271
27 33 949
27 34 414
27 35 375
27 36 704
27 37 459
27 38 539
27 39 460
27 40 772
27 41 413
27 42 483
27 43 961
27 44 767
27 45 626
27 46 461
27 47 83
27 48 691
27 49 358
27 50 819
27 51 878
27 52 411
27 53 651
27 54 564
27 55 321
27 56 309
27 57 972
27 58 429
27 59 873
27 60 1009
27 61 959
27 62 712
27 63 366
27 64 279
27 65 948
27 66 285
27 67 931
27 68 433
27 69 461
27 70 303
27 71 793
27 72 415
27 73 684
27 74 1074
27 75 399
27 76 906
27 77 885
27 78 679
27 79 581
27 80 571
27 81 826
27 82 725
27 83 883
27 84 219
27 85 695
27 86 634
27 87 755
27 88 636
27 89 598
27 90 283
27 91 874
27 92 358
27 93 940
27 94 648
27 95 752
27 96 666
27 97 764
27 98 658
27 99 714
27 100 444
28 1 733
28 2 820
28 3 273
28 4 505
28 5 379
28 6 898
28 7 831
28 8 597
28 9 885
28 10 714
28 11 943
28 12 739
28 13 983
28 14 601
28 15 273
28 16 656
28 17 1045
28 18 960
28 19 819
28 20 780
28 21 989
28 22 1193
28 23 720
28 24 1088
28 25 1075
28 26 981
28 27 1017
28 29 600
28 30 570
28 31 295
28 32 856
28 33 603
28 34 863
28 35 786
28 36 423
28 37 742
28 38 560
28 39 720
28 40 262
28 41 630
28 42 918
28 43 383
28 44 398
28 45 723
28 46 999
28 47 962
28 48 806
28 49 735
28 50 205
28 51 562
28 52 936
28 53 731
28 54 784
28 55 768
28 56 746
28 57 46
28 58 594
28 59 245
28 60 736
28 61 457
28 62 760
28 63 733
28 64 900
28 65 210
28 66 736
28 67 322
28 68 998
28 69 895
28 70 1075
28 71 654
28 72 650
28 73 477
28 74 169
28 75 630
28 76 393
28 77 166
28 78 584
28 79 722
28 80 692
28 81 297
28 82 714
28 83 767
28 84 876
28 85 521
28 86 578
28 87 296
28 88 648
28 89 614
28 90 867
28 91 144
28 92 973
28 93 326
28 94 379
28 95 415
28 96 616
28 97 699
28 98 601
28 99 384
28 100 744
29 1 595
29 2 437
29 3 478
29 4 210
29 5 407
29 6 304
29 7 380
29 8 739
29 9 298
29 10 120
29 11 477
29 12 439
29 13 394
29 14 380
29 15 476
29 16 431
29 17 593
29 18 414
29 19 225
29 20 189
29 21 558
29 22 682
29 23 719
29 24 612
29 25 554
29 26 479
29 27 427
29 28 600
29 30 427
29 31 487
29 32 272
29 33 711
29 34 456
29 35 355
29 36 386
29 37 253
29 38 161
29 39 361
29 40 377
29 41 51
29 42 546
29 43 636
29 44 446
29 45 509
29 46 592
29 47 365
29 48 612
29 49 165
29 50 413
29 51 633
29 52 406
29 53 534
29 54 501
29 55 286
29 56 237
29 57 555
29 58 14
29 59 448
29 60 816
29 61 661
29 62 601
29 63 284
29 64 321
29 65 569
29 66 143
29 67 515
29 68 576
29 69 395
29 70 571
29 71 606
29 72 223
29 73 292
29 74 647
29 75 31
29 76 587
29 77 486
29 78 339
29 79 470
29 80 438
29 81 403
29 82 583
29 83 735
29 84 281
29 85 324
29 86 414
29 87 329
29 88 465
29 89 404
29 90 287
29 91 457
29 92 418
29 93 596
29 94 262
29 95 346
29 96 344
29 97 606
29 98 455
29 99 373
29 100 370
30 1 193
30 2 287
30 3 303
30 4 226
30 5 191
30 6 570
30 7 340
30 8 337
30 9 541
30 10 457
30 11 902
30 12 185
30 13 622
30 14 68
30 15 302
30 16 93
30 17 512
30 18 818
30 19 595
30 20 574
30 21 985
30 22 686
30 23 293
30 24 565
30 25 590
30 26 494
30 27 653
30 28 570
30 29 427
30 31 670
30 32 654
30 33 303
30 34 332
30 35 296
30 36 150
30 37 680
30 38 549
30 39 207
30 40 332
30 41 477
30 42 363
30 43 334
30 44 178
30 45 155
30 46 449
30 47 640
30 48 248
30 49 580
30 50 390
30 51 228
30 52 818
30 53 166
30 54 217
30 55 332
30 56 349
30 57 534
30 58 414
30 59 598
30 60 392
30 61 314
30 62 212
30 63 287
30 64 705
30 65 399
30 66 466
30 67 709
30 68 455
30 69 817
30 70 574
30 71 179
30 72 254
30 73 615
30 74 709
30 75 444
30 76 278
30 77 405
30 78 710
30 79 155
30 80 130
30 81 593
30 82 176
30 83 311
30 84 637
30 85 668
30 86 20
30 87 492
30 88 79
30 89 60
30 90 674
30 91 469
30 92 816
30 93 335
30 94 282
30 95 624
30 96 727
30 97 187
30 98 37
30 99 192
30 100 230
31 1 860
31 2 846
31 3 449
31 4 506
31 5 502
31 6 784
31 7 823
31 8 817
31 9 783
31 10 605
31 11 698
31 12 796
31 13 876
31 14 672
31 15 447
31 16 735
31 17 1047
31 18 751
31 19 669
31 20 629
31 21 729
31 22 1160
31 23 900
31 24 1077
31 25 1033
31 26 951
31 27 907
31 28 295
31 29 487
31 30 670
31 32 688
31 33 812
31 34 880
31 35 785
31 36 530
31 37 531
31 38 376
31 39 747
31 40 351
31 41 495
31 42 956
31 43 617
31 44 540
31 45 816
31 46 1023
31 47 836
31 48 916
31 49 569
31 50 306
31 51 752
31 52 720
31 53 832
31 54 853
31 55 739
31 56 700
31 57 275
31 58 488
31 59 75
31 60 946
31 61 683
31 62 880
31 63 718
31 64 722
31 65 449
31 66 627
31 67 41
31 68 1015
31 69 668
31 70 1045
31 71 809
31 72 634
31 73 244
31 74 213
31 75 512
31 76 605
31 77 348
31 78 325
31 79 798
31 80 763
31 81 87
31 82 841
31 83 939
31 84 723
31 85 268
31 86 670
31 87 186
31 88 744
31 89 693
31 90 693
31 91 246
31 92 769
31 93 555
31 94 395
31 95 169
31 96 356
31 97 841
31 98 706
31 99 487
31 100 767
32 1 788
32 2 549
32 3 748
32 4 464
32 5 672
32 6 184
32 7 460
32 8 984
32 9 210
32 10 198
32 11 300
32 12 600
32 13 253
32 14 594
32 15 746
32 16 628
32 17 610
32 18 169
32 19 61
32 20 85
32 21 391
32 22 620
32 23 936
32 24 602
32 25 504
32 26 472
32 27 271
32 28 856
32 29 272
32 30 654
32 31 688
32 33 953
32 34 546
32 35 463
32 36 646
32 37 191
32 38 314
32 39 518
32 40 647
32 41 231
32 42 635
32 43 902
32 44 708
32 45 691
32 46 645
32 47 188
32 48 781
32 49 123
32 50 680
32 51 875
32 52 181
32 53 718
32 54 655
32 55 383
32 56 338
32 57 812
32 58 282
32 59 670
32 60 1044
32 61 921
32 62 786
32 63 412
32 64 52
32 65 840
32 66 189
32 67 706
32 68 622
32 69 210
32 70 539
32 71 825
32 72 405
32 73 450
32 74 878
32 75 243
32 76 851
32 77 755
32 78 421
32 79 646
32 80 622
32 81 617
32 82 781
32 83 942
32 84 54
32 85 448
32 86 637
32 87 568
32 88 669
32 89 615
32 90 22
32 91 715
32 92 163
32 93 865
32 94 533
32 95 523
32 96 404
32 97 812
32 98 673
32 99 638
32 100 514
33 1 272
33 2 543
33 3 364
33 4 502
33 5 337
33 6 872
33 7 619
33 8 40
33 9 842
33 10 756
33 11 1187
33 12 436
33 13 919
33 14 368
33 15 365
33 16 359
33 17 740
33 18 1115
33 19 894
33 20 872
33 21 1265
33 22 926
33 23 144
33 24 799
33 25 851
33 26 761
33 27 949
33 28 603
33 29 711
33 30 303
33 31 812
33 32 953
33 34 584
33 35 580
33 36 337
33 37 960
33 38 807
33 39 491
33 40 471
33 41 762
33 42 576
33 43 224
33 44 292
33 45 347
33 46 660
33 47 942
33 48 350
33 49 872
33 50 507
33 51 79
33 52 1112
33 53 330
33 54 428
33 55 629
33 56 650
33 57 586
33 58 698
33 59 737
33 60 135
33 61 150
33 62 300
33 63 585
33 64 1004
33 65 394
33 66 767
33 67 851
33 68 675
33 69 1105
33 70 826
33 71 171
33 72 556
33 73 838
33 74 770
33 75 732
33 76 212
33 77 471
33 78 946
33 79 385
33 80 384
33 81 755
33 82 261
33 83 195
33 84 938
33 85 894
33 86 321
33 87 668
33 88 316
33 89 353
33 90 973
33 91 570
33 92 1114
33 93 278
33 94 499
33 95 823
33 96 968
33 97 220
33 98 292
33 99 367
33 100 510
34 1 328
34 2 46
34 3 616
34 4 378
34 5 499
34 6 388
34 7 87
34 8 623
34 9 354
34 10 395
34 11 843
34 12 152
34 13 392
34 14 276
34 15 615
34 16 243
34 17 184
34 18 710
34 19 491
34 20 493
34 21 933
34 22 355
34 23 498
34 24 234
34 25 268
34 26 179
34 27 414
34 28 863
34 29 456
34 30 332
34 31 880
34 32 546
34 33 584
34 35 102
34 36 452
34 37 662
34 38 616
34 39 143
34 40 602
34 41 488
34 42 92
34 43 664
34 44 500
34 45 238
34 46 144
34 47 440
34 48 280
34 49 537
34 50 662
34 51 524
34 52 726
34 53 258
34 54 161
34 55 176
34 56 228
34 57 821
34 58 447
34 59 819
34 60 617
34 61 637
34 62 310
34 63 174
34 64 587
34 65 719
34 66 388
34 67 916
34 68 137
34 69 751
34 70 246
34 71 415
34 72 250
34 73 738
34 74 977
34 75 451
34 76 609
34 77 701
34 78 795
34 79 200
34 80 209
34 81 794
34 82 332
34 83 481
34 84 506
34 85 777
34 86 315
34 87 695
34 88 278
34 89 273
34 90 567
34 91 738
34 92 698
34 93 666
34 94 501
34 95 777
34 96 799
34 97 374
34 98 318
34 99 484
34 100 120
35 1 352
35 2 88
35 3 553
35 4 289
35 5 437
35 6 322
35 7 47
35 8 618
35 9 289
35 10 300
35 11 755
35 12 154
35 13 348
35 14 231
35 15 552
35 16 222
35 17 265
35 18 630
35 19 406
35 20 404
35 21 845
35 22 410
35 23 518
35 24 303
35 25 301
35 26 204
35 27 375
35 28 786
35 29 355
35 30 296
35 31 785
35 32 463
35 33 580
35 34 102
35 36 391
35 37 566
35 38 515
35 39 91
35 40 524
35 41 387
35 42 192
35 43 626
35 44 446
35 45 252
35 46 242
35 47 384
35 48 326
35 49 442
35 50 583
35 51 512
35 52 644
35 53 277
35 54 197
35 55 81
35 56 131
35 57 743
35 58 345
35 59 726
35 60 635
35 61 609
35 62 341
35 63 72
35 64 508
35 65 659
35 66 294
35 67 820
35 68 231
35 69 664
35 70 293
35 71 419
35 72 152
35 73 637
35 74 891
35 75 350
35 76 569
35 77 628
35 78 693
35 79 207
35 80 197
35 81 699
35 82 350
35 83 510
35 84 428
35 85 675
35 86 277
35 87 601
35 88 265
35 89 237
35 90 485
35 91 656
35 92 621
35 93 619
35 94 415
35 95 677
35 96 698
35 97 389
35 98 294
35 99 417
35 100 71
36 1 332
36 2 408
36 3 164
36 4 183
36 5 47
36 6 604
36 7 438
36 8 359
36 9 580
36 10 453
36 11 857
36 12 319
36 13 671
36 14 181
36 15 163
36 16 234
36 17 636
36 18 798
36 19 590
36 20 562
36 21 932
36 22 799
36 23 385
36 24 684
36 25 692
36 26 595
36 27 704
36 28 423
36 29 386
36 30 150
36 31 530
36 32 646
36 33 337
36 34 452
36 35 391
36 37 629
36 38 471
36 39 312
36 40 184
36 41 436
36 42 499
36 43 261
36 44 64
36 45 304
36 46 582
36 47 675
36 48 395
36 49 551
36 50 242
36 51 260
36 52 792
36 53 314
36 54 361
36 55 400
36 56 398
36 57 386
36 58 374
36 59 456
36 60 457
36 61 276
36 62 354
36 63 357
36 64 697
36 65 268
36 66 469
36 67 570
36 68 584
36 69 778
36 70 683
36 71 283
36 72 291
36 73 508
36 74 560
36 75 411
36 76 207
36 77 258
36 78 613
36 79 299
36 80 270
36 81 457
36 82 313
36 83 417
36 84 641
36 85 564
36 86 156
36 87 359
36 88 228
36 89 192
36 90 664
36 91 321
36 92 801
36 93 237
36 94 165
36 95 504
36 96 634
36 97 312
36 98 184
36 99 44
36 100 337
37 1 845
37 2 654
37 3 693
37 4 460
37 5 643
37 6 357
37 7 578
37 8 986
37 9 375
37 10 268
37 11 229
37 12 677
37 13 438
37 14 632
37 15 690
37 16 680
37 17 761
37 18 221
37 19 208
37 20 184
37 21 306
37 22 796
37 23 972
37 24 762
37 25 675
37 26 628
37 27 459
37 28 742
37 29 253
37 30 680
37 31 531
37 32 191
37 33 960
37 34 662
37 35 566
37 36 629
37 38 185
37 39 596
37 40 576
37 41 204
37 42 754
37 43 865
37 44 685
37 45 755
37 46 782
37 47 377
37 48 856
37 49 127
37 50 593
37 51 882
37 52 195
37 53 781
37 54 738
37 55 487
37 56 436
37 57 701
37 58 266
37 59 527
37 60 1068
37 61 898
37 62 848
37 63 501
37 64 206
37 65 770
37 66 275
37 67 543
37 68 761
37 69 157
37 70 705
37 71 858
37 72 462
37 73 288
37 74 734
37 75 239
37 76 821
37 77 671
37 78 236
37 79 714
37 80 684
37 81 471
37 82 833
37 83 987
37 84 241
37 85 272
37 86 666
37 87 447
37 88 716
37 89 656
37 90 185
37 91 610
37 92 238
37 93 819
37 94 483
37 95 363
37 96 215
37 97 858
37 98 707
37 99 609
37 100 600
38 1 730
38 2 596
38 3 515
38 4 324
38 5 478
38 6 419
38 7 540
38 8 829
38 9 423
38 10 255
38 11 404
38 12 590
38 13 511
38 14 513
38 15 512
38 16 569
38 17 751
38 18 401
38 19 294
38 20 255
38 21 470
38 22 829
38 23 837
38 24 768
38 25 702
38 26 633
38 27 539
38 28 560
38 29 161
38 30 549
38 31 376
38 32 314
38 33 807
38 34 616
38 35 515
38 36 471
38 37 185
38 39 516
38 40 395
38 41 140
38 42 705
38 43 692
38 44 521
38 45 651
38 46 752
38 47 465
38 48 756
38 49 193
38 50 409
38 51 730
38 52 378
38 53 675
38 54 653
38 55 446
38 56 397
38 57 518
38 58 170
38 59 357
38 60 923
38 61 731
38 62 739
38 63 443
38 64 351
38 65 587
38 66 275
38 67 396
38 68 736
38 69 342
38 70 722
38 71 726
38 72 378
38 73 146
38 74 566
38 75 171
38 76 651
38 77 486
38 78 180
38 79 616
38 80 582
38 81 303
38 82 716
38 83 859
38 84 348
38 85 167
38 86 538
38 87 265
38 88 599
38 89 537
38 90 320
38 91 426
38 92 414
38 93 642
38 94 314
38 95 214
38 96 187
38 97 734
38 98 580
38 99 445
38 100 527
39 1 275
39 2 102
39 3 475
39 4 242
39 5 358
39 6 396
39 7 134
39 8 529
39 9 363
39 10 335
39 11 798
39 12 84
39 13 431
39 14 143
39 15 474
39 16 133
39 17 326
39 18 686
39 19 458
39 20 449
39 21 887
39 22 489
39 23 436
39 24 373
39 25 386
39 26 289
39 27 460
39 28 720
39 29 361
39 30 207
39 31 747
39 32 518
39 33 491
39 34 143
39 35 91
39 36 312
39 37 596
39 38 516
39 40 460
39 41 402
39 42 210
39 43 538
39 44 363
39 45 176
39 46 282
39 47 461
39 48 265
39 49 477
39 50 520
39 51 422
39 52 695
39 53 202
39 54 143
39 55 145
39 56 181
39 57 678
39 58 350
39 59 683
39 60 551
39 61 520
39 62 270
39 63 107
39 64 565
39 65 580
39 66 336
39 67 784
39 68 279
39 69 708
39 70 373
39 71 334
39 72 139
39 73 624
39 74 836
39 75 364
39 76 482
39 77 558
39 78 694
39 79 130
39 80 112
39 81 662
39 82 271
39 83 433
39 84 488
39 85 668
39 86 188
39 87 561
39 88 176
39 89 147
39 90 539
39 91 596
39 92 679
39 93 534
39 94 361
39 95 656
39 96 702
39 97 307
39 98 204
39 99 342
39 100 25
40 1 516
40 2 561
40 3 124
40 4 245
40 5 153
40 6 656
40 7 569
40 8 482
40 9 640
40 10 479
40 11 799
40 12 487
40 13 738
40 14 350
40 15 122
40 16 410
40 17 784
40 18 776
40 19 601
40 20 565
40 21 863
40 22 932
40 23 551
40 24 826
40 25 814
40 26 720
40 27 772
40 28 262
40 29 377
40 30 332
40 31 351
40 32 647
40 33 471
40 34 602
40 35 524
40 36 184
40 37 576
40 38 395
40 39 460
40 41 417
40 42 662
40 43 307
40 44 190
40 45 485
40 46 741
40 47 725
40 48 579
40 49 532
40 50 61
40 51 405
40 52 760
40 53 497
40 54 536
40 55 508
40 56 488
40 57 220
40 58 368
40 59 276
40 60 603
40 61 360
40 62 538
40 63 472
40 64 695
40 65 196
40 66 500
40 67 391
40 68 739
40 69 732
40 70 813
40 71 459
40 72 390
40 73 381
40 74 381
40 75 407
40 76 277
40 77 114
40 78 495
40 79 476
40 80 443
40 81 286
40 82 497
40 83 589
40 84 657
40 85 437
40 86 336
40 87 198
40 88 410
40 89 367
40 90 661
40 91 140
40 92 784
40 93 252
40 94 124
40 95 356
40 96 522
40 97 492
