nnodes nedges type capacity P s t
100  4950  graph  1000 100 1 100 
nodename posx posy itemvalue itemweight
1 560 236 0 0
2 114 230 13 28
3 531 62 64 3
4 466 255 134 34
5 708 149 27 15
6 357 928 244 5
7 870 951 173 6
8 897 738 139 13
9 864 72 43 20
10 330 759 159 4
11 896 67 90 28
12 956 618 102 48
13 750 424 67 47
14 473 94 226 50
15 699 625 182 7
16 243 259 203 9
17 213 709 161 17
18 842 96 187 24
19 123 308 169 22
20 351 831 109 45
21 809 61 189 2
22 760 679 200 11
23 12 657 210 40
24 770 229 124 2
25 82 100 9 34
26 340 978 155 48
27 168 296 211 8
28 596 270 98 29
29 72 422 107 23
30 716 772 29 38
31 399 312 129 33
32 31 964 249 41
33 373 873 149 37
34 60 497 114 18
35 181 763 208 25
36 328 342 114 46
37 824 440 176 13
38 22 189 109 37
39 450 144 3 34
40 418 532 238 13
41 244 110 69 44
42 862 764 63 30
43 759 811 204 10
44 386 831 158 10
45 585 103 84 36
46 603 336 97 14
47 415 635 18 45
48 300 788 204 19
49 508 712 131 19
50 637 42 86 41
51 475 966 243 49
52 384 652 188 21
53 758 758 114 48
54 841 208 7 18
55 902 611 231 47
56 740 499 182 50
57 721 955 90 44
58 615 480 181 45
59 766 2 5 38
60 312 703 204 38
61 105 915 126 1
62 39 872 151 45
63 902 339 247 6
64 12 763 13 30
65 51 2 125 50
66 157 878 22 19
67 968 541 1 9
68 530 78 239 16
69 652 723 209 46
70 287 906 183 39
71 334 379 194 14
72 405 408 90 35
73 334 373 210 20
74 240 452 30 14
75 375 552 210 33
76 155 832 154 37
77 820 546 33 4
78 56 74 33 32
79 885 420 112 46
80 837 288 213 36
81 422 994 97 34
82 519 742 204 49
83 888 49 44 45
84 821 892 164 2
85 773 108 142 46
86 798 459 43 35
87 487 556 62 34
88 867 174 219 21
89 929 108 4 48
90 626 656 86 15
91 12 134 231 39
92 840 184 1 15
93 680 896 145 33
94 259 918 98 6
95 316 448 180 10
96 558 739 93 29
97 795 77 145 48
98 481 683 77 39
99 479 302 192 41
100 927 604 0 0
endpoint1 endpoint2 weight
1 2 447
1 3 177
1 4 96
1 5 172
1 6 722
1 7 780
1 8 605
1 9 346
1 10 572
1 11 377
1 12 551
1 13 268
1 14 167
1 15 414
1 16 318
1 17 587
1 18 315
1 19 443
1 20 631
1 21 305
1 22 487
1 23 692
1 24 211
1 25 497
1 26 774
1 27 397
1 28 50
1 29 523
1 30 559
1 31 179
1 32 900
1 33 664
1 34 565
1 35 650
1 36 256
1 37 334
1 38 541
1 39 144
1 40 329
1 41 341
1 42 609
1 43 609
1 44 620
1 45 136
1 46 109
1 47 425
1 48 611
1 49 479
1 50 209
1 51 735
1 52 452
1 53 559
1 54 283
1 55 508
1 56 319
1 57 737
1 58 251
1 59 312
1 60 529
1 61 818
1 62 823
1 63 358
1 64 761
1 65 561
1 66 759
1 67 510
1 68 161
1 69 496
1 70 724
1 71 268
1 72 232
1 73 265
1 74 387
1 75 367
1 76 721
1 77 405
1 78 530
1 79 374
1 80 282
1 81 771
1 82 508
1 83 378
1 84 707
1 85 249
1 86 327
1 87 329
1 88 314
1 89 391
1 90 426
1 91 558
1 92 285
1 93 671
1 94 746
1 95 324
1 96 504
1 97 284
1 98 454
1 99 105
1 100 520
2 1 447
2 3 450
2 4 353
2 5 600
2 6 740
2 7 1045
2 8 934
2 9 767
2 10 572
2 11 799
2 12 928
2 13 665
2 14 384
2 15 706
2 16 133
2 17 490
2 18 741
2 19 79
2 20 647
2 21 716
2 22 787
2 23 440
2 24 657
2 25 134
2 26 782
2 27 86
2 28 484
2 29 197
2 30 811
2 31 297
2 32 739
2 33 694
2 34 273
2 35 538
2 36 242
2 37 741
2 38 101
2 39 347
2 40 429
2 41 177
2 42 920
2 43 869
2 44 660
2 45 488
2 46 501
2 47 505
2 48 589
2 49 623
2 50 556
2 51 820
2 52 501
2 53 833
2 54 728
2 55 876
2 56 682
2 57 946
2 58 560
2 59 691
2 60 513
2 61 686
2 62 647
2 63 796
2 64 543
2 65 237
2 66 650
2 67 909
2 68 443
2 69 730
2 70 698
2 71 266
2 72 342
2 73 263
2 74 256
2 75 415
2 76 604
2 77 774
2 78 167
2 79 795
2 80 726
2 81 824
2 82 653
2 83 795
2 84 969
2 85 671
2 86 722
2 87 496
2 88 756
2 89 825
2 90 667
2 91 141
2 92 728
2 93 875
2 94 704
2 95 298
2 96 676
2 97 698
2 98 584
2 99 373
2 100 895
3 1 177
3 2 450
3 4 204
3 5 198
3 6 884
3 7 952
3 8 769
3 9 334
3 10 726
3 11 366
3 12 700
3 13 424
3 14 67
3 15 588
3 16 349
3 17 721
3 18 313
3 19 477
3 20 790
3 21 279
3 22 659
3 23 790
3 24 292
3 25 451
3 26 936
3 27 432
3 28 218
3 29 584
3 30 734
3 31 283
3 32 1032
3 33 827
3 34 642
3 35 784
3 36 346
3 37 479
3 38 525
3 39 116
3 40 484
3 41 291
3 42 777
3 43 783
3 44 783
3 45 68
3 46 284
3 47 585
3 48 762
3 49 651
3 50 108
3 51 906
3 52 609
3 53 733
3 54 343
3 55 663
3 56 485
3 57 913
3 58 427
3 59 243
3 60 678
3 61 954
3 62 948
3 63 464
3 64 873
3 65 484
3 66 898
3 67 649
3 68 17
3 69 672
3 70 879
3 71 374
3 72 369
3 73 369
3 74 487
3 75 515
3 76 857
3 77 564
3 78 476
3 79 504
3 80 381
3 81 939
3 82 681
3 83 358
3 84 880
3 85 247
3 86 479
3 87 496
3 88 355
3 89 401
3 90 602
3 91 524
3 92 333
3 93 848
3 94 899
3 95 442
3 96 678
3 97 265
3 98 624
3 99 246
3 100 672
4 1 96
4 2 353
4 3 204
4 5 265
4 6 682
4 7 805
4 8 648
4 9 439
4 10 523
4 11 470
4 12 610
4 13 331
4 14 162
4 15 438
4 16 224
4 17 520
4 18 409
4 19 348
4 20 588
4 21 395
4 22 516
4 23 607
4 24 306
4 25 415
4 26 734
4 27 301
4 28 131
4 29 428
4 30 575
4 31 88
4 32 832
4 33 625
4 34 473
4 35 583
4 36 164
4 37 403
4 38 449
4 39 113
4 40 282
4 41 266
4 42 645
4 43 629
4 44 582
4 45 194
4 46 160
4 47 384
4 48 559
4 49 459
4 50 274
4 51 712
4 52 406
4 53 582
4 54 378
4 55 563
4 56 367
4 57 745
4 58 270
4 59 393
4 60 474
4 61 753
4 62 751
4 63 445
4 64 682
4 65 487
4 66 696
4 67 578
4 68 189
4 69 504
4 70 676
4 71 182
4 72 165
4 73 178
4 74 300
4 75 311
4 76 656
4 77 459
4 78 449
4 79 451
4 80 373
4 81 741
4 82 490
4 83 470
4 84 730
4 85 341
4 86 390
4 87 302
4 88 410
4 89 486
4 90 432
4 91 470
4 92 381
4 93 676
4 94 695
4 95 245
4 96 493
4 97 375
4 98 429
4 99 49
4 100 579
5 1 172
5 2 600
5 3 198
5 4 265
5 6 855
5 7 819
5 8 619
5 9 174
5 10 718
5 11 206
5 12 531
5 13 279
5 14 242
5 15 477
5 16 478
5 17 748
5 18 145
5 19 607
5 20 770
5 21 134
5 22 533
5 23 862
5 24 102
5 25 628
5 26 908
5 27 560
5 28 165
5 29 693
5 30 624
5 31 350
5 32 1060
5 33 798
5 34 736
5 35 810
5 36 427
5 37 314
5 38 688
5 39 259
5 40 481
5 41 466
5 42 634
5 43 664
5 44 755
5 45 132
5 46 215
5 47 568
5 48 759
5 49 598
5 50 129
5 51 850
5 52 599
5 53 612
5 54 146
5 55 502
5 56 352
5 57 807
5 58 344
5 59 159
5 60 681
5 61 975
5 62 986
5 63 272
5 64 929
5 65 674
5 66 914
5 67 471
5 68 192
5 69 577
5 70 867
5 71 440
5 72 399
5 73 436
5 74 558
5 75 523
5 76 879
5 77 413
5 78 657
5 79 324
5 80 190
5 81 893
5 82 623
5 83 206
5 84 752
5 85 77
5 86 323
5 87 464
5 88 161
5 89 225
5 90 514
5 91 697
5 92 137
5 93 748
5 94 891
5 95 494
5 96 609
5 97 113
5 98 581
5 99 276
5 100 505
6 1 722
6 2 740
6 3 884
6 4 682
6 5 855
6 7 514
6 8 573
6 9 995
6 10 172
6 11 1016
6 12 675
6 13 640
6 14 843
6 15 457
6 16 679
6 17 263
6 18 964
6 19 663
6 20 98
6 21 978
6 22 474
6 23 439
6 24 812
6 25 873
6 26 53
6 27 660
6 28 701
6 29 581
6 30 392
6 31 618
6 32 328
6 33 58
6 34 524
6 35 242
6 36 587
6 37 676
6 38 812
6 39 790
6 40 401
6 41 826
6 42 531
6 43 419
6 44 102
6 45 856
6 46 642
6 47 299
6 48 152
6 49 264
6 50 930
6 51 124
6 52 278
6 53 436
6 54 868
6 55 631
6 56 576
6 57 365
6 58 517
6 59 1013
6 60 230
6 61 253
6 62 323
6 63 803
6 64 383
6 65 976
6 66 207
6 67 724
6 68 868
6 69 360
6 70 74
6 71 550
6 72 523
6 73 556
6 74 491
6 75 377
6 76 224
6 77 601
6 78 906
6 79 733
6 80 800
6 81 93
6 82 247
6 83 1027
6 84 466
6 85 920
6 86 644
6 87 395
6 88 911
6 89 1000
6 90 383
6 91 866
6 92 888
6 93 325
6 94 99
6 95 482
6 96 276
6 97 958
6 98 275
6 99 638
6 100 656
7 1 780
7 2 1045
7 3 952
7 4 805
7 5 819
7 6 514
7 8 215
7 9 880
7 10 574
7 11 885
7 12 344
7 13 541
7 14 945
7 15 369
7 16 934
7 17 701
7 18 856
7 19 986
7 20 533
7 21 893
7 22 294
7 23 907
7 24 729
7 25 1160
7 26 531
7 27 961
7 28 735
7 29 958
7 30 237
7 31 794
7 32 840
7 33 504
7 34 929
7 35 715
7 36 816
7 37 514
7 38 1141
7 39 910
7 40 617
7 41 1049
7 42 188
7 43 179
7 44 499
7 45 895
7 46 671
7 47 554
7 48 593
7 49 434
7 50 939
7 51 396
7 52 571
7 53 224
7 54 744
7 55 342
7 56 471
7 57 150
7 58 536
7 59 955
7 60 611
7 61 766
7 62 835
7 63 613
7 64 879
7 65 1254
7 66 717
7 67 422
7 68 937
7 69 316
7 70 585
7 71 784
7 72 715
7 73 789
7 74 804
7 75 636
7 76 725
7 77 409
7 78 1197
7 79 532
7 80 664
7 81 451
7 82 409
7 83 903
7 84 77
7 85 849
7 86 498
7 87 551
7 88 778
7 89 846
7 90 383
7 91 1185
7 92 768
7 93 198
7 94 612
7 95 749
7 96 378
7 97 878
7 98 473
7 99 758
7 100 352
8 1 605
8 2 934
8 3 769
8 4 648
8 5 619
8 6 573
8 7 215
8 9 667
8 10 568
8 11 672
8 12 134
8 13 347
8 14 772
8 15 228
8 16 811
8 17 685
8 18 645
8 19 886
8 20 554
8 21 683
8 22 150
8 23 889
8 24 525
8 25 1036
8 26 607
8 27 853
8 28 557
8 29 884
8 30 185
8 31 656
8 32 896
8 33 542
8 34 872
8 35 717
8 36 694
8 37 307
8 38 1033
8 39 744
8 40 522
8 41 906
8 42 44
8 43 157
8 44 520
8 45 708
8 46 499
8 47 493
8 48 600
8 49 390
8 50 743
8 51 480
8 52 521
8 53 141
8 54 533
8 55 128
8 56 286
8 57 280
8 58 383
8 59 748
8 60 587
8 61 812
8 62 869
8 63 400
8 64 886
8 65 1122
8 66 754
8 67 210
8 68 756
8 69 246
8 70 633
8 71 668
8 72 593
8 73 671
8 74 717
8 75 555
8 76 748
8 77 207
8 78 1072
8 79 319
8 80 454
8 81 540
8 82 379
8 83 690
8 84 172
8 85 643
8 86 297
8 87 449
8 88 565
8 89 631
8 90 284
8 91 1072
8 92 557
8 93 269
8 94 663
8 95 650
8 96 340
8 97 669
8 98 420
8 99 605
8 100 138
9 1 346
9 2 767
9 3 334
9 4 439
9 5 174
9 6 995
9 7 880
9 8 667
9 10 871
9 11 33
9 12 554
9 13 370
9 14 392
9 15 578
9 16 649
9 17 911
9 18 33
9 19 778
9 20 917
9 21 57
9 22 616
9 23 1034
9 24 183
9 25 783
9 26 1047
9 27 732
9 28 334
9 29 866
9 30 716
9 31 524
9 32 1221
9 33 940
9 34 910
9 35 972
9 36 601
9 37 371
9 38 851
9 39 421
9 40 641
9 41 622
9 42 693
9 43 747
9 44 897
9 45 281
9 46 372
9 47 721
9 48 912
9 49 733
9 50 229
9 51 975
9 52 753
9 53 695
9 54 138
9 55 541
9 56 445
9 57 895
9 58 478
9 59 121
9 60 839
9 61 1135
9 62 1150
9 63 270
9 64 1097
9 65 817
9 66 1073
9 67 481
9 68 335
9 69 685
9 70 1015
9 71 613
9 72 569
9 73 610
9 74 731
9 75 686
9 76 1040
9 77 477
9 78 809
9 79 349
9 80 218
9 81 1023
9 82 754
9 83 34
9 84 822
9 85 98
9 86 393
9 87 614
9 88 103
9 89 75
9 90 631
9 91 855
9 92 115
9 93 845
9 94 1041
9 95 665
9 96 734
9 97 70
9 98 722
9 99 449
9 100 536
10 1 572
10 2 572
10 3 726
10 4 523
10 5 718
10 6 172
10 7 574
10 8 568
10 9 871
10 11 894
10 12 642
10 13 538
10 14 681
10 15 393
10 16 508
10 17 128
10 18 838
10 19 497
10 20 75
10 21 847
10 22 438
10 23 334
10 24 689
10 25 705
10 26 220
10 27 491
10 28 557
10 29 425
10 30 387
10 31 453
10 32 363
10 33 122
10 34 377
10 35 150
10 36 418
10 37 589
10 38 648
10 39 627
10 40 244
10 41 655
10 42 533
10 43 433
10 44 92
10 45 704
10 46 504
10 47 151
10 48 42
10 49 185
10 50 780
10 51 253
10 52 120
10 53 429
10 54 752
10 55 591
10 56 486
10 57 438
10 58 399
10 59 874
10 60 59
10 61 274
10 62 313
10 63 710
10 64 319
10 65 807
10 66 210
10 67 675
10 68 710
10 69 325
10 70 154
10 71 381
10 72 359
10 73 387
10 74 320
10 75 212
10 76 190
10 77 535
10 78 738
10 79 651
10 80 693
10 81 253
10 82 190
10 83 904
10 84 509
10 85 788
10 86 556
10 87 257
10 88 795
10 89 885
10 90 314
10 91 702
10 92 769
10 93 376
10 94 175
10 95 312
10 96 229
10 97 826
10 98 170
10 99 481
10 100 617
11 1 377
11 2 799
11 3 366
11 4 470
11 5 206
11 6 1016
11 7 885
11 8 672
11 9 33
11 10 894
11 12 555
11 13 386
11 14 424
11 15 592
11 16 681
11 17 938
11 18 62
11 19 810
11 20 939
11 21 88
11 22 627
11 23 1063
11 24 206
11 25 815
11 26 1068
11 27 764
11 28 363
11 29 898
11 30 728
11 31 555
11 32 1247
11 33 961
11 34 941
11 35 998
11 36 632
11 37 380
11 38 883
11 39 453
11 40 667
11 41 654
11 42 698
11 43 757
11 44 919
11 45 314
11 46 398
11 47 745
11 48 936
11 49 753
11 50 261
11 51 993
11 52 778
11 53 705
11 54 152
11 55 545
11 56 460
11 57 906
11 58 500
11 59 146
11 60 864
11 61 1160
11 62 1176
11 63 273
11 64 1126
11 65 848
11 66 1098
11 67 480
11 68 367
11 69 700
11 70 1037
11 71 643
11 72 598
11 73 640
11 74 761
11 75 712
11 76 1066
11 77 485
11 78 841
11 79 354
11 80 229
11 81 1042
11 82 774
11 83 20
11 84 829
11 85 130
11 86 405
11 87 638
11 88 111
11 89 53
11 90 648
11 91 887
11 92 130
11 93 857
11 94 1064
11 95 694
11 96 753
11 97 102
11 98 743
11 99 479
11 100 538
12 1 551
12 2 928
12 3 700
12 4 610
12 5 531
12 6 675
12 7 344
12 8 134
12 9 554
12 10 642
12 11 555
12 13 283
12 14 713
12 15 258
12 16 799
12 17 749
12 18 535
12 19 889
12 20 642
12 21 577
12 22 206
12 23 945
12 24 432
12 25 1016
12 26 714
12 27 852
12 28 501
12 29 906
12 30 286
12 31 636
12 32 988
12 33 637
12 34 905
12 35 789
12 36 686
12 37 222
12 38 1028
12 39 694
12 40 545
12 41 875
12 42 174
12 43 276
12 44 609
12 45 635
12 46 452
12 47 542
12 48 678
12 49 458
12 50 659
12 51 594
12 52 574
12 53 243
12 54 426
12 55 55
12 56 247
12 57 411
12 58 368
12 59 645
12 60 650
12 61 902
12 62 952
12 63 285
12 64 956
12 65 1095
12 66 841
12 67 78
12 68 688
12 69 322
12 70 729
12 71 667
12 72 590
12 73 669
12 74 735
12 75 585
12 76 830
12 77 154
12 78 1052
12 79 211
12 80 351
12 81 654
12 82 455
12 83 574
12 84 306
12 85 542
12 86 225
12 87 474
12 88 453
12 89 511
12 90 333
12 91 1061
12 92 450
12 93 392
12 94 759
12 95 663
12 96 416
12 97 565
12 98 480
12 99 573
12 100 33
13 1 268
13 2 665
13 3 424
13 4 331
13 5 279
13 6 640
13 7 541
13 8 347
13 9 370
13 10 538
13 11 386
13 12 283
13 14 431
13 15 208
13 16 534
13 17 608
13 18 341
13 19 638
13 20 570
13 21 368
13 22 256
13 23 774
13 24 197
13 25 743
13 26 690
13 27 596
13 28 218
13 29 679
13 30 350
13 31 369
13 32 900
13 33 587
13 34 694
13 35 663
13 36 430
13 37 76
13 38 765
13 39 411
13 40 350
13 41 596
13 42 358
13 43 388
13 44 547
13 45 361
13 46 172
13 47 396
13 48 579
13 49 377
13 50 399
13 51 608
13 52 432
13 53 335
13 54 235
13 55 241
13 56 76
13 57 532
13 58 147
13 59 423
13 60 520
13 61 811
13 62 841
13 63 175
13 64 813
13 65 817
13 66 747
13 67 248
13 68 411
13 69 315
13 70 669
13 71 419
13 72 346
13 73 420
13 74 511
13 75 397
13 76 722
13 77 141
13 78 778
13 79 136
13 80 162
13 81 658
13 82 394
13 83 400
13 84 474
13 85 317
13 86 60
13 87 295
13 88 277
13 89 364
13 90 264
13 91 793
13 92 257
13 93 478
13 94 697
13 95 435
13 96 369
13 97 350
13 98 374
13 99 298
13 100 253
14 1 167
14 2 384
14 3 67
14 4 162
14 5 242
14 6 843
14 7 945
14 8 772
14 9 392
14 10 681
14 11 424
14 12 713
14 13 431
14 15 578
14 16 284
14 17 668
14 18 370
14 19 411
14 20 748
14 21 338
14 22 652
14 23 728
14 24 327
14 25 392
14 26 894
14 27 366
14 28 215
14 29 519
14 30 721
14 31 231
14 32 976
14 33 786
14 34 578
14 35 730
14 36 288
14 37 493
14 38 461
14 39 56
14 40 442
14 41 230
14 42 775
14 43 772
14 44 743
14 45 113
14 46 275
14 47 545
14 48 716
14 49 619
14 50 173
14 51 873
14 52 566
14 53 723
14 54 386
14 55 672
14 56 486
14 57 897
14 58 412
14 59 308
14 60 630
14 61 900
14 62 891
14 63 495
14 64 813
14 65 432
14 66 846
14 67 667
14 68 60
14 69 654
14 70 834
14 71 318
14 72 322
14 73 312
14 74 428
14 75 469
14 76 804
14 77 570
14 78 418
14 79 526
14 80 413
14 81 902
14 82 650
14 83 418
14 84 871
14 85 301
14 86 489
14 87 463
14 88 403
14 89 457
14 90 583
14 91 463
14 92 378
14 93 829
14 94 852
14 95 388
14 96 651
14 97 323
14 98 590
14 99 209
14 100 683
15 1 414
15 2 706
15 3 588
15 4 438
15 5 477
15 6 457
15 7 369
15 8 228
15 9 578
15 10 393
15 11 592
15 12 258
15 13 208
15 14 578
15 16 585
15 17 494
15 18 548
15 19 658
15 20 405
15 21 575
15 22 82
15 23 688
15 24 403
15 25 811
15 26 504
15 27 625
15 28 370
15 29 660
15 30 148
15 31 434
15 32 750
15 33 410
15 34 652
15 35 537
15 36 467
15 37 224
15 38 806
15 39 542
15 40 296
15 41 688
15 42 215
15 43 196
15 44 375
15 45 535
15 46 305
15 47 285
15 48 432
15 49 210
15 50 587
15 51 408
15 52 317
15 53 146
15 54 441
15 55 204
15 56 133
15 57 331
15 58 168
15 59 627
15 60 395
15 61 662
15 62 705
15 63 351
15 64 701
15 65 899
15 66 599
15 67 282
15 68 573
15 69 109
15 70 499
15 71 441
15 72 366
15 73 444
15 74 491
15 75 333
15 76 583
15 77 145
15 78 847
15 79 277
15 80 365
15 81 462
15 82 215
15 83 607
15 84 294
15 85 523
15 86 194
15 87 223
15 88 482
15 89 566
15 90 80
15 91 845
15 92 463
15 93 272
15 94 529
15 95 422
15 96 182
15 97 557
15 98 226
15 99 391
15 100 229
16 1 318
16 2 133
16 3 349
16 4 224
16 5 478
16 6 679
16 7 934
16 8 811
16 9 649
16 10 508
16 11 681
16 12 799
16 13 534
16 14 284
16 15 585
16 17 451
16 18 621
16 19 130
16 20 583
16 21 600
16 22 667
16 23 461
16 24 528
16 25 227
16 26 726
16 27 84
16 28 354
16 29 237
16 30 698
16 31 165
16 32 737
16 33 628
16 34 301
16 35 508
16 36 119
16 37 609
16 38 232
16 39 237
16 40 325
16 41 150
16 42 799
16 43 756
16 44 590
16 45 376
16 46 369
16 47 414
16 48 533
16 49 525
16 50 450
16 51 745
16 52 418
16 53 718
16 54 601
16 55 748
16 56 552
16 57 845
16 58 433
16 59 583
16 60 450
16 61 671
16 62 647
16 63 664
16 64 555
16 65 321
16 66 625
16 67 778
16 68 340
16 69 619
16 70 649
16 71 151
16 72 221
16 73 146
16 74 194
16 75 322
16 76 580
16 77 645
16 78 264
16 79 662
16 80 595
16 81 757
16 82 557
16 83 679
16 84 858
16 85 552
16 86 590
16 87 385
16 88 630
16 89 703
16 90 552
16 91 263
16 92 602
16 93 773
16 94 660
16 95 203
16 96 575
16 97 582
16 98 487
16 99 240
16 100 767
17 1 587
17 2 490
17 3 721
17 4 520
17 5 748
17 6 263
17 7 701
17 8 685
17 9 911
17 10 128
17 11 938
17 12 749
17 13 608
17 14 668
17 15 494
17 16 451
17 18 879
17 19 411
17 20 185
17 21 881
17 22 548
17 23 208
17 24 736
17 25 623
17 26 298
17 27 416
17 28 583
17 29 320
17 30 507
17 31 439
17 32 314
17 33 230
17 34 262
17 35 63
17 36 385
17 37 668
17 38 554
17 39 613
17 40 271
17 41 600
17 42 652
17 43 556
17 44 212
17 45 712
17 46 540
17 47 216
17 48 118
17 49 296
17 50 791
17 51 368
17 52 181
17 53 548
17 54 804
17 55 696
17 56 568
17 57 565
17 58 463
17 59 898
17 60 100
17 61 233
17 62 239
17 63 783
17 64 209
17 65 726
17 66 179
17 67 774
17 68 707
17 69 440
17 70 211
17 71 352
17 72 358
17 73 358
17 74 259
17 75 226
17 76 136
17 77 629
17 78 655
17 79 732
17 80 753
17 81 354
17 82 308
17 83 945
17 84 635
17 85 822
17 86 637
17 87 314
17 88 845
17 89 935
17 90 417
17 91 610
17 92 818
17 93 504
17 94 215
17 95 281
17 96 347
17 97 860
17 98 270
17 99 487
17 100 722
18 1 315
18 2 741
18 3 313
18 4 409
18 5 145
18 6 964
18 7 856
18 8 645
18 9 33
18 10 838
18 11 62
18 12 535
18 13 341
18 14 370
18 15 548
18 16 621
18 17 879
18 19 750
18 20 884
18 21 49
18 22 589
18 23 1002
18 24 152
18 25 761
18 26 1015
18 27 704
18 28 302
18 29 837
18 30 688
18 31 493
18 32 1188
18 33 908
18 34 879
18 35 940
18 36 570
18 37 345
18 38 826
18 39 395
18 40 609
18 41 599
18 42 669
18 43 720
18 44 865
18 45 258
18 46 339
18 47 688
18 48 879
18 49 701
18 50 212
18 51 945
18 52 721
18 53 668
18 54 113
18 55 519
18 56 416
18 57 868
18 58 447
18 59 121
18 60 806
18 61 1102
18 62 1117
18 63 251
18 64 1065
18 65 797
18 66 1040
18 67 463
18 68 313
18 69 656
18 70 982
18 71 582
18 72 537
18 73 579
18 74 700
18 75 653
18 76 1007
18 77 451
18 78 787
18 79 327
18 80 193
18 81 992
18 82 723
18 83 66
18 84 797
18 85 71
18 86 366
18 87 582
18 88 82
18 89 88
18 90 601
18 91 831
18 92 89
18 93 817
18 94 1008
18 95 633
18 96 703
18 97 51
18 98 690
18 99 418
18 100 516
19 1 443
19 2 79
19 3 477
19 4 348
19 5 607
19 6 663
19 7 986
19 8 886
19 9 778
19 10 497
19 11 810
19 12 889
19 13 638
19 14 411
19 15 658
19 16 130
19 17 411
19 18 750
19 20 571
19 21 730
19 22 738
19 23 367
19 24 652
19 25 213
19 26 705
19 27 47
19 28 475
19 29 125
19 30 753
19 31 277
19 32 663
19 33 618
19 34 200
19 35 459
19 36 208
19 37 714
19 38 157
19 39 366
19 40 371
19 41 233
19 42 869
19 43 811
19 44 586
19 45 506
19 46 481
19 47 439
19 48 512
19 49 559
19 50 579
19 51 747
19 52 432
19 53 779
19 54 725
19 55 836
19 56 646
19 57 882
19 58 522
19 59 713
19 60 438
19 61 608
19 62 571
19 63 780
19 64 469
19 65 315
19 66 572
19 67 877
19 68 468
19 69 673
19 70 621
19 71 223
19 72 300
19 73 221
19 74 186
19 75 351
19 76 525
19 77 737
19 78 244
19 79 771
19 80 715
19 81 749
19 82 588
19 83 808
19 84 911
19 85 681
19 86 692
19 87 441
19 88 756
19 89 831
19 90 612
19 91 207
19 92 728
19 93 810
19 94 625
19 95 239
19 96 613
19 97 711
19 98 519
19 99 357
19 100 857
20 1 631
20 2 647
20 3 790
20 4 588
20 5 770
20 6 98
20 7 533
20 8 554
20 9 917
20 10 75
20 11 939
20 12 642
20 13 570
20 14 748
20 15 405
20 16 583
20 17 185
20 18 884
20 19 571
20 21 896
20 22 437
20 23 382
20 24 734
20 25 779
20 26 148
20 27 566
20 28 613
20 29 496
20 30 370
20 31 522
20 32 347
20 33 48
20 34 443
20 35 184
20 36 490
20 37 614
20 38 722
20 39 695
20 40 307
20 41 729
20 42 516
20 43 409
20 44 35
20 45 765
20 46 556
20 47 207
20 48 67
20 49 198
20 50 840
20 51 184
20 52 183
20 53 414
20 54 793
20 55 594
20 56 512
20 57 391
20 58 440
20 59 928
20 60 134
20 61 260
20 62 315
20 63 739
20 64 346
20 65 882
20 66 200
20 67 682
20 68 774
20 69 320
20 70 99
20 71 453
20 72 427
20 73 459
20 74 395
20 75 281
20 76 197
20 77 549
20 78 813
20 79 674
20 80 729
20 81 178
20 82 191
20 83 949
20 84 474
20 85 838
20 86 582
20 87 307
20 88 836
20 89 926
20 90 326
20 91 776
20 92 812
20 93 336
20 94 127
20 95 385
20 96 227
20 97 876
20 98 197
20 99 545
20 100 620
21 1 305
21 2 716
21 3 279
21 4 395
21 5 134
21 6 978
21 7 893
21 8 683
21 9 57
21 10 847
21 11 88
21 12 577
21 13 368
21 14 338
21 15 575
21 16 600
21 17 881
21 18 49
21 19 730
21 20 896
21 22 620
21 23 996
21 24 173
21 25 729
21 26 1030
21 27 683
21 28 299
21 29 821
21 30 718
21 31 481
21 32 1192
21 33 922
21 34 867
21 35 942
21 36 558
21 37 380
21 38 798
21 39 369
21 40 613
21 41 568
21 42 705
21 43 752
21 44 879
21 45 228
21 46 344
21 47 697
21 48 888
21 49 718
21 50 174
21 51 965
21 52 728
21 53 699
21 54 151
21 55 558
21 56 444
21 57 899
21 58 462
21 59 74
21 60 812
21 61 1107
21 62 1119
21 63 294
21 64 1063
21 65 761
21 66 1046
21 67 506
21 68 280
21 69 681
21 70 994
21 71 572
21 72 533
21 73 569
21 74 691
21 75 656
21 76 1012
21 77 486
21 78 754
21 79 367
21 80 229
21 81 1011
21 82 741
21 83 80
21 84 832
21 85 60
21 86 399
21 87 591
21 88 128
21 89 129
21 90 623
21 91 801
21 92 127
21 93 845
21 94 1019
21 95 627
21 96 723
21 97 22
21 98 704
21 99 409
21 100 556
22 1 487
22 2 787
22 3 659
22 4 516
22 5 533
22 6 474
22 7 294
22 8 150
22 9 616
22 10 438
22 11 627
22 12 206
22 13 256
22 14 652
22 15 82
22 16 667
22 17 548
22 18 589
22 19 738
22 20 437
22 21 620
22 23 749
22 24 451
22 25 892
22 26 516
22 27 706
22 28 441
22 29 735
22 30 103
22 31 515
22 32 783
22 33 433
22 34 724
22 35 586
22 36 548
22 37 248
22 38 886
22 39 619
22 40 373
22 41 769
22 42 133
22 43 133
22 44 404
22 45 602
22 46 378
22 47 348
22 48 473
22 49 255
22 50 649
22 51 405
22 52 377
22 53 80
22 54 478
22 55 158
22 56 182
22 57 279
22 58 247
22 59 678
22 60 449
22 61 697
22 62 747
22 63 369
22 64 753
22 65 981
22 66 635
22 67 250
22 68 644
22 69 117
22 70 525
22 71 522
22 72 447
22 73 525
22 74 568
22 75 406
22 76 625
22 77 146
22 78 929
22 79 288
22 80 399
22 81 463
22 82 250
22 83 643
22 84 222
22 85 572
22 86 224
22 87 300
22 88 517
22 89 596
22 90 136
22 91 926
22 92 502
22 93 232
22 94 556
22 95 501
22 96 211
22 97 604
22 98 280
22 99 471
22 100 184
23 1 692
23 2 440
23 3 790
23 4 607
23 5 862
23 6 439
23 7 907
23 8 889
23 9 1034
23 10 334
23 11 1063
23 12 945
23 13 774
23 14 728
23 15 688
23 16 461
23 17 208
23 18 1002
23 19 367
23 20 382
23 21 996
23 22 749
23 24 871
23 25 562
23 26 459
23 27 394
23 28 701
23 29 243
23 30 714
23 31 519
23 32 308
23 33 421
23 34 168
23 35 200
23 36 447
23 37 841
23 38 469
23 39 675
23 40 425
23 41 595
23 42 857
23 43 763
23 44 413
23 45 798
23 46 673
23 47 404
23 48 317
23 49 500
23 50 877
23 51 557
23 52 373
23 53 753
23 54 943
23 55 892
23 56 745
23 57 770
23 58 629
23 59 999
23 60 304
23 61 275
23 62 217
23 63 946
23 64 106
23 65 657
23 66 265
23 67 964
23 68 777
23 69 644
23 70 371
23 71 426
23 72 466
23 73 430
23 74 307
23 75 378
23 76 226
23 77 816
23 78 585
23 79 905
23 80 904
23 81 531
23 82 515
23 83 1067
23 84 843
23 85 939
23 86 811
23 87 486
23 88 982
23 89 1069
23 90 615
23 91 523
23 92 954
23 93 710
23 94 360
23 95 369
23 96 553
23 97 975
23 98 470
23 99 587
23 100 917
24 1 211
24 2 657
24 3 292
24 4 306
24 5 102
24 6 812
24 7 729
24 8 525
24 9 183
24 10 689
24 11 206
24 12 432
24 13 197
24 14 327
24 15 403
24 16 528
24 17 736
24 18 152
24 19 652
24 20 734
24 21 173
24 22 451
24 23 871
24 25 700
24 26 864
24 27 606
24 28 179
24 29 725
24 30 546
24 31 381
24 32 1043
24 33 757
24 34 759
24 35 796
24 36 457
24 37 218
24 38 750
24 39 332
24 40 465
24 41 540
24 42 543
24 43 583
24 44 715
24 45 224
24 46 199
24 47 540
24 48 731
24 49 550
24 50 230
24 51 794
24 52 573
24 53 530
24 54 75
24 55 405
24 56 272
24 57 728
24 58 296
24 59 228
24 60 660
24 61 956
24 62 974
24 63 172
24 64 928
24 65 754
24 66 893
24 67 370
24 68 284
24 69 508
24 70 832
24 71 462
24 72 407
24 73 460
24 74 576
24 75 511
24 76 862
24 77 321
24 78 731
24 79 223
24 80 90
24 81 841
24 82 572
24 83 216
24 84 665
24 85 122
24 86 232
24 87 433
24 88 112
24 89 200
24 90 451
24 91 764
24 92 84
24 93 674
24 94 858
24 95 505
24 96 553
24 97 155
24 98 539
24 99 301
24 100 407
25 1 497
25 2 134
25 3 451
25 4 415
25 5 628
25 6 873
25 7 1160
25 8 1036
25 9 783
25 10 705
25 11 815
25 12 1016
25 13 743
25 14 392
25 15 811
25 16 227
25 17 623
25 18 761
25 19 213
25 20 779
25 21 729
25 22 892
25 23 562
25 24 700
25 26 916
25 27 215
25 28 542
25 29 323
25 30 924
25 31 382
25 32 866
25 33 826
25 34 398
25 35 671
25 36 346
25 37 817
25 38 108
25 39 371
25 40 548
25 41 163
25 42 1025
25 43 982
25 44 792
25 45 504
25 46 572
25 47 631
25 48 722
25 49 746
25 50 559
25 51 952
25 52 630
25 53 944
25 54 767
25 55 967
25 56 770
25 57 1068
25 58 655
25 59 691
25 60 646
25 61 816
25 62 774
25 63 855
25 64 667
25 65 103
25 66 782
25 67 990
25 68 449
25 69 845
25 70 832
25 71 376
25 72 447
25 73 372
25 74 386
25 75 539
25 76 736
25 77 863
25 78 37
25 79 865
25 80 779
25 81 957
25 82 777
25 83 808
25 84 1084
25 85 692
25 86 801
25 87 610
25 88 789
25 89 848
25 90 778
25 91 78
25 92 763
25 93 996
25 94 837
25 95 420
25 96 797
25 97 714
25 98 707
25 99 446
25 100 984
26 1 774
26 2 782
26 3 936
26 4 734
26 5 908
26 6 53
26 7 531
26 8 607
26 9 1047
26 10 220
26 11 1068
26 12 714
26 13 690
26 14 894
26 15 504
26 16 726
26 17 298
26 18 1015
26 19 705
26 20 148
26 21 1030
26 22 516
26 23 459
26 24 864
26 25 916
26 27 704
26 28 753
26 29 618
26 30 429
26 31 669
26 32 310
26 33 111
26 34 557
26 35 268
26 36 637
26 37 724
26 38 851
26 39 842
26 40 453
26 41 874
26 42 565
26 43 452
26 44 155
26 45 909
26 46 694
26 47 352
26 48 195
26 49 315
26 50 982
26 51 136
26 52 329
26 53 473
26 54 919
26 55 672
26 56 625
26 57 382
26 58 569
26 59 1065
26 60 277
26 61 244
26 62 320
26 63 851
26 64 393
26 65 1018
26 66 209
26 67 766
26 68 920
26 69 403
26 70 90
26 71 600
26 72 574
26 73 606
26 74 536
26 75 428
26 76 236
26 77 646
26 78 948
26 79 780
26 80 851
26 81 84
26 82 297
26 83 1079
26 84 489
26 85 972
26 86 693
26 87 447
26 88 962
26 89 1051
26 90 431
26 91 906
26 92 939
26 93 350
26 94 101
26 95 531
26 96 324
26 97 1010
26 98 327
26 99 691
26 100 697
27 1 397
27 2 86
27 3 432
27 4 301
27 5 560
27 6 660
27 7 961
27 8 853
27 9 732
27 10 491
27 11 764
27 12 852
27 13 596
27 14 366
27 15 625
27 16 84
27 17 416
27 18 704
27 19 47
27 20 566
27 21 683
27 22 706
27 23 394
27 24 606
27 25 215
27 26 704
27 28 429
27 29 159
27 30 726
27 31 232
27 32 682
27 33 613
27 34 229
27 35 468
27 36 167
27 37 672
27 38 182
27 39 321
27 40 344
27 41 201
27 42 838
27 43 784
27 44 578
27 45 460
27 46 437
27 47 420
27 48 510
27 49 538
27 50 534
27 51 737
27 52 417
27 53 750
27 54 679
27 55 799
27 56 607
27 57 861
27 58 484
27 59 667
27 60 432
27 61 623
27 62 591
27 63 736
27 64 493
27 65 317
27 66 583
27 67 837
27 68 423
27 69 646
27 70 622
27 71 186
27 72 263
27 73 183
27 74 172
27 75 330
27 76 537
27 77 699
27 78 249
27 79 728
27 80 670
27 81 743
27 82 568
27 83 762
27 84 885
27 85 634
27 86 651
27 87 412
27 88 710
27 89 784
27 90 583
27 91 225
27 92 682
27 93 789
27 94 629
27 95 213
27 96 591
27 97 665
27 98 498
27 99 312
27 100 820
28 1 50
28 2 484
28 3 218
28 4 131
28 5 165
28 6 701
28 7 735
28 8 557
28 9 334
28 10 557
28 11 363
28 12 501
28 13 218
28 14 215
28 15 370
28 16 354
28 17 583
28 18 302
28 19 475
28 20 613
28 21 299
28 22 441
28 23 701
28 24 179
28 25 542
28 26 753
28 27 429
28 29 546
28 30 517
28 31 202
28 32 895
28 33 643
28 34 583
28 35 645
28 36 278
28 37 285
28 38 580
28 39 193
28 40 317
28 41 387
28 42 562
28 43 566
28 44 600
28 45 168
28 46 67
28 47 408
28 48 597
28 49 451
28 50 232
28 51 707
28 52 437
28 53 515
28 54 253
28 55 459
28 56 271
28 57 697
28 58 211
28 59 318
28 60 518
28 61 811
28 62 821
28 63 314
28 64 765
28 65 608
28 66 750
28 67 461
28 68 204
28 69 457
28 70 708
28 71 284
28 72 236
28 73 282
28 74 400
28 75 359
28 76 715
28 77 356
28 78 575
28 79 326
28 80 242
28 81 745
28 82 479
28 83 367
28 84 662
28 85 240
28 86 277
28 87 307
28 88 288
28 89 371
28 90 388
28 91 600
28 92 259
28 93 632
28 94 731
28 95 332
28 96 471
28 97 278
28 98 429
28 99 122
28 100 471
29 1 523
29 2 197
29 3 584
29 4 428
29 5 693
29 6 581
29 7 958
29 8 884
29 9 866
29 10 425
29 11 898
29 12 906
29 13 679
29 14 519
29 15 660
29 16 237
29 17 320
29 18 837
29 19 125
29 20 496
29 21 821
29 22 735
29 23 243
29 24 725
29 25 323
29 26 618
29 27 159
29 28 546
29 30 733
29 31 346
29 32 544
29 33 543
29 34 76
29 35 358
29 36 269
29 37 753
29 38 239
29 39 470
29 40 364
29 41 357
29 42 861
29 43 790
29 44 516
29 45 605
29 46 538
29 47 404
29 48 432
29 49 524
29 50 681
29 51 678
29 52 388
29 53 764
29 54 799
29 55 852
29 56 673
29 57 840
29 58 547
29 59 812
29 60 370
29 61 495
29 62 452
29 63 835
29 64 347
29 65 421
29 66 464
29 67 904
29 68 573
29 69 654
29 70 530
29 71 266
29 72 334
29 73 267
29 74 171
29 75 330
29 76 419
29 77 759
29 78 349
29 79 814
29 80 777
29 81 671
29 82 550
29 83 898
29 84 885
29 85 769
29 86 727
29 87 437
29 88 833
29 89 913
29 90 602
29 91 295
29 92 805
29 93 771
29 94 531
29 95 246
29 96 581
29 97 802
29 98 486
29 99 425
29 100 875
30 1 559
30 2 811
30 3 734
30 4 575
30 5 624
30 6 392
30 7 237
30 8 185
30 9 716
30 10 387
30 11 728
30 12 286
30 13 350
30 14 721
30 15 148
30 16 698
30 17 507
30 18 688
30 19 753
30 20 370
30 21 718
30 22 103
30 23 714
30 24 546
30 25 924
30 26 429
30 27 726
30 28 517
30 29 733
30 31 559
30 32 712
30 33 358
30 34 712
30 35 536
30 36 580
30 37 350
30 38 907
30 39 683
30 40 383
30 41 814
30 42 147
30 43 59
30 44 336
30 45 682
30 46 451
30 47 331
30 48 417
30 49 217
30 50 735
30 51 310
30 52 354
30 53 45
30 54 578
30 55 247
30 56 275
30 57 184
30 58 309
30 59 772
30 60 410
30 61 628
30 62 685
30 63 472
30 64 705
30 65 1018
30 66 569
30 67 342
30 68 719
30 69 81
30 70 450
30 71 549
30 72 479
30 73 553
30 74 574
30 75 406
30 76 565
30 77 249
30 78 961
30 79 391
30 80 499
30 81 369
30 82 200
30 83 744
30 84 160
30 85 667
30 86 324
30 87 315
30 88 617
30 89 698
30 90 147
30 91 951
30 92 601
30 93 130
30 94 480
30 95 515
30 96 162
30 97 700
30 98 252
30 99 527
30 100 270
31 1 179
31 2 297
31 3 283
31 4 88
31 5 350
31 6 618
31 7 794
31 8 656
31 9 524
31 10 453
31 11 555
31 12 636
31 13 369
31 14 231
31 15 434
31 16 165
31 17 439
31 18 493
31 19 277
31 20 522
31 21 481
31 22 515
31 23 519
31 24 381
31 25 382
31 26 669
31 27 232
31 28 202
31 29 346
31 30 559
31 32 749
31 33 562
31 34 387
31 35 501
31 36 78
31 37 444
31 38 397
31 39 176
31 40 221
31 41 255
31 42 648
31 43 616
31 44 520
31 45 280
31 46 206
31 47 324
31 48 487
31 49 415
31 50 360
31 51 659
31 52 341
31 53 573
31 54 455
31 55 586
31 56 389
31 57 720
31 58 274
31 59 481
31 60 401
31 61 671
31 62 666
31 63 504
31 64 595
31 65 467
31 66 616
31 67 614
31 68 269
31 69 483
31 70 605
31 71 94
31 72 97
31 73 90
31 74 212
31 75 242
31 76 575
31 77 482
31 78 418
31 79 498
31 80 439
31 81 683
31 82 447
31 83 556
31 84 718
31 85 427
31 86 426
31 87 260
31 88 488
31 89 568
31 90 413
31 91 426
31 92 460
31 93 649
31 94 622
31 95 160
31 96 456
31 97 461
31 98 380
31 99 81
31 100 604
32 1 900
32 2 739
32 3 1032
32 4 832
32 5 1060
32 6 328
32 7 840
32 8 896
32 9 1221
32 10 363
32 11 1247
32 12 988
32 13 900
32 14 976
32 15 750
32 16 737
32 17 314
32 18 1188
32 19 663
32 20 347
32 21 1192
32 22 783
32 23 308
32 24 1043
32 25 866
32 26 310
32 27 682
32 28 895
32 29 544
32 30 712
32 31 749
32 33 354
32 34 468
32 35 251
32 36 690
32 37 951
32 38 776
32 39 921
32 40 580
32 41 881
32 42 855
32 43 744
32 44 380
32 45 1024
32 46 850
32 47 506
32 48 322
32 49 540
32 50 1104
32 51 445
32 52 472
32 53 756
32 54 1108
32 55 940
32 56 848
32 57 691
32 58 759
32 59 1211
32 60 384
32 61 89
32 62 93
32 63 1073
32 64 202
32 65 963
32 66 153
32 67 1029
32 68 1017
32 69 667
32 70 263
32 71 659
32 72 671
32 73 665
32 74 554
32 75 537
32 76 182
32 77 893
32 78 891
32 79 1013
32 80 1052
32 81 393
32 82 537
32 83 1254
32 84 794
32 85 1133
32 86 919
32 87 612
32 88 1151
32 89 1241
32 90 670
32 91 831
32 92 1124
32 93 653
32 94 233
32 95 590
32 96 574
32 97 1171
32 98 531
32 99 800
32 100 966
33 1 664
33 2 694
33 3 827
33 4 625
33 5 798
33 6 58
33 7 504
33 8 542
33 9 940
33 10 122
33 11 961
33 12 637
33 13 587
33 14 786
33 15 410
33 16 628
33 17 230
33 18 908
33 19 618
33 20 48
33 21 922
33 22 433
33 23 421
33 24 757
33 25 826
33 26 111
33 27 613
33 28 643
33 29 543
33 30 358
33 31 562
33 32 354
33 34 490
33 35 222
33 36 533
33 37 626
33 38 769
33 39 734
33 40 344
33 41 774
33 42 502
33 43 391
33 44 44
33 45 799
33 46 585
33 47 242
33 48 113
33 49 211
33 50 872
33 51 139
33 52 222
33 53 402
33 54 814
33 55 591
33 56 524
33 57 358
33 58 462
33 59 956
33 60 181
33 61 272
33 62 335
33 63 752
33 64 378
33 65 929
33 66 217
33 67 682
33 68 811
33 69 317
33 70 93
33 71 496
33 72 467
33 73 502
33 74 442
33 75 322
33 76 222
33 77 554
33 78 860
33 79 684
33 80 747
33 81 131
33 82 197
33 83 972
33 84 449
33 85 864
33 86 594
33 87 337
33 88 856
33 89 946
33 90 334
33 91 823
33 92 833
33 93 308
33 94 123
33 95 429
33 96 229
33 97 901
33 98 219
33 99 581
33 100 616
34 1 565
34 2 273
34 3 642
34 4 473
34 5 736
34 6 524
34 7 929
34 8 872
34 9 910
34 10 377
34 11 941
34 12 905
34 13 694
34 14 578
34 15 652
34 16 301
34 17 262
34 18 879
34 19 200
34 20 443
34 21 867
34 22 724
34 23 168
34 24 759
34 25 398
34 26 557
34 27 229
34 28 583
34 29 76
34 30 712
34 31 387
34 32 468
34 33 490
34 35 293
34 36 310
34 37 767
34 38 311
34 39 527
34 40 360
34 41 429
34 42 846
34 43 767
34 44 467
34 45 657
34 46 567
34 47 381
34 48 378
34 49 497
34 50 735
34 51 627
34 52 360
34 53 746
34 54 833
34 55 850
34 56 681
34 57 805
34 58 556
34 59 863
34 60 326
34 61 421
34 62 376
34 63 857
34 64 271
34 65 496
34 66 394
34 67 910
34 68 630
34 69 634
34 70 468
34 71 299
34 72 357
34 73 301
34 74 186
34 75 320
34 76 349
34 77 762
34 78 424
34 79 829
34 80 805
34 81 615
34 82 521
34 83 942
34 84 858
34 85 813
34 86 739
34 87 432
34 88 870
34 89 953
34 90 588
34 91 367
34 92 841
34 93 738
34 94 466
34 95 261
34 96 554
34 97 847
34 98 461
34 99 463
34 100 874
35 1 650
35 2 538
35 3 784
35 4 583
35 5 810
35 6 242
35 7 715
35 8 717
35 9 972
35 10 150
35 11 998
35 12 789
35 13 663
35 14 730
35 15 537
35 16 508
35 17 63
35 18 940
35 19 459
35 20 184
35 21 942
35 22 586
35 23 200
35 24 796
35 25 671
35 26 268
35 27 468
35 28 645
35 29 358
35 30 536
35 31 501
35 32 251
35 33 222
35 34 293
35 36 446
35 37 720
35 38 596
35 39 675
35 40 331
35 41 657
35 42 682
35 43 580
35 44 216
35 45 774
35 46 601
35 47 267
35 48 122
35 49 331
35 50 854
35 51 358
35 52 232
35 53 578
35 54 863
35 55 737
35 56 619
35 57 574
35 58 519
35 59 960
35 60 145
35 61 170
35 62 180
35 63 837
35 64 169
35 65 773
35 66 118
35 67 818
35 68 769
35 69 473
35 70 179
35 71 414
35 72 420
35 73 419
35 74 317
35 75 287
35 76 74
35 77 675
35 78 701
35 79 784
35 80 810
35 81 334
35 82 339
35 83 1005
35 84 653
35 85 883
35 86 688
35 87 370
35 88 905
35 89 995
35 90 458
35 91 652
35 92 878
35 93 517
35 94 174
35 95 343
35 96 378
35 97 921
35 98 311
35 99 549
35 100 763
36 1 256
36 2 242
36 3 346
36 4 164
36 5 427
36 6 587
36 7 816
36 8 694
36 9 601
36 10 418
36 11 632
36 12 686
36 13 430
36 14 288
36 15 467
36 16 119
36 17 385
36 18 570
36 19 208
36 20 490
36 21 558
36 22 548
36 23 447
36 24 457
36 25 346
36 26 637
36 27 167
36 28 278
36 29 269
36 30 580
36 31 78
36 32 690
36 33 533
36 34 310
36 35 446
36 37 506
36 38 343
36 39 233
36 40 211
36 41 247
36 42 681
36 43 637
36 44 493
36 45 351
36 46 276
36 47 306
36 48 447
36 49 412
36 50 431
36 51 642
36 52 316
36 53 599
36 54 531
36 55 634
36 56 441
36 57 729
36 58 319
36 59 555
36 60 362
36 61 615
36 62 604
36 63 575
36 64 527
36 65 439
36 66 563
36 67 671
36 68 333
36 69 501
36 70 566
36 71 38
36 72 102
36 73 32
36 74 141
36 75 216
36 76 520
36 77 533
36 78 382
36 79 563
36 80 512
36 81 659
36 82 444
36 83 633
36 84 739
36 85 503
36 86 485
36 87 267
36 88 565
36 89 645
36 90 433
36 91 379
36 92 536
36 93 657
36 94 581
36 95 107
36 96 459
36 97 537
36 98 374
36 99 157
36 100 654
37 1 334
37 2 741
37 3 479
37 4 403
37 5 314
37 6 676
37 7 514
37 8 307
37 9 371
37 10 589
37 11 380
37 12 222
37 13 76
37 14 493
37 15 224
37 16 609
37 17 668
37 18 345
37 19 714
37 20 614
37 21 380
37 22 248
37 23 841
37 24 218
37 25 817
37 26 724
37 27 672
37 28 285
37 29 753
37 30 350
37 31 444
37 32 951
37 33 626
37 34 767
37 35 720
37 36 506
37 38 841
37 39 477
37 40 417
37 41 668
37 42 327
37 43 377
37 44 588
37 45 414
37 46 245
37 47 454
37 48 630
37 49 417
37 50 440
37 51 632
37 52 489
37 53 325
37 54 233
37 55 188
37 56 103
37 57 526
37 58 213
37 59 442
37 60 576
37 61 862
37 62 897
37 63 128
37 64 874
37 65 889
37 66 798
37 67 176
37 68 467
37 69 332
37 70 712
37 71 494
37 72 421
37 73 495
37 74 585
37 75 463
37 76 776
37 77 107
37 78 851
37 79 65
37 80 153
37 81 685
37 82 430
37 83 397
37 84 453
37 85 336
37 86 33
37 87 357
37 88 270
37 89 349
37 90 294
37 91 868
37 92 257
37 93 479
37 94 741
37 95 509
37 96 401
37 97 365
37 98 421
37 99 372
37 100 194
38 1 541
38 2 101
38 3 525
38 4 449
38 5 688
38 6 812
38 7 1141
38 8 1033
38 9 851
38 10 648
38 11 883
38 12 1028
38 13 765
38 14 461
38 15 806
38 16 232
38 17 554
38 18 826
38 19 157
38 20 722
38 21 798
38 22 886
38 23 469
38 24 750
38 25 108
38 26 851
38 27 182
38 28 580
38 29 239
38 30 907
38 31 397
38 32 776
38 33 769
38 34 311
38 35 596
38 36 343
38 37 841
38 39 431
38 40 524
38 41 236
38 42 1018
38 43 965
38 44 739
38 45 570
38 46 600
38 47 595
38 48 661
38 49 714
38 50 633
38 51 900
38 52 588
38 53 931
38 54 820
38 55 976
38 56 783
38 57 1037
38 58 661
38 59 768
38 60 591
38 61 731
38 62 684
38 63 893
38 64 575
38 65 190
38 66 703
38 67 1010
38 68 520
38 69 826
38 70 765
38 71 366
38 72 442
38 73 363
38 74 342
38 75 507
38 76 657
38 77 875
38 78 120
38 79 894
38 80 821
38 81 899
38 82 744
38 83 878
38 84 1065
38 85 756
38 86 822
38 87 593
38 88 846
38 89 911
38 90 764
38 91 56
38 92 819
38 93 966
38 94 767
38 95 392
38 96 768
38 97 782
38 98 675
38 99 471
38 100 996
39 1 144
39 2 347
39 3 116
39 4 113
39 5 259
39 6 790
39 7 910
39 8 744
39 9 421
39 10 627
39 11 453
39 12 694
39 13 411
39 14 56
39 15 542
39 16 237
39 17 613
39 18 395
39 19 366
39 20 695
39 21 369
39 22 619
39 23 675
39 24 332
39 25 371
39 26 842
39 27 321
39 28 193
39 29 470
39 30 683
39 31 176
39 32 921
39 33 734
39 34 527
39 35 675
39 36 233
39 37 477
39 38 431
39 40 390
39 41 209
39 42 745
39 43 736
39 44 690
39 45 142
39 46 246
39 47 493
39 48 662
39 49 571
39 50 214
39 51 823
39 52 513
39 53 687
39 54 397
39 55 650
39 56 459
39 57 856
39 58 375
39 59 347
39 60 576
39 61 845
39 62 837
39 63 493
39 64 759
39 65 424
39 66 791
39 67 653
39 68 104
39 69 614
39 70 780
39 71 263
39 72 268
39 73 257
39 74 373
39 75 415
39 76 749
39 77 547
39 78 401
39 79 516
39 80 413
39 81 851
39 82 602
39 83 449
39 84 835
39 85 325
39 86 470
39 87 414
39 88 419
39 89 481
39 90 542
39 91 439
39 92 393
39 93 787
39 94 798
39 95 333
39 96 605
39 97 352
39 98 540
39 99 161
39 100 663
40 1 329
40 2 429
40 3 484
40 4 282
40 5 481
40 6 401
40 7 617
40 8 522
40 9 641
40 10 244
40 11 667
40 12 545
40 13 350
40 14 442
40 15 296
40 16 325
40 17 271
40 18 609
40 19 371
40 20 307
40 21 613
40 22 373
40 23 425
40 24 465
40 25 548
40 26 453
40 27 344
40 28 317
40 29 364
40 30 383
40 31 221
40 32 580
40 33 344
40 34 360
40 35 331
40 36 211
40 37 417
40 38 524
40 39 390
40 41 457
40 42 501
40 43 441
40 44 301
40 45 461
40 46 270
40 47 104
40 48 282
40 49 202
40 50 537
40 51 438
40 52 125
40 53 409
40 54 533
40 55 491
40 56 324
40 57 521
40 58 204
40 59 635
40 60 202
40 61 495
40 62 510
40 63 522
40 64 468
40 65 645
40 66 434
40 67 551
40 68 468
40 69 303
40 70 397
40 71 175
40 72 125
40 73 180
40 74 196
40 75 48
40 76 399
