nnodes nedges type capacity P s t
100  4950  graph  1000 100 1 100 
nodename posx posy itemvalue itemweight
1 490 269 0 0
2 501 774 79 72
3 310 408 10 36
4 305 656 69 83
5 611 788 47 32
6 912 998 32 10
7 602 0 96 8
8 545 352 82 89
9 788 427 92 59
10 236 679 91 8
11 557 127 72 18
12 227 973 81 9
13 352 364 22 1
14 872 177 50 64
15 606 275 46 31
16 533 448 76 76
17 896 34 32 6
18 222 558 100 41
19 442 879 42 68
20 566 406 75 40
21 668 478 51 58
22 404 622 49 46
23 478 301 66 83
24 974 619 34 9
25 729 562 41 25
26 650 638 68 12
27 689 877 94 48
28 612 393 20 67
29 241 484 100 22
30 571 199 82 46
31 111 456 4 58
32 647 359 73 35
33 491 222 63 72
34 917 933 28 56
35 453 483 39 2
36 339 121 96 89
37 962 95 12 96
38 95 792 86 29
39 749 421 78 72
40 411 478 89 70
41 984 62 48 57
42 116 25 81 93
43 291 80 4 53
44 419 533 60 4
45 916 342 26 41
46 84 379 1 29
47 798 84 50 73
48 738 641 63 65
49 658 655 45 90
50 575 111 20 35
51 491 266 44 15
52 585 453 76 55
53 714 680 63 61
54 245 815 83 40
55 454 9 32 23
56 293 438 10 31
57 71 761 79 42
58 463 362 24 83
59 194 234 46 83
60 247 110 38 71
61 576 684 75 38
62 842 727 51 25
63 768 580 62 14
64 368 778 89 6
65 588 295 55 60
66 889 79 93 98
67 914 474 27 68
68 884 980 4 89
69 507 129 28 38
70 795 961 80 12
71 138 440 61 41
72 751 561 94 39
73 553 214 35 17
74 276 747 73 80
75 801 523 51 10
76 210 729 3 26
77 559 404 47 5
78 456 679 2 9
79 984 177 18 42
80 457 924 66 25
81 472 347 1 58
82 3 738 22 27
83 173 887 77 78
84 718 32 15 57
85 369 865 15 95
86 993 859 68 75
87 657 744 87 61
88 421 211 66 21
89 311 49 30 38
90 310 112 53 80
91 924 872 48 7
92 193 484 5 46
93 276 650 11 6
94 163 261 6 29
95 827 621 47 24
96 185 651 5 100
97 320 541 33 26
98 742 845 26 10
99 780 460 55 41
100 878 149 0 0
endpoint1 endpoint2 weight
1 2 506
1 3 228
1 4 429
1 5 533
1 6 843
1 7 292
1 8 100
1 9 338
1 10 483
1 11 158
1 12 752
1 13 168
1 14 393
1 15 117
1 16 185
1 17 470
1 18 395
1 19 612
1 20 157
1 21 275
1 22 364
1 23 35
1 24 598
1 25 379
1 26 403
1 27 640
1 28 174
1 29 329
1 30 108
1 31 423
1 32 181
1 33 48
1 34 790
1 35 218
1 36 212
1 37 504
1 38 656
1 39 301
1 40 224
1 41 536
1 42 447
1 43 275
1 44 274
1 45 433
1 46 421
1 47 360
1 48 448
1 49 421
1 50 180
1 51 4
1 52 208
1 53 469
1 54 599
1 55 263
1 56 260
1 57 647
1 58 97
1 59 299
1 60 291
1 61 424
1 62 578
1 63 418
1 64 524
1 65 102
1 66 442
1 67 471
1 68 813
1 69 142
1 70 757
1 71 392
1 72 392
1 73 84
1 74 524
1 75 402
1 76 539
1 77 152
1 78 412
1 79 503
1 80 656
1 81 81
1 82 677
1 83 695
1 84 329
1 85 609
1 86 776
1 87 504
1 88 91
1 89 284
1 90 239
1 91 743
1 92 367
1 93 437
1 94 328
1 95 488
1 96 489
1 97 321
1 98 629
1 99 348
1 100 407
2 1 506
2 3 413
2 4 229
2 5 111
2 6 469
2 7 781
2 8 425
2 9 451
2 10 282
2 11 650
2 12 339
2 13 437
2 14 703
2 15 510
2 16 328
2 17 839
2 18 353
2 19 121
2 20 374
2 21 340
2 22 181
2 23 474
2 24 498
2 25 312
2 26 202
2 27 215
2 28 397
2 29 390
2 30 580
2 31 504
2 32 440
2 33 553
2 34 446
2 35 295
2 36 673
2 37 821
2 38 407
2 39 432
2 40 310
2 41 861
2 42 843
2 43 726
2 44 255
2 45 600
2 46 575
2 47 752
2 48 272
2 49 198
2 50 668
2 51 509
2 52 332
2 53 233
2 54 260
2 55 767
2 56 396
2 57 431
2 58 414
2 59 622
2 60 711
2 61 118
2 62 345
2 63 331
2 64 134
2 65 487
2 66 796
2 67 511
2 68 435
2 69 646
2 70 349
2 71 494
2 72 329
2 73 563
2 74 227
2 75 392
2 76 295
2 77 375
2 78 106
2 79 768
2 80 157
2 81 428
2 82 500
2 83 347
2 84 774
2 85 161
2 86 500
2 87 159
2 88 569
2 89 750
2 90 690
2 91 435
2 92 424
2 93 257
2 94 615
2 95 361
2 96 340
2 97 296
2 98 252
2 99 421
2 100 730
3 1 228
3 2 413
3 4 249
3 5 485
3 6 843
3 7 502
3 8 242
3 9 479
3 10 281
3 11 375
3 12 572
3 13 61
3 14 608
3 15 325
3 16 227
3 17 696
3 18 174
3 19 490
3 20 257
3 21 365
3 22 234
3 23 200
3 24 697
3 25 447
3 26 411
3 27 603
3 28 303
3 29 103
3 30 335
3 31 205
3 32 341
3 33 260
3 34 803
3 35 162
3 36 289
3 37 724
3 38 441
3 39 440
3 40 123
3 41 758
3 42 430
3 43 329
3 44 166
3 45 610
3 46 228
3 47 586
3 48 488
3 49 427
3 50 399
3 51 231
3 52 279
3 53 488
3 54 413
3 55 425
3 56 35
3 57 427
3 58 160
3 59 210
3 60 305
3 61 384
3 62 621
3 63 490
3 64 375
3 65 301
3 66 666
3 67 608
3 68 811
3 69 342
3 70 736
3 71 175
3 72 467
3 73 311
3 74 341
3 75 505
3 76 337
3 77 250
3 78 308
3 79 713
3 80 537
3 81 174
3 82 451
3 83 499
3 84 555
3 85 461
3 86 819
3 87 484
3 88 227
3 89 360
3 90 296
3 91 770
3 92 140
3 93 245
3 94 208
3 95 560
3 96 274
3 97 134
3 98 615
3 99 473
3 100 625
4 1 429
4 2 229
4 3 249
4 5 334
4 6 697
4 7 721
4 8 388
4 9 535
4 10 73
4 11 586
4 12 327
4 13 296
4 14 743
4 15 486
4 16 309
4 17 859
4 18 129
4 19 262
4 20 362
4 21 405
4 22 105
4 23 395
4 24 671
4 25 435
4 26 346
4 27 444
4 28 405
4 29 184
4 30 529
4 31 279
4 32 453
4 33 473
4 34 672
4 35 228
4 36 537
4 37 864
4 38 251
4 39 503
4 40 208
4 41 903
4 42 659
4 43 577
4 44 168
4 45 687
4 46 355
4 47 756
4 48 434
4 49 354
4 50 609
4 51 433
4 52 346
4 53 410
4 54 170
4 55 664
4 56 219
4 57 257
4 58 334
4 59 437
4 60 550
4 61 273
4 62 542
4 63 470
4 64 138
4 65 459
4 66 821
4 67 636
4 68 664
4 69 565
4 70 578
4 71 274
4 72 457
4 73 507
4 74 96
4 75 514
4 76 120
4 77 358
4 78 153
4 79 831
4 80 309
4 81 352
4 82 313
4 83 267
4 84 749
4 85 219
4 86 718
4 87 363
4 88 460
4 89 608
4 90 545
4 91 656
4 92 206
4 93 30
4 94 420
4 95 524
4 96 121
4 97 116
4 98 477
4 99 514
4 100 766
5 1 533
5 2 111
5 3 485
5 4 334
5 6 368
5 7 789
5 8 441
5 9 403
5 10 391
5 11 664
5 12 427
5 13 497
5 14 665
5 15 514
5 16 349
5 17 807
5 18 452
5 19 192
5 20 385
5 21 316
5 22 266
5 23 505
5 24 401
5 25 255
5 26 155
5 27 119
5 28 396
5 29 479
5 30 591
5 31 601
5 32 431
5 33 579
5 34 339
5 35 344
5 36 721
5 37 777
5 38 517
5 39 393
5 40 369
5 41 817
5 42 910
5 43 777
5 44 320
5 45 541
5 46 668
5 47 729
5 48 195
5 49 142
5 50 678
5 51 536
5 52 337
5 53 150
5 54 367
5 55 795
5 56 473
5 57 541
5 58 451
5 59 694
5 60 770
5 61 110
5 62 239
5 63 261
5 64 244
5 65 494
5 66 762
5 67 437
5 68 334
5 69 668
5 70 253
5 71 588
5 72 267
5 73 577
5 74 338
5 75 327
5 76 406
5 77 388
5 78 190
5 79 716
5 80 206
5 81 463
5 82 611
5 83 450
5 84 764
5 85 254
5 86 389
5 87 64
5 88 608
5 89 798
5 90 740
5 91 325
5 92 517
5 93 363
5 94 692
5 95 274
5 96 448
5 97 382
5 98 143
5 99 369
5 100 693
6 1 843
6 2 469
6 3 843
6 4 697
6 5 368
6 7 1046
6 8 743
6 9 585
6 10 748
6 11 941
6 12 686
6 13 846
6 14 822
6 15 786
6 16 668
6 17 965
6 18 819
6 19 485
6 20 686
6 21 575
6 22 633
6 23 822
6 24 385
6 25 473
6 26 446
6 27 254
6 28 676
6 29 846
6 30 869
6 31 968
6 32 692
6 33 883
6 34 66
6 35 690
6 36 1048
6 37 905
6 38 843
6 39 600
6 40 723
6 41 939
6 42 1258
6 43 1109
6 44 678
6 45 657
6 46 1034
6 47 922
6 48 398
6 49 427
6 50 949
6 51 845
6 52 636
6 53 375
6 54 692
6 55 1090
6 56 835
6 57 874
6 58 779
6 59 1049
6 60 1110
6 61 460
6 62 280
6 63 443
6 64 587
6 65 775
6 66 920
6 67 525
6 68 34
6 69 959
6 70 123
6 71 955
6 72 466
6 73 863
6 74 684
6 75 488
6 76 752
6 77 691
6 78 557
6 79 825
6 80 461
6 81 786
6 82 946
6 83 748
6 84 986
6 85 560
6 86 161
6 87 360
6 88 928
6 89 1124
6 90 1072
6 91 127
6 92 884
6 93 725
6 94 1051
6 95 387
6 96 806
6 97 748
6 98 229
6 99 554
6 100 850
7 1 292
7 2 781
7 3 502
7 4 721
7 5 789
7 6 1046
7 8 357
7 9 466
7 10 772
7 11 135
7 12 1043
7 13 442
7 14 323
7 15 276
7 16 454
7 17 296
7 18 676
7 19 894
7 20 408
7 21 483
7 22 653
7 23 326
7 24 723
7 25 577
7 26 640
7 27 882
7 28 394
7 29 604
7 30 202
7 31 671
7 32 362
7 33 249
7 34 985
7 35 506
7 36 290
7 37 373
7 38 941
7 39 446
7 40 515
7 41 387
7 42 487
7 43 322
7 44 564
7 45 465
7 46 642
7 47 214
7 48 656
7 49 658
7 50 115
7 51 289
7 52 454
7 53 690
7 54 890
7 55 149
7 56 537
7 57 928
7 58 388
7 59 471
7 60 372
7 61 685
7 62 766
7 63 604
7 64 813
7 65 296
7 66 298
7 67 568
7 68 1020
7 69 161
7 70 981
7 71 640
7 72 581
7 73 220
7 74 816
7 75 560
7 76 828
7 77 407
7 78 695
7 79 422
7 80 936
7 81 371
7 82 951
7 83 986
7 84 121
7 85 896
7 86 944
7 87 747
7 88 278
7 89 296
7 90 313
7 91 930
7 92 634
7 93 728
7 94 511
7 95 661
7 96 774
7 97 611
7 98 857
7 99 494
7 100 314
8 1 100
8 2 425
8 3 242
8 4 388
8 5 441
8 6 743
8 7 357
8 9 255
8 10 450
8 11 226
8 12 698
8 13 194
8 14 371
8 15 99
8 16 97
8 17 474
8 18 384
8 19 537
8 20 58
8 21 177
8 22 305
8 23 85
8 24 506
8 25 280
8 26 305
8 27 545
8 28 79
8 29 332
8 30 156
8 31 447
8 32 103
8 33 141
8 34 690
8 35 161
8 36 310
8 37 490
8 38 630
8 39 216
8 40 184
8 41 527
8 42 540
8 43 373
8 44 221
8 45 372
8 46 462
8 47 369
8 48 348
8 49 324
8 50 243
8 51 102
8 52 109
8 53 369
8 54 552
8 55 355
8 56 267
8 57 627
8 58 83
8 59 371
8 60 384
8 61 334
8 62 479
8 63 319
8 64 462
8 65 72
8 66 440
8 67 389
8 68 714
8 69 227
8 70 659
8 71 417
8 72 294
8 73 139
8 74 478
8 75 308
8 76 505
8 77 54
8 78 339
8 79 473
8 80 579
8 81 74
8 82 666
8 83 652
8 84 364
8 85 543
8 86 677
8 87 408
8 88 188
8 89 383
8 90 336
8 91 644
8 92 376
8 93 402
8 94 393
8 95 390
8 96 468
8 97 294
8 98 531
8 99 259
8 100 390
9 1 338
9 2 451
9 3 479
9 4 535
9 5 403
9 6 585
9 7 466
9 8 255
9 10 607
9 11 379
9 12 783
9 13 441
9 14 264
9 15 238
9 16 256
9 17 408
9 18 581
9 19 570
9 20 223
9 21 131
9 22 431
9 23 335
9 24 268
9 25 148
9 26 253
9 27 461
9 28 180
9 29 550
9 30 315
9 31 678
9 32 157
9 33 361
9 34 523
9 35 340
9 36 544
9 37 375
9 38 784
9 39 40
9 40 381
9 41 415
9 42 784
9 43 607
9 44 384
9 45 154
9 46 706
9 47 344
9 48 220
9 49 263
9 50 382
9 51 338
9 52 205
9 53 264
9 54 668
9 55 536
9 56 496
9 57 791
9 58 332
9 59 625
9 60 628
9 61 334
9 62 305
9 63 155
9 64 548
9 65 240
9 66 363
9 67 135
9 68 562
9 69 410
9 70 535
9 71 651
9 72 140
9 73 318
9 74 604
9 75 97
9 76 653
9 77 231
9 78 417
9 79 318
9 80 598
9 81 326
9 82 845
9 83 769
9 84 402
9 85 607
9 86 479
9 87 344
9 88 426
9 89 609
9 90 573
9 91 466
9 92 598
9 93 559
9 94 647
9 95 198
9 96 644
9 97 482
9 98 421
9 99 34
9 100 293
10 1 483
10 2 282
10 3 281
10 4 73
10 5 391
10 6 748
10 7 772
10 8 450
10 9 607
10 11 639
10 12 295
10 13 336
10 14 811
10 15 548
10 16 377
10 17 923
10 18 122
10 19 288
10 20 429
10 21 477
10 22 178
10 23 449
10 24 741
10 25 507
10 26 417
10 27 495
10 28 473
10 29 196
10 30 586
10 31 256
10 32 521
10 33 524
10 34 727
10 35 293
10 36 568
10 37 932
10 38 181
10 39 575
10 40 267
10 41 970
10 42 665
10 43 602
10 44 235
10 45 759
10 46 337
10 47 819
10 48 504
10 49 423
10 50 662
10 51 486
10 52 416
10 53 479
10 54 137
10 55 705
10 56 248
10 57 185
10 58 390
10 59 447
10 60 570
10 61 341
10 62 608
10 63 542
10 64 165
10 65 521
10 66 887
10 67 709
10 68 715
10 69 614
10 70 627
10 71 259
10 72 529
10 73 563
10 74 79
10 75 587
10 76 57
10 77 425
10 78 220
10 79 901
10 80 330
10 81 408
10 82 241
10 83 218
10 84 807
10 85 229
10 86 779
10 87 426
10 88 504
10 89 635
10 90 572
10 91 715
10 92 200
10 93 50
10 94 425
10 95 594
10 96 59
10 97 162
10 98 533
10 99 587
10 100 833
11 1 158
11 2 650
11 3 375
11 4 586
11 5 664
11 6 941
11 7 135
11 8 226
11 9 379
11 10 639
11 12 909
11 13 314
11 14 319
11 15 156
11 16 322
11 17 352
11 18 546
11 19 761
11 20 280
11 21 369
11 22 519
11 23 192
11 24 645
11 25 468
11 26 520
11 27 762
11 28 272
11 29 477
11 30 74
11 31 555
11 32 249
11 33 116
11 34 883
11 35 371
11 36 219
11 37 407
11 38 810
11 39 352
11 40 381
11 41 432
11 42 453
11 43 271
11 44 429
11 45 419
11 46 536
11 47 245
11 48 545
11 49 538
11 50 25
11 51 154
11 52 328
11 53 575
11 54 756
11 55 157
11 56 408
11 57 799
11 58 254
11 59 379
11 60 311
11 61 558
11 62 665
11 63 500
11 64 678
11 65 171
11 66 336
11 67 498
11 68 914
11 69 51
11 70 868
11 71 524
11 72 476
11 73 88
11 74 681
11 75 466
11 76 695
11 77 278
11 78 562
11 79 430
11 80 804
11 81 236
11 82 825
11 83 852
11 84 187
11 85 762
11 86 853
11 87 626
11 88 160
11 89 259
11 90 248
11 91 831
11 92 510
11 93 594
11 94 417
11 95 563
11 96 643
11 97 478
11 98 742
11 99 401
11 100 322
12 1 752
12 2 339
12 3 572
12 4 327
12 5 427
12 6 686
12 7 1043
12 8 698
12 9 783
12 10 295
12 11 909
12 13 622
12 14 1025
12 15 795
12 16 608
12 17 1153
12 18 416
12 19 235
12 20 661
12 21 663
12 22 394
12 23 718
12 24 827
12 25 649
12 26 540
12 27 472
12 28 697
12 29 490
12 30 848
12 31 530
12 32 744
12 33 797
12 34 692
12 35 540
12 36 860
12 37 1146
12 38 225
12 39 760
12 40 529
12 41 1185
12 42 955
12 43 896
12 44 481
12 45 935
12 46 611
12 47 1057
12 48 610
12 49 536
12 50 930
12 51 755
12 52 632
12 53 569
12 54 160
12 55 991
12 56 540
12 57 264
12 58 655
12 59 740
12 60 864
12 61 454
12 62 663
12 63 669
12 64 241
12 65 769
12 66 1113
12 67 850
12 68 658
12 69 890
12 70 569
12 71 541
12 72 667
12 73 827
12 74 232
12 75 730
12 76 245
12 77 659
12 78 373
12 79 1099
12 80 236
12 81 673
12 82 325
12 83 102
12 84 1062
12 85 179
12 86 775
12 87 488
12 88 787
12 89 928
12 90 865
12 91 705
12 92 491
12 93 327
12 94 715
12 95 696
12 96 325
12 97 442
12 98 531
12 99 755
12 100 1051
13 1 168
13 2 437
13 3 61
13 4 296
13 5 497
13 6 846
13 7 442
13 8 194
13 9 441
13 10 336
13 11 314
13 12 622
13 14 553
13 15 270
13 16 200
13 17 637
13 18 234
13 19 523
13 20 219
13 21 336
13 22 264
13 23 141
13 24 673
13 25 426
13 26 405
13 27 614
13 28 262
13 29 164
13 30 275
13 31 258
13 32 296
13 33 199
13 34 802
13 35 157
13 36 244
13 37 667
13 38 500
13 39 402
13 40 129
13 41 701
13 42 414
13 43 291
13 44 182
13 45 565
13 46 269
13 47 527
13 48 476
13 49 423
13 50 338
13 51 171
13 52 250
13 53 481
13 54 464
13 55 370
13 56 95
13 57 487
13 58 112
13 59 205
13 60 275
13 61 391
13 62 610
13 63 469
13 64 415
13 65 246
13 66 608
13 67 573
13 68 814
13 69 282
13 70 744
13 71 228
13 72 445
13 73 251
13 74 391
13 75 477
13 76 392
13 77 211
13 78 332
13 79 660
13 80 570
13 81 122
13 82 512
13 83 553
13 84 495
13 85 502
13 86 810
13 87 488
13 88 168
13 89 318
13 90 256
13 91 766
13 92 200
13 93 296
13 94 216
13 95 541
13 96 333
13 97 180
13 98 620
13 99 439
13 100 569
14 1 393
14 2 703
14 3 608
14 4 743
14 5 665
14 6 822
14 7 323
14 8 371
14 9 264
14 10 811
14 11 319
14 12 1025
14 13 553
14 15 284
14 16 435
14 17 145
14 18 754
14 19 824
14 20 383
14 21 364
14 22 646
14 23 414
14 24 454
14 25 411
14 26 512
14 27 724
14 28 339
14 29 702
14 30 302
14 31 811
14 32 290
14 33 384
14 34 758
14 35 519
14 36 536
14 37 122
14 38 991
14 39 274
14 40 551
14 41 161
14 42 772
14 43 590
14 44 577
14 45 171
14 46 814
14 47 119
14 48 483
14 49 524
14 50 305
14 51 392
14 52 399
14 53 528
14 54 895
14 55 451
14 56 636
14 57 992
14 58 449
14 59 681
14 60 629
14 61 588
14 62 551
14 63 417
14 64 785
14 65 308
14 66 100
14 67 300
14 68 804
14 69 369
14 70 788
14 71 780
14 72 403
14 73 322
14 74 825
14 75 354
14 76 862
14 77 387
14 78 652
14 79 112
14 80 855
14 81 435
14 82 1035
14 83 997
14 84 212
14 85 853
14 86 693
14 87 607
14 88 453
14 89 576
14 90 566
14 91 697
14 92 746
14 93 761
14 94 714
14 95 447
14 96 835
14 97 662
14 98 681
14 99 298
14 100 29
15 1 117
15 2 510
15 3 325
15 4 486
15 5 514
15 6 786
15 7 276
15 8 99
15 9 238
15 10 548
15 11 156
15 12 795
15 13 270
15 14 284
15 16 188
15 17 378
15 18 478
15 19 626
15 20 137
15 21 213
15 22 402
15 23 131
15 24 504
15 25 313
15 26 366
15 27 608
15 28 119
15 29 421
15 30 84
15 31 528
15 32 94
15 33 127
15 34 728
15 35 259
15 36 309
15 37 399
15 38 727
15 39 205
15 40 282
15 41 434
15 42 551
15 43 371
15 44 319
15 45 318
15 46 533
15 47 271
15 48 390
15 49 384
15 50 167
15 51 116
15 52 180
15 53 420
15 54 650
15 55 307
15 56 353
15 57 723
15 58 168
15 59 415
15 60 396
15 61 411
15 62 510
15 63 346
15 64 557
15 65 27
15 66 345
15 67 367
15 68 758
15 69 177
15 70 712
15 71 497
15 72 321
15 73 81
15 74 576
15 75 316
15 76 603
15 77 138
15 78 431
15 79 391
15 80 666
15 81 153
15 82 761
15 83 750
15 84 268
15 85 636
15 86 701
15 87 472
15 88 196
15 89 372
15 90 338
15 91 677
15 92 463
15 93 500
15 94 444
15 95 411
15 96 565
15 97 391
15 98 586
15 99 254
15 100 300
16 1 185
16 2 328
16 3 227
16 4 309
16 5 349
16 6 668
16 7 454
16 8 97
16 9 256
16 10 377
16 11 322
16 12 608
16 13 200
16 14 435
16 15 188
16 17 551
16 18 330
16 19 441
16 20 54
16 21 139
16 22 217
16 23 157
16 24 473
16 25 227
16 26 224
16 27 457
16 28 97
16 29 295
16 30 252
16 31 423
16 32 145
16 33 230
16 34 619
16 35 88
16 36 381
16 37 556
16 38 557
16 39 218
16 40 126
16 41 594
16 42 594
16 43 441
16 44 143
16 45 398
16 46 455
16 47 451
16 48 282
16 49 242
16 50 340
16 51 187
16 52 53
16 53 295
16 54 467
16 55 447
16 56 241
16 57 559
16 58 111
16 59 401
16 60 443
16 61 240
16 62 417
16 63 270
16 64 369
16 65 163
16 66 513
16 67 382
16 68 638
16 69 321
16 70 577
16 71 396
16 72 246
16 73 235
16 74 395
16 75 279
16 76 429
16 77 52
16 78 244
16 79 527
16 80 483
16 81 118
16 82 605
16 83 568
16 84 456
16 85 449
16 86 617
16 87 321
16 88 263
16 89 457
16 90 404
16 91 577
16 92 342
16 93 327
16 94 415
16 95 342
16 96 403
16 97 233
16 98 449
16 99 248
16 100 457
17 1 470
17 2 839
17 3 696
17 4 859
17 5 807
17 6 965
17 7 296
17 8 474
17 9 408
17 10 923
17 11 352
17 12 1153
17 13 637
17 14 145
17 15 378
17 16 551
17 18 854
17 19 960
17 20 498
17 21 500
17 22 767
17 23 496
17 24 591
17 25 554
17 26 653
17 27 869
17 28 458
17 29 795
17 30 365
17 31 892
17 32 410
17 33 447
17 34 900
17 35 631
17 36 564
17 37 90
17 38 1103
17 39 414
17 40 658
17 41 93
17 42 781
17 43 607
17 44 691
17 45 309
17 46 883
17 47 111
17 48 628
17 49 666
17 50 331
17 51 467
17 52 522
17 53 672
17 54 1017
17 55 443
17 56 726
17 57 1100
17 58 544
17 59 730
17 60 654
17 61 725
17 62 696
17 63 561
17 64 913
17 65 404
17 66 46
17 67 441
17 68 947
17 69 401
17 70 933
17 71 860
17 72 547
17 73 388
17 74 945
17 75 499
17 76 977
17 77 501
17 78 781
17 79 168
17 80 993
17 81 528
17 82 1138
17 83 1119
17 84 179
17 85 985
17 86 831
17 87 750
17 88 507
17 89 586
17 90 592
17 91 839
17 92 835
17 93 874
17 94 768
17 95 592
17 96 942
17 97 768
17 98 826
17 99 442
17 100 117
18 1 395
18 2 353
18 3 174
18 4 129
18 5 452
18 6 819
18 7 676
18 8 384
18 9 581
18 10 122
18 11 546
18 12 416
18 13 234
18 14 754
18 15 478
18 16 330
18 17 854
18 19 390
18 20 377
18 21 454
18 22 193
18 23 363
18 24 755
18 25 508
18 26 436
18 27 566
18 28 424
18 29 77
18 30 501
18 31 151
18 32 470
18 33 431
18 34 790
18 35 243
18 36 453
18 37 873
18 38 267
18 39 545
18 40 206
18 41 910
18 42 544
18 43 483
18 44 199
18 45 727
18 46 227
18 47 746
18 48 523
18 49 447
18 50 570
18 51 398
18 52 378
18 53 507
18 54 259
18 55 597
18 56 140
18 57 254
18 58 311
18 59 326
18 60 449
18 61 376
18 62 643
18 63 547
18 64 265
18 65 451
18 66 822
18 67 698
18 68 786
18 69 516
18 70 701
18 71 145
18 72 530
18 73 478
18 74 197
18 75 581
18 76 172
18 77 371
18 78 264
18 79 852
18 80 435
18 81 328
18 82 284
18 83 333
18 84 723
18 85 341
18 86 828
18 87 474
18 88 401
18 89 517
18 90 455
18 91 770
18 92 80
18 93 107
18 94 303
18 95 609
18 96 101
18 97 100
18 98 594
18 99 567
18 100 774
19 1 612
19 2 121
19 3 490
19 4 262
19 5 192
19 6 485
19 7 894
19 8 537
19 9 570
19 10 288
19 11 761
19 12 235
19 13 523
19 14 824
19 15 626
19 16 441
19 17 960
19 18 390
19 20 489
19 21 461
19 22 260
19 23 580
19 24 593
19 25 428
19 26 319
19 27 248
19 28 515
19 29 444
19 30 693
19 31 538
19 32 559
19 33 659
19 34 479
19 35 397
19 36 765
19 37 941
19 38 358
19 39 552
19 40 403
19 41 981
19 42 915
19 43 814
19 44 347
19 45 717
19 46 615
19 47 872
19 48 380
19 49 312
19 50 780
19 51 615
19 52 450
19 53 338
19 54 208
19 55 871
19 56 466
19 57 390
19 58 518
19 59 692
19 60 794
19 61 237
19 62 428
19 63 443
19 64 126
19 65 602
19 66 917
19 67 622
19 68 454
19 69 753
19 70 363
19 71 534
19 72 444
19 73 675
19 74 213
19 75 506
19 76 277
19 77 490
19 78 201
19 79 887
19 80 48
19 81 533
19 82 462
19 83 270
19 84 891
19 85 75
19 86 552
19 87 254
19 88 669
19 89 841
19 90 779
19 91 483
19 92 467
19 93 283
19 94 679
19 95 464
19 96 344
19 97 360
19 98 302
19 99 539
19 100 851
20 1 157
20 2 374
20 3 257
20 4 362
20 5 385
20 6 686
20 7 408
20 8 58
20 9 223
20 10 429
20 11 280
20 12 661
20 13 219
20 14 383
20 15 137
20 16 54
20 17 498
20 18 377
20 19 489
20 21 125
20 22 270
20 23 137
20 24 461
20 25 226
20 26 247
20 27 487
20 28 48
20 29 335
20 30 208
20 31 458
20 32 94
20 33 199
20 34 634
20 35 137
20 36 365
20 37 504
20 38 609
20 39 184
20 40 171
20 41 542
20 42 590
20 43 427
20 44 195
20 45 356
20 46 483
20 47 397
20 48 292
20 49 266
20 50 296
20 51 159
20 52 51
20 53 312
20 54 520
20 55 413
20 56 275
20 57 610
20 58 113
20 59 410
20 60 436
20 61 279
20 62 424
20 63 267
20 64 422
20 65 114
20 66 460
20 67 355
20 68 657
20 69 284
20 70 601
20 71 430
20 72 242
20 73 193
20 74 448
20 75 263
20 76 481
20 77 8
20 78 295
20 79 477
20 80 530
20 81 111
20 82 654
20 83 622
20 84 404
20 85 500
20 86 623
20 87 351
20 88 244
20 89 439
20 90 390
20 91 588
20 92 382
20 93 379
20 94 429
20 95 339
20 96 453
20 97 281
20 98 473
20 99 221
20 100 405
21 1 275
21 2 340
21 3 365
21 4 405
21 5 316
21 6 575
21 7 483
21 8 177
21 9 131
21 10 477
21 11 369
21 12 663
21 13 336
21 14 364
21 15 213
21 16 139
21 17 500
21 18 454
21 19 461
21 20 125
21 22 301
21 23 260
21 24 337
21 25 104
21 26 162
21 27 400
21 28 102
21 29 428
21 30 296
21 31 558
21 32 121
21 33 312
21 34 519
21 35 216
21 36 486
21 37 483
21 38 654
21 39 100
21 40 257
21 41 523
21 42 715
21 43 549
21 44 256
21 45 283
21 46 593
21 47 415
21 48 178
21 49 178
21 50 379
21 51 277
21 52 87
21 53 208
21 54 541
21 55 516
21 56 378
21 57 661
21 58 236
21 59 534
21 60 560
21 61 226
21 62 304
21 63 143
21 64 425
21 65 200
21 66 457
21 67 247
21 68 547
21 69 385
21 70 500
21 71 532
21 72 118
21 73 288
21 74 476
21 75 141
21 76 523
21 77 132
21 78 293
21 79 437
21 80 494
21 81 236
21 82 715
21 83 643
21 84 449
21 85 490
21 86 501
21 87 267
21 88 364
21 89 559
21 90 512
21 91 470
21 92 476
21 93 429
21 94 550
21 95 214
21 96 514
21 97 354
21 98 375
21 99 114
21 100 391
22 1 364
22 2 181
22 3 234
22 4 105
22 5 266
22 6 633
22 7 653
22 8 305
22 9 431
22 10 178
22 11 519
22 12 394
22 13 264
22 14 646
22 15 402
22 16 217
22 17 767
22 18 193
22 19 260
22 20 270
22 21 301
22 23 330
22 24 571
22 25 331
22 26 247
22 27 383
22 28 310
22 29 214
22 30 455
22 31 337
22 32 359
22 33 410
22 34 600
22 35 148
22 36 506
22 37 768
22 38 353
22 39 400
22 40 145
22 41 807
22 42 663
22 43 554
22 44 91
22 45 584
22 46 402
22 47 667
22 48 335
22 49 257
22 50 539
22 51 367
22 52 248
22 53 316
22 54 251
22 55 616
22 56 215
22 57 361
22 58 267
22 59 442
22 60 536
22 61 183
22 62 451
22 63 367
22 64 161
22 65 376
22 66 729
22 67 532
22 68 599
22 69 504
22 70 518
22 71 323
22 72 353
22 73 435
22 74 179
22 75 410
22 76 222
22 77 268
22 78 78
22 79 732
22 80 307
22 81 284
22 82 418
22 83 352
22 84 669
22 85 246
22 86 635
22 87 281
22 88 412
22 89 581
22 90 519
22 91 577
22 92 253
22 93 132
22 94 435
22 95 424
22 96 221
22 97 117
22 98 405
22 99 410
22 100 670
23 1 35
23 2 474
23 3 200
23 4 395
23 5 505
23 6 822
23 7 326
23 8 85
23 9 335
23 10 449
23 11 192
23 12 718
23 13 141
23 14 414
23 15 131
23 16 157
23 17 496
23 18 363
23 19 580
23 20 137
23 21 260
23 22 330
23 24 590
23 25 363
23 26 379
23 27 614
23 28 163
23 29 300
23 30 139
23 31 399
23 32 179
23 33 81
23 34 770
23 35 184
23 36 228
23 37 527
23 38 623
23 39 297
23 40 190
23 41 560
23 42 456
23 43 290
23 44 240
23 45 440
23 46 402
23 47 387
23 48 429
23 49 398
23 50 214
23 51 38
23 52 186
23 53 447
23 54 565
23 55 293
23 56 231
23 57 615
23 58 63
23 59 292
23 60 300
23 61 396
23 62 561
23 63 403
23 64 490
23 65 111
23 66 468
23 67 470
23 68 792
23 69 175
23 70 733
23 71 368
23 72 377
23 73 115
23 74 490
23 75 392
23 76 505
23 77 132
23 78 379
23 79 521
23 80 624
23 81 47
23 82 646
23 83 661
23 84 361
23 85 575
23 86 760
23 87 478
23 88 107
23 89 303
23 90 253
23 91 725
23 92 339
23 93 404
23 94 318
23 95 474
23 96 457
23 97 288
23 98 605
23 99 342
23 100 428
24 1 598
24 2 498
24 3 697
24 4 671
24 5 401
24 6 385
24 7 723
24 8 506
24 9 268
24 10 741
24 11 645
24 12 827
24 13 673
24 14 454
24 15 504
24 16 473
24 17 591
24 18 755
24 19 593
24 20 461
24 21 337
24 22 571
24 23 590
24 25 252
24 26 325
24 27 385
24 28 427
24 29 746
24 30 583
24 31 879
24 32 418
24 33 626
24 34 320
24 35 539
24 36 807
24 37 525
24 38 896
24 39 300
24 40 581
24 41 558
24 42 1044
24 43 871
24 44 562
24 45 284
24 46 922
24 47 564
24 48 238
24 49 319
24 50 646
24 51 599
24 52 423
24 53 268
24 54 755
24 55 802
24 56 705
24 57 915
24 58 572
24 59 870
24 60 888
24 61 404
24 62 171
24 63 210
24 64 627
24 65 504
24 66 547
24 67 157
24 68 373
24 69 677
24 70 387
24 71 855
24 72 231
24 73 585
24 74 710
24 75 198
24 76 772
24 77 468
24 78 522
24 79 443
24 80 601
24 81 571
24 82 979
24 83 845
24 84 641
24 85 654
24 86 241
24 87 341
24 88 688
24 89 875
24 90 836
24 91 258
24 92 793
24 93 699
24 94 887
24 95 148
24 96 790
24 97 659
24 98 324
24 99 251
24 100 480
25 1 379
25 2 312
25 3 447
25 4 435
25 5 255
25 6 473
25 7 577
25 8 280
25 9 148
25 10 507
25 11 468
25 12 649
25 13 426
25 14 411
25 15 313
25 16 227
25 17 554
25 18 508
25 19 428
25 20 226
25 21 104
25 22 331
25 23 363
25 24 252
25 26 110
25 27 318
25 28 206
25 29 495
25 30 396
25 31 628
25 32 219
25 33 416
25 34 416
25 35 288
25 36 589
25 37 522
25 38 675
25 39 143
25 40 329
25 41 562
25 42 815
25 43 652
25 44 312
25 45 289
25 46 671
25 47 483
25 48 80
25 49 118
25 50 477
25 51 380
25 52 181
25 53 119
25 54 547
25 55 618
25 56 454
25 57 688
25 58 333
25 59 628
25 60 661
25 61 196
25 62 200
25 63 43
25 64 421
25 65 302
25 66 509
25 67 205
25 68 446
25 69 487
25 70 405
25 71 604
25 72 23
25 73 390
25 74 490
25 75 82
25 76 546
25 77 233
25 78 298
25 79 462
25 80 453
25 81 336
25 82 748
25 83 645
25 84 531
25 85 471
25 86 398
25 87 196
25 88 467
25 89 662
25 90 615
25 91 367
25 92 542
25 93 462
25 94 642
25 95 115
25 96 552
25 97 410
25 98 284
25 99 115
25 100 440
26 1 403
26 2 202
26 3 411
26 4 346
26 5 155
26 6 446
26 7 640
26 8 305
26 9 253
26 10 417
26 11 520
26 12 540
26 13 405
26 14 512
26 15 366
26 16 224
26 17 653
26 18 436
26 19 319
26 20 247
26 21 162
26 22 247
26 23 379
26 24 325
26 25 110
26 27 243
26 28 248
26 29 438
26 30 447
26 31 569
26 32 280
26 33 446
26 34 398
26 35 251
26 36 604
26 37 627
26 38 576
26 39 239
26 40 288
26 41 666
26 42 813
26 43 664
26 44 254
26 45 398
26 46 623
26 47 574
26 48 89
26 49 19
26 50 533
26 51 405
26 52 197
26 53 77
26 54 442
26 55 659
26 56 410
26 57 592
26 58 334
26 59 610
26 60 665
26 61 88
26 62 212
26 63 132
26 64 315
26 65 349
26 66 608
26 67 311
26 68 415
26 69 529
26 70 355
26 71 549
26 72 128
26 73 435
26 74 390
26 75 190
26 76 450
26 77 252
26 78 199
26 79 570
26 80 346
26 81 342
26 82 655
26 83 539
26 84 610
26 85 362
26 86 409
26 87 107
26 88 485
26 89 680
26 90 627
26 91 361
26 92 483
26 93 375
26 94 616
26 95 178
26 96 466
26 97 344
26 98 227
26 99 221
26 100 540
27 1 640
27 2 215
27 3 603
27 4 444
27 5 119
27 6 254
27 7 882
27 8 545
27 9 461
27 10 495
27 11 762
27 12 472
27 13 614
27 14 724
27 15 608
27 16 457
27 17 869
27 18 566
27 19 248
27 20 487
27 21 400
27 22 383
27 23 614
27 24 385
27 25 318
27 26 243
27 28 491
27 29 596
27 30 689
27 31 716
27 32 520
27 33 685
27 34 235
27 35 460
27 36 834
27 37 829
27 38 601
27 39 460
27 40 487
27 41 867
27 42 1027
27 43 891
27 44 438
27 45 582
27 46 784
27 47 801
27 48 242
27 49 225
27 50 775
27 51 643
27 52 437
27 53 199
27 54 449
27 55 900
27 56 592
27 57 629
27 58 563
27 59 812
27 60 886
27 61 224
27 62 215
27 63 308
27 64 336
27 65 591
27 66 823
27 67 462
27 68 221
27 69 770
27 70 136
27 71 704
27 72 323
27 73 677
27 74 433
27 75 372
27 76 502
27 77 491
27 78 306
27 79 760
27 80 237
27 81 573
27 82 700
27 83 517
27 84 846
27 85 321
27 86 305
27 87 137
27 88 718
27 89 911
27 90 854
27 91 236
27 92 633
27 93 472
27 94 811
27 95 291
27 96 553
27 97 500
27 98 62
27 99 427
27 100 753
28 1 174
28 2 397
28 3 303
28 4 405
28 5 396
28 6 676
28 7 394
28 8 79
28 9 180
28 10 473
28 11 272
28 12 697
28 13 262
28 14 339
28 15 119
28 16 97
28 17 458
28 18 424
28 19 515
28 20 48
28 21 102
28 22 310
28 23 163
28 24 427
28 25 206
28 26 248
28 27 491
28 29 382
28 30 199
28 31 505
28 32 49
28 33 210
28 34 621
28 35 183
28 36 386
28 37 460
28 38 654
28 39 140
28 40 219
28 41 498
28 42 618
28 43 449
28 44 239
28 45 309
28 46 529
28 47 361
28 48 279
28 49 267
28 50 285
28 51 176
28 52 66
28 53 305
28 54 560
28 55 416
28 56 323
28 57 655
28 58 153
28 59 448
28 60 462
28 61 294
28 62 406
28 63 244
28 64 456
28 65 101
28 66 419
28 67 313
28 68 647
28 69 285
28 70 597
28 71 477
28 72 219
28 73 189
28 74 489
28 75 230
28 76 524
28 77 55
28 78 326
28 79 431
28 80 554
28 81 148
28 82 700
28 83 661
28 84 377
28 85 531
28 86 602
28 87 354
28 88 264
28 89 458
28 90 413
28 91 572
28 92 429
28 93 424
28 94 469
28 95 314
28 96 499
28 97 328
28 98 471
28 99 181
28 100 361
29 1 329
29 2 390
29 3 103
29 4 184
29 5 479
29 6 846
29 7 604
29 8 332
29 9 550
29 10 196
29 11 477
29 12 490
29 13 164
29 14 702
29 15 421
29 16 295
29 17 795
29 18 77
29 19 444
29 20 335
29 21 428
29 22 214
29 23 300
29 24 746
29 25 495
29 26 438
29 27 596
29 28 382
29 30 437
29 31 133
29 32 425
29 33 363
29 34 812
29 35 213
29 36 376
29 37 820
29 38 341
29 39 512
29 40 171
29 41 855
29 42 476
29 43 408
29 44 185
29 45 690
29 46 189
29 47 686
29 48 522
29 49 451
29 50 501
29 51 332
29 52 346
29 53 513
29 54 332
29 55 521
29 56 70
29 57 326
29 58 254
29 59 255
29 60 375
29 61 391
29 62 649
29 63 536
29 64 321
29 65 396
29 66 765
29 67 674
29 68 813
29 69 444
29 70 732
29 71 113
29 72 516
29 73 413
29 74 266
29 75 562
29 76 247
29 77 328
29 78 291
29 79 804
29 80 491
29 81 269
29 82 349
29 83 409
29 84 658
29 85 402
29 86 841
29 87 491
29 88 327
29 89 441
29 90 379
29 91 786
29 92 48
29 93 170
29 94 237
29 95 602
29 96 177
29 97 98
29 98 618
29 99 540
29 100 720
30 1 108
30 2 580
30 3 335
30 4 529
30 5 591
30 6 869
30 7 202
30 8 156
30 9 315
30 10 586
30 11 74
30 12 848
30 13 275
30 14 302
30 15 84
30 16 252
30 17 365
30 18 501
30 19 693
30 20 208
30 21 296
30 22 455
30 23 139
30 24 583
30 25 396
30 26 447
30 27 689
30 28 199
30 29 437
30 31 527
30 32 178
30 33 84
30 34 812
30 35 308
30 36 245
30 37 405
30 38 761
30 39 285
30 40 322
30 41 436
30 42 488
30 43 305
30 44 367
30 45 374
30 46 520
30 47 255
30 48 473
30 49 465
30 50 89
30 51 105
30 52 255
30 53 502
30 54 697
30 55 224
30 56 367
30 57 753
30 58 196
30 59 379
30 60 337
30 61 486
30 62 594
30 63 429
30 64 614
30 65 98
30 66 340
30 67 440
30 68 842
30 69 95
30 70 795
30 71 496
30 72 405
30 73 24
30 74 623
30 75 398
30 76 642
30 77 206
30 78 494
30 79 414
30 80 734
30 81 179
30 82 784
30 83 795
30 84 223
30 85 696
30 86 784
30 87 552
30 88 151
30 89 301
30 90 276
30 91 760
30 92 474
30 93 539
30 94 413
30 95 494
30 96 595
30 97 425
30 98 669
30 99 335
30 100 312
31 1 423
31 2 504
31 3 205
31 4 279
31 5 601
31 6 968
31 7 671
31 8 447
31 9 678
31 10 256
31 11 555
31 12 530
31 13 258
31 14 811
31 15 528
31 16 423
31 17 892
31 18 151
31 19 538
31 20 458
31 21 558
31 22 337
31 23 399
31 24 879
31 25 628
31 26 569
31 27 716
31 28 505
31 29 133
31 30 527
31 32 545
31 33 447
31 34 937
31 35 344
31 36 406
31 37 925
31 38 337
31 39 639
31 40 301
31 41 958
31 42 432
31 43 417
31 44 318
31 45 814
31 46 82
31 47 782
31 48 654
31 49 583
31 50 579
31 51 425
31 52 475
31 53 644
31 54 384
31 55 564
31 56 183
31 57 308
31 58 365
31 59 238
31 60 372
31 61 518
31 62 780
31 63 669
31 64 412
31 65 504
31 66 865
31 67 804
31 68 934
31 69 514
31 70 851
31 71 32
31 72 649
31 73 504
31 74 335
31 75 694
31 76 291
31 77 452
31 78 411
31 79 917
31 80 583
31 81 378
31 82 302
31 83 436
31 84 741
31 85 484
31 86 970
31 87 618
31 88 396
31 89 454
31 90 398
31 91 914
31 92 87
31 93 255
31 94 202
31 95 735
31 96 209
31 97 226
31 98 742
31 99 670
31 100 827
32 1 181
32 2 440
32 3 341
32 4 453
32 5 431
32 6 692
32 7 362
32 8 103
32 9 157
32 10 521
32 11 249
32 12 744
32 13 296
32 14 290
32 15 94
32 16 145
32 17 410
32 18 470
32 19 559
32 20 94
32 21 121
32 22 359
32 23 179
32 24 418
32 25 219
32 26 280
32 27 520
32 28 49
32 29 425
32 30 178
32 31 545
32 33 208
32 34 635
32 35 231
32 36 390
32 37 411
32 38 702
32 39 120
32 40 265
32 41 450
32 42 628
32 43 453
32 44 287
32 45 270
32 46 564
32 47 314
32 48 297
32 49 297
32 50 259
32 51 182
32 52 113
32 53 328
32 54 608
32 55 400
32 56 363
32 57 703
32 58 185
32 59 470
32 60 472
32 61 333
32 62 417
32 63 252
32 64 504
32 65 88
32 66 371
32 67 291
32 68 665
32 69 270
32 70 620
32 71 516
32 72 228
32 73 173
32 74 537
32 75 225
32 76 573
32 77 99
32 78 373
32 79 384
32 80 597
32 81 176
32 82 748
32 83 710
32 84 335
32 85 578
32 86 609
32 87 386
32 88 271
32 89 458
32 90 418
32 91 584
32 92 471
32 93 472
32 94 494
32 95 318
32 96 547
32 97 375
32 98 496
32 99 168
32 100 313
33 1 48
33 2 553
33 3 260
33 4 473
33 5 579
33 6 883
33 7 249
33 8 141
33 9 361
33 10 524
33 11 116
33 12 797
33 13 199
33 14 384
33 15 127
33 16 230
33 17 447
33 18 431
33 19 659
33 20 199
33 21 312
33 22 410
33 23 81
33 24 626
33 25 416
33 26 446
33 27 685
33 28 210
33 29 363
33 30 84
33 31 447
33 32 208
33 34 829
33 35 264
33 36 183
33 37 488
33 38 695
33 39 326
33 40 269
33 41 519
33 42 424
33 43 246
33 44 320
33 45 442
33 46 437
33 47 337
33 48 487
33 49 465
33 50 140
33 51 44
33 52 250
33 53 510
33 54 643
33 55 217
33 56 294
33 57 684
33 58 143
33 59 298
33 60 269
33 61 470
33 62 616
33 63 453
33 64 570
33 65 122
33 66 423
33 67 493
33 68 854
33 69 95
33 70 800
33 71 415
33 72 428
33 73 63
33 74 568
33 75 433
33 76 580
33 77 195
33 78 459
33 79 496
33 80 703
33 81 127
33 82 711
33 83 738
33 84 297
33 85 655
33 86 812
33 87 548
33 88 71
33 89 250
33 90 212
33 91 782
33 92 397
33 93 479
33 94 331
33 95 522
33 96 527
33 97 362
33 98 672
33 99 375
33 100 394
34 1 790
34 2 446
34 3 803
34 4 672
34 5 339
34 6 66
34 7 985
34 8 690
34 9 523
34 10 727
34 11 883
34 12 692
34 13 802
34 14 758
34 15 728
34 16 619
34 17 900
34 18 790
34 19 479
34 20 634
34 21 519
34 22 600
34 23 770
34 24 320
34 25 416
34 26 398
34 27 235
34 28 621
34 29 812
34 30 812
34 31 937
34 32 635
34 33 829
34 35 647
34 36 997
34 37 840
34 38 835
34 39 539
34 40 681
34 41 874
34 42 1211
34 43 1059
34 44 639
34 45 592
34 46 1001
34 47 858
34 48 343
34 49 380
34 50 891
34 51 792
34 52 584
34 53 325
34 54 683
34 55 1034
34 56 797
34 57 864
34 58 730
34 59 1006
34 60 1062
34 61 423
34 62 220
34 63 384
34 64 571
34 65 718
34 66 855
34 67 460
34 68 58
34 69 903
34 70 126
34 71 922
34 72 408
34 73 806
34 74 668
34 75 427
34 76 736
34 77 639
34 78 527
34 79 759
34 80 461
34 81 736
34 82 935
34 83 746
34 84 923
34 85 553
34 86 107
34 87 322
34 88 876
34 89 1072
34 90 1022
34 91 62
34 92 852
34 93 701
34 94 1010
34 95 325
34 96 785
34 97 715
34 98 196
34 99 493
34 100 785
35 1 218
35 2 295
35 3 162
35 4 228
35 5 344
35 6 690
35 7 506
35 8 161
35 9 340
35 10 293
35 11 371
35 12 540
35 13 157
35 14 519
35 15 259
35 16 88
35 17 631
35 18 243
35 19 397
35 20 137
35 21 216
35 22 148
35 23 184
35 24 539
35 25 288
35 26 251
35 27 460
35 28 183
35 29 213
35 30 308
35 31 344
35 32 231
35 33 264
35 34 647
35 36 380
35 37 641
35 38 473
35 39 303
35 40 43
35 41 678
35 42 569
35 43 435
35 44 61
35 45 484
35 46 384
35 47 528
35 48 326
35 49 268
35 50 392
35 51 221
35 52 136
35 53 328
35 54 392
35 55 475
35 56 167
35 57 473
35 58 122
35 59 360
35 60 427
35 61 236
35 62 460
35 63 330
35 64 308
35 65 232
35 66 595
35 67 462
35 68 658
35 69 359
35 70 588
35 71 318
35 72 309
35 73 287
35 74 318
35 75 351
35 76 346
35 77 133
35 78 197
35 79 613
35 80 442
35 81 138
35 82 518
35 83 492
35 84 524
35 85 392
35 86 659
35 87 332
35 88 274
35 89 457
35 90 398
35 91 611
35 92 261
35 93 244
35 94 366
35 95 399
35 96 317
35 97 146
35 98 464
35 99 328
35 100 541
36 1 212
36 2 673
36 3 289
36 4 537
36 5 721
36 6 1048
36 7 290
36 8 310
36 9 544
36 10 568
36 11 219
36 12 860
36 13 244
36 14 536
36 15 309
36 16 381
36 17 564
36 18 453
36 19 765
36 20 365
36 21 486
36 22 506
36 23 228
36 24 807
36 25 589
36 26 604
36 27 834
36 28 386
36 29 376
36 30 245
36 31 406
36 32 390
36 33 183
36 34 997
36 35 380
36 37 624
36 38 714
36 39 509
36 40 365
36 41 648
36 42 243
36 43 64
36 44 420
36 45 618
36 46 363
36 47 461
36 48 656
36 49 623
36 50 237
36 51 211
36 52 414
36 53 674
36 54 701
36 55 161
36 56 321
36 57 694
36 58 272
36 59 184
36 60 93
36 61 611
36 62 788
36 63 629
36 64 658
36 65 304
36 66 552
36 67 675
36 68 1018
36 69 169
36 70 956
36 71 378
36 72 603
36 73 234
36 74 630
36 75 613
36 76 622
36 77 359
36 78 571
36 79 648
36 80 812
36 81 263
36 82 703
36 83 784
36 84 390
36 85 745
36 86 987
36 87 700
36 88 122
36 89 78
36 90 31
36 91 952
36 92 392
36 93 533
36 94 225
36 95 699
36 96 552
36 97 421
36 98 829
36 99 557
36 100 540
37 1 504
37 2 821
37 3 724
37 4 864
37 5 777
37 6 905
37 7 373
37 8 490
37 9 375
37 10 932
37 11 407
37 12 1146
37 13 667
37 14 122
37 15 399
37 16 556
37 17 90
37 18 873
37 19 941
37 20 504
37 21 483
37 22 768
37 23 527
37 24 525
37 25 522
37 26 627
37 27 829
37 28 460
37 29 820
37 30 405
37 31 925
37 32 411
37 33 488
37 34 840
37 35 641
37 36 624
37 38 1113
37 39 390
37 40 672
37 41 40
37 42 849
37 43 672
37 44 698
37 45 252
37 46 923
37 47 165
37 48 591
37 49 638
37 50 388
37 51 502
37 52 520
37 53 636
37 54 1017
37 55 516
37 56 752
37 57 1113
37 58 566
37 59 781
37 60 716
37 61 705
37 62 644
37 63 523
37 64 906
37 65 425
37 66 75
37 67 383
37 68 889
37 69 457
37 70 882
37 71 894
37 72 512
37 73 426
37 74 947
37 75 458
37 76 984
37 77 508
37 78 773
37 79 85
37 80 971
37 81 552
37 82 1155
37 83 1118
37 84 253
37 85 972
37 86 765
37 87 718
37 88 554
37 89 653
37 90 653
37 91 778
37 92 862
37 93 883
37 94 817
37 95 544
37 96 956
37 97 782
37 98 782
37 99 408
37 100 100
38 1 656
38 2 407
38 3 441
38 4 251
38 5 517
38 6 843
38 7 941
38 8 630
38 9 784
38 10 181
38 11 810
38 12 225
38 13 500
38 14 991
38 15 727
38 16 557
38 17 1103
38 18 267
38 19 358
38 20 609
38 21 654
38 22 353
38 23 623
38 24 896
38 25 675
38 26 576
38 27 601
38 28 654
38 29 341
38 30 761
38 31 337
38 32 702
38 33 695
38 34 835
38 35 473
38 36 714
38 37 1113
38 39 752
38 40 446
38 41 1151
38 42 768
38 43 739
38 44 415
38 45 937
38 46 414
38 47 998
38 48 661
38 49 580
38 50 834
38 51 659
38 52 596
38 53 630
38 54 152
38 55 862
38 56 406
38 57 40
38 58 566
38 59 567
38 60 699
38 61 493
38 62 750
38 63 706
38 64 274
38 65 701
38 66 1068
38 67 879
38 68 812
38 69 781
38 70 721
38 71 355
38 72 696
38 73 738
38 74 187
38 75 756
38 76 132
38 77 605
38 78 379
38 79 1081
38 80 386
38 81 584
38 82 107
38 83 123
38 84 983
38 85 284
38 86 901
38 87 565
38 88 667
38 89 774
38 90 714
38 91 833
38 92 324
38 93 231
38 94 536
38 95 752
38 96 168
38 97 338
38 98 650
38 99 762
38 100 1014
39 1 301
39 2 432
39 3 440
39 4 503
39 5 393
39 6 600
39 7 446
39 8 216
39 9 40
39 10 575
39 11 352
39 12 760
39 13 402
39 14 274
39 15 205
39 16 218
39 17 414
39 18 545
39 19 552
39 20 184
39 21 100
39 22 400
39 23 297
39 24 300
39 25 143
39 26 239
39 27 460
39 28 140
39 29 512
39 30 285
39 31 639
39 32 120
39 33 326
39 34 539
39 35 303
39 36 509
39 37 390
39 38 752
39 40 343
39 41 430
39 42 747
39 43 572
39 44 349
39 45 185
39 46 667
39 47 341
39 48 221
39 49 252
39 50 356
39 51 301
39 52 168
39 53 262
39 54 640
39 55 507
39 56 457
39 57 759
39 58 293
39 59 586
39 60 591
39 61 315
39 62 320
39 63 161
39 64 523
39 65 205
39 66 370
39 67 174
39 68 576
39 69 380
39 70 542
39 71 612
39 72 141
39 73 286
39 74 575
39 75 115
39 76 621
39 77 191
39 78 391
39 79 339
39 80 582
39 81 287
39 82 811
39 83 741
39 84 391
39 85 585
39 86 502
39 87 336
39 88 390
39 89 575
39 90 537
39 91 484
39 92 560
39 93 526
39 94 608
39 95 215
39 96 610
39 97 446
39 98 425
39 99 50
39 100 302
40 1 224
40 2 310
40 3 123
40 4 208
40 5 369
40 6 723
40 7 515
40 8 184
40 9 381
40 10 267
40 11 381
40 12 529
40 13 129
40 14 551
40 15 282
40 16 126
40 17 658
40 18 206
40 19 403
40 20 171
40 21 257
40 22 145
40 23 190
40 24 581
40 25 329
40 26 288
40 27 487
40 28 219
40 29 171
40 30 322
40 31 301
40 32 265
40 33 269
40 34 681
40 35 43
40 36 365
40 37 672
40 38 446
40 39 343
40 41 709
40 42 541
40 43 416
40 44 56
40 45 523
40 46 342
40 47 553
40 48 366
40 49 304
40 50 402
40 51 227
40 52 176
40 53 365
40 54 376
40 55 471
40 56 125
40 57 443
40 58 128
40 59 327
40 60 403
40 61 264
40 62 498
40 63 372
40 64 304
40 65 255
40 66 623
40 67 504
40 68 690
40 69 362
40 70 618
40 71 276
40 72 350
40 73 300
40 74 301
40 75 393
40 76 322
40 77 166
40 78 206
40 79 648
40 80 449
40 81 145
40 82 484
40 83 474
40 84 542
40 85 390
40 86 696
40 87 363
40 88 268
40 89 441
