nnodes nedges type capacity P s t
100  4950  graph  1000 100 1 100 
nodename posx posy itemvalue itemweight
1 276 565 0 0
2 536 389 59 86
3 917 596 12 48
4 18 494 166 32
5 85 279 169 241
6 626 838 122 211
7 49 6 176 243
8 955 929 163 66
9 416 475 166 94
10 306 466 170 239
11 786 26 199 193
12 595 231 18 83
13 603 825 105 123
14 343 966 241 148
15 493 929 220 222
16 679 121 84 244
17 494 215 45 142
18 862 763 181 57
19 164 880 189 96
20 257 601 190 210
21 160 883 189 61
22 440 561 170 114
23 889 395 155 184
24 491 658 31 70
25 222 149 28 201
26 124 360 160 226
27 527 72 143 177
28 591 130 160 99
29 249 934 152 3
30 96 94 247 121
31 215 776 224 80
32 215 709 114 19
33 343 77 73 45
34 472 507 177 11
35 310 82 242 116
36 109 822 72 32
37 317 549 28 242
38 383 207 146 183
39 296 226 175 176
40 217 518 2 202
41 375 341 228 162
42 878 902 30 121
43 765 821 190 189
44 33 15 219 91
45 755 481 43 67
46 109 970 64 17
47 257 677 248 177
48 31 601 137 70
49 106 855 73 165
50 460 416 81 167
51 937 569 132 152
52 238 607 50 159
53 470 974 245 195
54 166 766 91 170
55 200 383 223 195
56 636 576 223 200
57 76 514 208 104
58 830 842 172 147
59 335 863 145 141
60 209 442 90 187
61 345 670 59 153
62 764 954 203 57
63 347 147 79 191
64 907 454 126 4
65 3 368 105 58
66 870 292 22 236
67 289 461 62 71
68 899 112 247 56
69 435 65 118 87
70 878 987 77 90
71 800 515 31 152
72 563 877 39 90
73 381 394 5 211
74 71 717 237 149
75 609 280 203 76
76 511 306 86 113
77 950 276 228 140
78 261 650 169 158
79 423 168 183 147
80 104 778 13 37
81 888 326 204 34
82 71 530 125 15
83 139 322 207 121
84 642 926 173 74
85 740 872 59 249
86 914 540 163 192
87 739 477 2 53
88 417 121 31 7
89 223 488 115 17
90 190 833 155 169
91 120 701 194 92
92 139 71 32 23
93 329 752 232 200
94 73 105 181 16
95 921 177 96 193
96 883 161 52 152
97 855 306 79 28
98 691 995 166 35
99 981 333 250 190
100 921 721 0 0
endpoint1 endpoint2 weight
1 2 314
1 3 642
1 4 268
1 5 344
1 6 444
1 7 604
1 8 771
1 9 167
1 10 104
1 11 743
1 12 462
1 13 418
1 14 407
1 15 424
1 16 600
1 17 413
1 18 619
1 19 335
1 20 41
1 21 339
1 22 165
1 23 637
1 24 235
1 25 420
1 26 256
1 27 554
1 28 538
1 29 370
1 30 505
1 31 220
1 32 157
1 33 493
1 34 205
1 35 485
1 36 307
1 37 45
1 38 374
1 39 340
1 40 76
1 41 245
1 42 690
1 43 552
1 44 602
1 45 487
1 46 439
1 47 114
1 48 248
1 49 337
1 50 237
1 51 662
1 52 57
1 53 453
1 54 230
1 55 198
1 56 361
1 57 207
1 58 620
1 59 304
1 60 141
1 61 126
1 62 625
1 63 424
1 64 641
1 65 337
1 66 654
1 67 105
1 68 771
1 69 525
1 70 736
1 71 527
1 72 424
1 73 201
1 74 256
1 75 439
1 76 350
1 77 734
1 78 87
1 79 424
1 80 274
1 81 658
1 82 208
1 83 279
1 84 515
1 85 557
1 86 639
1 87 472
1 88 466
1 89 94
1 90 282
1 91 207
1 92 513
1 93 195
1 94 503
1 95 753
1 96 730
1 97 635
1 98 598
1 99 743
1 100 664
2 1 314
2 3 434
2 4 529
2 5 465
2 6 458
2 7 620
2 8 684
2 9 148
2 10 243
2 11 441
2 12 169
2 13 442
2 14 609
2 15 542
2 16 304
2 17 179
2 18 497
2 19 617
2 20 351
2 21 621
2 22 197
2 23 354
2 24 273
2 25 396
2 26 414
2 27 318
2 28 265
2 29 616
2 30 530
2 31 503
2 32 454
2 33 367
2 34 135
2 35 382
2 36 609
2 37 272
2 38 238
2 39 291
2 40 345
2 41 169
2 42 617
2 43 489
2 44 627
2 45 238
2 46 722
2 47 401
2 48 548
2 49 635
2 50 81
2 51 440
2 52 370
2 53 589
2 54 529
2 55 337
2 56 213
2 57 477
2 58 541
2 59 515
2 60 332
2 61 340
2 62 610
2 63 308
2 64 377
2 65 534
2 66 348
2 67 258
2 68 457
2 69 340
2 70 689
2 71 293
2 72 489
2 73 156
2 74 570
2 75 132
2 76 87
2 77 430
2 78 380
2 79 249
2 80 582
2 81 358
2 82 486
2 83 403
2 84 548
2 85 525
2 86 408
2 87 222
2 88 294
2 89 329
2 90 563
2 91 520
2 92 509
2 93 418
2 94 544
2 95 440
2 96 416
2 97 330
2 98 626
2 99 449
2 100 509
3 1 642
3 2 434
3 4 905
3 5 891
3 6 379
3 7 1050
3 8 336
3 9 516
3 10 625
3 11 585
3 12 487
3 13 389
3 14 683
3 15 540
3 16 532
3 17 570
3 18 176
3 19 805
3 20 661
3 21 810
3 22 479
3 23 203
3 24 431
3 25 827
3 26 828
3 27 654
3 28 569
3 29 749
3 30 963
3 31 725
3 32 712
3 33 774
3 34 454
3 35 796
3 36 840
3 37 602
3 38 661
3 39 723
3 40 705
3 41 599
3 42 309
3 43 272
3 44 1058
3 45 199
3 46 891
3 47 665
3 48 887
3 49 852
3 50 492
3 51 34
3 52 680
3 53 586
3 54 771
3 55 748
3 56 282
3 57 845
3 58 261
3 59 641
3 60 725
3 61 577
3 62 390
3 63 726
3 64 143
3 65 943
3 66 308
3 67 643
3 68 485
3 69 718
3 70 393
3 71 143
3 72 452
3 73 573
3 74 855
3 75 442
3 76 499
3 77 322
3 78 659
3 79 654
3 80 834
3 81 272
3 82 849
3 83 825
3 84 430
3 85 328
3 86 57
3 87 215
3 88 690
3 89 703
3 90 765
3 91 804
3 92 939
3 93 609
3 94 977
3 95 420
3 96 437
3 97 297
3 98 459
3 99 271
3 100 126
4 1 268
4 2 529
4 3 905
4 5 226
4 6 699
4 7 489
4 8 1034
4 9 399
4 10 290
4 11 900
4 12 635
4 13 673
4 14 574
4 15 645
4 16 759
4 17 552
4 18 886
4 19 413
4 20 262
4 21 415
4 22 428
4 23 877
4 24 501
4 25 401
4 26 171
4 27 662
4 28 679
4 29 497
4 30 408
4 31 344
4 32 292
4 33 529
4 34 455
4 35 505
4 36 341
4 37 305
4 38 465
4 39 387
4 40 201
4 41 389
4 42 952
4 43 816
4 44 480
4 45 738
4 46 485
4 47 302
4 48 108
4 49 372
4 50 449
4 51 923
4 52 248
4 53 660
4 54 310
4 55 214
4 56 624
4 57 62
4 58 884
4 59 487
4 60 198
4 61 372
4 62 877
4 63 479
4 64 890
4 65 127
4 66 876
4 67 274
4 68 961
4 69 599
4 70 992
4 71 783
4 72 667
4 73 377
4 74 230
4 75 629
4 76 528
4 77 958
4 78 289
4 79 520
4 80 297
4 81 887
4 82 65
4 83 211
4 84 759
4 85 815
4 86 898
4 87 722
4 88 547
4 89 206
4 90 381
4 91 231
4 92 440
4 93 405
4 94 393
4 95 958
4 96 927
4 97 858
4 98 840
4 99 977
4 100 932
5 1 344
5 2 465
5 3 891
5 4 226
5 6 778
5 7 276
5 8 1087
5 9 385
5 10 290
5 11 746
5 12 513
5 13 753
5 14 734
5 15 768
5 16 615
5 17 414
5 18 916
5 19 607
5 20 366
5 21 609
5 22 454
5 23 813
5 24 556
5 25 189
5 26 90
5 27 489
5 28 528
5 29 676
5 30 186
5 31 514
5 32 450
5 33 328
5 34 450
5 35 300
5 36 544
5 37 356
5 38 307
5 39 218
5 40 274
5 41 297
5 42 1009
5 43 870
5 44 270
5 45 700
5 46 692
5 47 434
5 48 327
5 49 577
5 50 400
5 51 901
5 52 362
5 53 795
5 54 494
5 55 156
5 56 626
5 57 236
5 58 934
5 59 636
5 60 205
5 61 470
5 62 958
5 63 294
5 64 841
5 65 122
5 66 786
5 67 274
5 68 831
5 69 411
5 70 1064
5 71 753
5 72 766
5 73 318
5 74 439
5 75 525
5 76 427
5 77 866
5 78 411
5 79 356
5 80 500
5 81 805
5 82 252
5 83 70
5 84 854
5 85 884
5 86 870
5 87 684
5 88 368
5 89 251
5 90 564
5 91 424
5 92 215
5 93 533
5 94 175
5 95 843
5 96 807
5 97 771
5 98 939
5 99 898
5 100 946
6 1 444
6 2 458
6 3 379
6 4 699
6 5 778
6 7 1013
6 8 342
6 9 420
6 10 491
6 11 828
6 12 608
6 13 27
6 14 311
6 15 162
6 16 719
6 17 637
6 18 248
6 19 464
6 20 439
6 21 469
6 22 334
6 23 516
6 24 225
6 25 799
6 26 694
6 27 773
6 28 709
6 29 390
6 30 914
6 31 416
6 32 431
6 33 812
6 34 366
6 35 820
6 36 518
6 37 424
6 38 677
6 39 696
6 40 520
6 41 557
6 42 260
6 43 141
6 44 1015
6 45 380
6 46 534
6 47 403
6 48 641
6 49 521
6 50 454
6 51 412
6 52 452
6 53 207
6 54 466
6 55 624
6 56 263
6 57 639
6 58 205
6 59 293
6 60 576
6 61 328
6 62 181
6 63 746
6 64 476
6 65 781
6 66 599
6 67 506
6 68 776
6 69 797
6 70 293
6 71 367
6 72 75
6 73 508
6 74 569
6 75 559
6 76 545
6 77 649
6 78 411
6 79 701
6 80 526
6 81 576
6 82 635
6 83 710
6 84 90
6 85 119
6 86 415
6 87 379
6 88 747
6 89 534
6 90 437
6 91 525
6 92 909
6 93 310
6 94 919
6 95 724
6 96 725
6 97 580
6 98 170
6 99 618
6 100 318
7 1 604
7 2 620
7 3 1050
7 4 489
7 5 276
7 6 1013
7 8 1294
7 9 596
7 10 527
7 11 738
7 12 591
7 13 989
7 14 1005
7 15 1025
7 16 641
7 17 492
7 18 1111
7 19 882
7 20 631
7 21 884
7 22 679
7 23 926
7 24 788
7 25 225
7 26 362
7 27 483
7 28 557
7 29 950
7 30 100
7 31 788
7 32 723
7 33 303
7 34 656
7 35 272
7 36 819
7 37 606
7 38 390
7 39 331
7 40 539
7 41 468
7 42 1221
7 43 1085
7 44 19
7 45 851
7 46 966
7 47 703
7 48 596
7 49 851
7 50 581
7 51 1052
7 52 631
7 53 1056
7 54 769
7 55 407
7 56 819
7 57 509
7 58 1145
7 59 904
7 60 465
7 61 727
7 62 1188
7 63 330
7 64 968
7 65 365
7 66 870
7 67 515
7 68 857
7 69 391
7 70 1285
7 71 908
7 72 1012
7 73 511
7 74 712
7 75 624
7 76 551
7 77 941
7 78 678
7 79 408
7 80 774
7 81 898
7 82 525
7 83 329
7 84 1095
7 85 1108
7 86 1017
7 87 836
7 88 386
7 89 513
7 90 839
7 91 699
7 92 112
7 93 797
7 94 102
7 95 889
7 96 849
7 97 861
7 98 1180
7 99 988
7 100 1128
8 1 771
8 2 684
8 3 336
8 4 1034
8 5 1087
8 6 342
8 7 1294
8 9 705
8 10 798
8 11 919
8 12 786
8 13 368
8 14 614
8 15 462
8 16 854
8 17 850
8 18 191
8 19 793
8 20 772
8 21 797
8 22 633
8 23 539
8 24 538
8 25 1071
8 26 1008
8 27 958
8 28 879
8 29 707
8 30 1198
8 31 756
8 32 773
8 33 1050
8 34 642
8 35 1065
8 36 853
8 37 743
8 38 922
8 39 964
8 40 845
8 41 826
8 42 82
8 43 219
8 44 1299
8 45 491
8 46 847
8 47 743
8 48 981
8 49 853
8 50 713
8 51 361
8 52 786
8 53 488
8 54 806
8 55 932
8 56 476
8 57 973
8 58 153
8 59 624
8 60 891
8 61 663
8 62 193
8 63 991
8 64 478
8 65 1105
8 66 643
8 67 814
8 68 819
8 69 1009
8 70 97
8 71 443
8 72 396
8 73 785
8 74 910
8 75 736
8 76 766
8 77 654
8 78 748
8 79 929
8 80 865
8 81 607
8 82 970
8 83 1018
8 84 314
8 85 223
8 86 392
8 87 501
8 88 971
8 89 855
8 90 771
8 91 866
8 92 1185
8 93 651
8 94 1208
8 95 753
8 96 772
8 97 631
8 98 273
8 99 597
8 100 211
9 1 167
9 2 148
9 3 516
9 4 399
9 5 385
9 6 420
9 7 596
9 8 705
9 10 111
9 11 582
9 12 303
9 13 397
9 14 497
9 15 461
9 16 442
9 17 272
9 18 531
9 19 477
9 20 203
9 21 482
9 22 90
9 23 480
9 24 198
9 25 380
9 26 314
9 27 419
9 28 387
9 29 489
9 30 498
9 31 362
9 32 309
9 33 405
9 34 65
9 35 408
9 36 464
9 37 124
9 38 271
9 39 277
9 40 204
9 41 141
9 42 630
9 43 492
9 44 599
9 45 340
9 46 583
9 47 258
9 48 406
9 49 491
9 50 74
9 51 530
9 52 222
9 53 502
9 54 384
9 55 235
9 56 243
9 57 343
9 58 554
9 59 397
9 60 210
9 61 208
9 62 593
9 63 336
9 64 492
9 65 427
9 66 490
9 67 128
9 68 605
9 69 411
9 70 690
9 71 387
9 72 429
9 73 89
9 74 422
9 75 275
9 76 194
9 77 570
9 78 234
9 79 308
9 80 435
9 81 495
9 82 350
9 83 317
9 84 505
9 85 513
9 86 503
9 87 324
9 88 355
9 89 194
9 90 424
9 91 373
9 92 490
9 93 291
9 94 505
9 95 587
9 96 563
9 97 471
9 98 589
9 99 583
9 100 562
10 1 104
10 2 243
10 3 625
10 4 290
10 5 290
10 6 491
10 7 527
10 8 798
10 9 111
10 11 652
10 12 373
10 13 466
10 14 502
10 15 500
10 16 509
10 17 314
10 18 631
10 19 438
10 20 144
10 21 442
10 22 165
10 23 588
10 24 267
10 25 328
10 26 211
10 27 452
10 28 441
10 29 472
10 30 428
10 31 324
10 32 260
10 33 391
10 34 171
10 35 385
10 36 407
10 37 84
10 38 271
10 39 241
10 40 104
10 41 143
10 42 720
10 43 581
10 44 528
10 45 450
10 46 542
10 47 217
10 48 307
10 49 438
10 50 162
10 51 640
10 52 157
10 53 534
10 54 332
10 55 135
10 56 348
10 57 235
10 58 645
10 59 399
10 60 100
10 61 208
10 62 670
10 63 322
10 64 602
10 65 319
10 66 591
10 67 18
10 68 691
10 69 422
10 70 774
10 71 497
10 72 485
10 73 104
10 74 344
10 75 356
10 76 261
10 77 672
10 78 190
10 79 321
10 80 372
10 81 599
10 82 244
10 83 221
10 84 570
10 85 595
10 86 613
10 87 434
10 88 363
10 89 86
10 90 385
10 91 300
10 92 429
10 93 287
10 94 430
10 95 680
10 96 653
10 97 572
10 98 655
10 99 688
10 100 666
11 1 743
11 2 441
11 3 585
11 4 900
11 5 746
11 6 828
11 7 738
11 8 919
11 9 582
11 10 652
11 12 281
11 13 820
11 14 1040
11 15 950
11 16 144
11 17 348
11 18 741
11 19 1057
11 20 782
11 21 1062
11 22 638
11 23 384
11 24 698
11 25 578
11 26 742
11 27 264
11 28 221
11 29 1055
11 30 694
11 31 943
11 32 891
11 33 446
11 34 575
11 35 480
11 36 1045
11 37 703
11 38 442
11 39 530
11 40 753
11 41 518
11 42 881
11 43 796
11 44 754
11 45 457
11 46 1162
11 47 839
11 48 950
11 49 1073
11 50 509
11 51 564
11 52 799
11 53 1000
11 54 966
11 55 687
11 56 571
11 57 862
11 58 818
11 59 951
11 60 712
11 61 781
11 62 929
11 63 456
11 64 445
11 65 855
11 66 279
11 67 661
11 68 143
11 69 354
11 70 966
11 71 490
11 72 880
11 73 548
11 74 995
11 75 310
11 76 393
11 77 299
11 78 816
11 79 390
11 80 1016
11 81 317
11 82 875
11 83 712
11 84 912
11 85 848
11 86 530
11 87 454
11 88 382
11 89 729
11 90 1004
11 91 949
11 92 649
11 93 858
11 94 718
11 95 203
11 96 167
11 97 289
11 98 974
11 99 364
11 100 708
12 1 462
12 2 169
12 3 487
12 4 635
12 5 513
12 6 608
12 7 591
12 8 786
12 9 303
12 10 373
12 11 281
12 13 595
12 14 777
12 15 706
12 16 139
12 17 103
12 18 596
12 19 780
12 20 502
12 21 784
12 22 365
12 23 337
12 24 440
12 25 382
12 26 489
12 27 173
12 28 102
12 29 784
12 30 518
12 31 665
12 32 611
12 33 296
12 34 303
12 35 322
12 36 766
12 37 423
12 38 214
12 39 300
12 40 475
12 41 246
12 42 729
12 43 615
12 44 603
12 45 297
12 46 885
12 47 560
12 48 675
12 49 793
12 50 230
12 51 481
12 52 519
12 53 754
12 54 686
12 55 424
12 56 348
12 57 592
12 58 655
12 59 684
12 60 440
12 61 506
12 62 743
12 63 262
12 64 384
12 65 608
12 66 282
12 67 383
12 68 327
12 69 231
12 70 808
12 71 351
12 72 647
12 73 270
12 74 715
12 75 51
12 76 113
12 77 358
12 78 536
12 79 184
12 80 736
12 81 309
12 82 604
12 83 465
12 84 697
12 85 658
12 86 445
12 87 286
12 88 210
12 89 453
12 90 726
12 91 669
12 92 484
12 93 585
12 94 537
12 95 331
12 96 297
12 97 271
12 98 771
12 99 400
12 100 589
13 1 418
13 2 442
13 3 389
13 4 673
13 5 753
13 6 27
13 7 989
13 8 368
13 9 397
13 10 466
13 11 820
13 12 595
13 14 296
13 15 152
13 16 709
13 17 620
13 18 267
13 19 443
13 20 413
13 21 447
13 22 311
13 23 517
13 24 202
13 25 776
13 26 668
13 27 757
13 28 696
13 29 371
13 30 890
13 31 392
13 32 405
13 33 792
13 34 344
13 35 799
13 36 495
13 37 398
13 38 656
13 39 674
13 40 494
13 41 536
13 42 286
13 43 163
13 44 991
13 45 377
13 46 515
13 47 377
13 48 615
13 49 498
13 50 434
13 51 421
13 52 426
13 53 200
13 54 441
13 55 599
13 56 252
13 57 612
13 58 228
13 59 271
13 60 550
13 61 301
13 62 207
13 63 725
13 64 480
13 65 755
13 66 597
13 67 481
13 68 773
13 69 779
13 70 320
13 71 368
13 72 66
13 73 485
13 74 543
13 75 546
13 76 528
13 77 650
13 78 385
13 79 682
13 80 502
13 81 575
13 82 609
13 83 685
13 84 109
13 85 145
13 86 422
13 87 374
13 88 729
13 89 508
13 90 414
13 91 499
13 92 886
13 93 284
13 94 895
13 95 722
13 96 721
13 97 577
13 98 192
13 99 621
13 100 335
14 1 407
14 2 609
14 3 683
14 4 574
14 5 734
14 6 311
14 7 1005
14 8 614
14 9 497
14 10 502
14 11 1040
14 12 777
14 13 296
14 15 155
14 16 910
14 17 767
14 18 558
14 19 199
14 20 375
14 21 201
14 22 417
14 23 791
14 24 342
14 25 826
14 26 645
14 27 913
14 28 873
14 29 100
14 30 907
14 31 230
14 32 288
14 33 889
14 34 477
14 35 885
14 36 275
14 37 418
14 38 761
14 39 742
14 40 466
14 41 626
14 42 539
14 43 447
14 44 1001
14 45 637
14 46 235
14 47 302
14 48 481
14 49 262
14 50 563
14 51 715
14 52 375
14 53 128
14 54 268
14 55 601
14 56 488
14 57 525
14 58 503
14 59 104
14 60 541
14 61 297
14 62 422
14 63 820
14 64 762
14 65 688
14 66 856
14 67 508
14 68 1020
14 69 906
14 70 536
14 71 643
14 72 238
14 73 574
14 74 369
14 75 736
14 76 682
14 77 919
14 78 327
14 79 802
14 80 305
14 81 841
14 82 514
14 83 676
14 84 302
14 85 408
14 86 713
14 87 630
14 88 849
14 89 493
14 90 203
14 91 347
14 92 918
14 93 215
14 94 903
14 95 979
14 96 970
14 97 836
14 98 350
14 99 899
14 100 628
15 1 424
15 2 542
15 3 540
15 4 645
15 5 768
15 6 162
15 7 1025
15 8 462
15 9 461
15 10 500
15 11 950
15 12 706
15 13 152
15 14 155
15 16 830
15 17 715
15 18 405
15 19 333
15 20 405
15 21 337
15 22 372
15 23 665
15 24 272
15 25 826
15 26 679
15 27 858
15 28 805
15 29 245
15 30 925
15 31 318
15 32 355
15 33 866
15 34 423
15 35 867
15 36 399
15 37 419
15 38 731
15 39 731
15 40 496
15 41 600
15 42 386
15 43 293
15 44 1024
15 45 519
15 46 387
15 47 346
15 48 567
15 49 395
15 50 515
15 51 572
15 52 411
15 53 51
15 54 366
15 55 620
15 56 381
15 57 589
15 58 349
15 59 172
15 60 564
15 61 299
15 62 273
15 63 796
15 64 631
15 65 745
15 66 741
15 67 511
15 68 913
15 69 866
15 70 390
15 71 516
15 72 88
15 73 547
15 74 473
15 75 660
15 76 624
15 77 798
15 78 363
15 79 765
15 80 418
15 81 721
15 82 581
15 83 703
15 84 150
15 85 254
15 86 574
15 87 515
15 88 812
15 89 518
15 90 318
15 91 438
15 92 929
15 93 242
15 94 925
15 95 866
15 96 862
15 97 721
15 98 209
15 99 771
15 100 476
16 1 600
16 2 304
16 3 532
16 4 759
16 5 615
16 6 719
16 7 641
16 8 854
16 9 442
16 10 509
16 11 144
16 12 139
16 13 709
16 14 910
16 15 830
16 17 208
16 18 668
16 19 918
16 20 640
16 21 922
16 22 501
16 23 346
16 24 569
16 25 458
16 26 605
16 27 160
16 28 89
16 29 920
16 30 584
16 31 803
16 32 750
16 33 339
16 34 439
16 35 372
16 36 904
16 37 561
16 38 309
16 39 398
16 40 610
16 41 376
16 42 806
16 43 706
16 44 655
16 45 368
16 46 1023
16 47 699
16 48 807
16 49 932
16 50 368
16 51 517
16 52 657
16 53 879
16 54 825
16 55 546
16 56 458
16 57 720
16 58 737
16 59 818
16 60 570
16 61 643
16 62 838
16 63 334
16 64 404
16 65 720
16 66 257
16 67 518
16 68 221
16 69 251
16 70 889
16 71 413
16 72 765
16 73 405
16 74 852
16 75 174
16 76 250
16 77 313
16 78 675
16 79 261
16 80 874
16 81 293
16 82 733
16 83 577
16 84 806
16 85 754
16 86 481
16 87 362
16 88 262
16 89 586
16 90 864
16 91 806
16 92 543
16 93 722
16 94 607
16 95 249
16 96 208
16 97 256
16 98 875
16 99 369
16 100 647
17 1 413
17 2 179
17 3 570
17 4 552
17 5 414
17 6 637
17 7 492
17 8 850
17 9 272
17 10 314
17 11 348
17 12 103
17 13 620
17 14 767
17 15 715
17 16 208
17 18 661
17 19 743
17 20 453
17 21 747
17 22 351
17 23 435
17 24 444
17 25 280
17 26 398
17 27 147
17 28 129
17 29 760
17 30 416
17 31 627
17 32 568
17 33 205
17 34 293
17 35 228
17 36 719
17 37 379
17 38 112
17 39 199
17 40 411
17 41 174
17 42 788
17 43 664
17 44 503
17 45 373
17 46 848
17 47 520
17 48 603
17 49 749
17 50 204
17 51 568
17 52 469
17 53 760
17 54 642
17 55 339
17 56 388
17 57 514
17 58 712
17 59 668
17 60 365
17 61 479
17 62 787
17 63 162
17 64 478
17 65 515
17 66 384
17 67 321
17 68 418
17 69 162
17 70 863
17 71 429
17 72 666
17 73 212
17 74 657
17 75 133
17 76 93
17 77 461
17 78 494
17 79 86
17 80 685
17 81 410
17 82 528
17 83 371
17 84 727
17 85 702
17 86 532
17 87 359
17 88 122
17 89 385
17 90 689
17 91 614
17 92 384
17 93 562
17 94 436
17 95 429
17 96 393
17 97 373
17 98 805
17 99 502
17 100 663
18 1 619
18 2 497
18 3 176
18 4 886
18 5 916
18 6 248
18 7 1111
18 8 191
18 9 531
18 10 631
18 11 741
18 12 596
18 13 267
18 14 558
18 15 405
18 16 668
18 17 661
18 19 708
18 20 627
18 21 713
18 22 468
18 23 369
18 24 386
18 25 887
18 26 841
18 27 768
18 28 689
18 29 637
18 30 1018
18 31 648
18 32 650
18 33 861
18 34 467
18 35 877
18 36 756
18 37 586
18 38 734
18 39 781
18 40 690
18 41 645
18 42 140
18 43 114
18 44 1117
18 45 302
18 46 781
18 47 612
18 48 847
18 49 762
18 50 532
18 51 208
18 52 644
18 53 446
18 54 697
18 55 764
18 56 294
18 57 825
18 58 86
18 59 537
18 60 728
18 61 526
18 62 215
18 63 803
18 64 313
18 65 946
18 66 472
18 67 648
18 68 653
18 69 819
18 70 225
18 71 256
18 72 320
18 73 607
18 74 793
18 75 546
18 76 577
18 77 495
18 78 612
18 79 740
18 80 759
18 81 438
18 82 825
18 83 847
18 84 274
18 85 164
18 86 229
18 87 312
18 88 782
18 89 696
18 90 676
18 91 745
18 92 1001
18 93 534
18 94 1028
18 95 589
18 96 603
18 97 458
18 98 289
18 99 447
18 100 73
19 1 335
19 2 617
19 3 805
19 4 413
19 5 607
19 6 464
19 7 882
19 8 793
19 9 477
19 10 438
19 11 1057
19 12 780
19 13 443
19 14 199
19 15 333
19 16 918
19 17 743
19 18 708
19 20 295
19 21 5
19 22 422
19 23 873
19 24 396
19 25 734
19 26 522
19 27 886
19 28 864
19 29 101
19 30 789
19 31 116
19 32 179
19 33 823
19 34 484
19 35 812
19 36 80
19 37 365
19 38 708
19 39 668
19 40 366
19 41 579
19 42 715
19 43 604
19 44 875
19 45 714
19 46 106
19 47 224
19 48 310
19 49 64
19 50 551
19 51 834
19 52 283
19 53 321
19 54 115
19 55 499
19 56 562
19 57 377
19 58 668
19 59 172
19 60 441
19 61 278
19 62 605
19 63 756
19 64 857
19 65 537
19 66 919
19 67 438
19 68 1064
19 69 859
19 70 722
19 71 734
19 72 400
19 73 533
19 74 188
19 75 748
19 76 671
19 77 992
19 78 250
19 79 758
19 80 119
19 81 912
19 82 363
19 83 559
19 84 481
19 85 577
19 86 824
19 87 703
19 88 801
19 89 397
19 90 54
19 91 185
19 92 810
19 93 209
19 94 781
19 95 1034
19 96 1017
19 97 899
19 98 540
19 99 984
19 100 774
20 1 41
20 2 351
20 3 661
20 4 262
20 5 366
20 6 439
20 7 631
20 8 772
20 9 203
20 10 144
20 11 782
20 12 502
20 13 413
20 14 375
20 15 405
20 16 640
20 17 453
20 18 627
20 19 295
20 21 299
20 22 188
20 23 665
20 24 241
20 25 454
20 26 276
20 27 594
20 28 578
20 29 334
20 30 532
20 31 180
20 32 116
20 33 532
20 34 235
20 35 522
20 36 266
20 37 80
20 38 414
20 39 378
20 40 93
20 41 286
20 42 691
20 43 554
20 44 628
20 45 513
20 46 398
20 47 76
20 48 226
20 49 296
20 50 275
20 51 681
20 52 20
20 53 430
20 54 189
20 55 226
20 56 380
20 57 201
20 58 622
20 59 274
20 60 167
20 61 112
20 62 618
20 63 463
20 64 667
20 65 345
20 66 687
20 67 144
20 68 808
20 69 565
20 70 732
20 71 550
20 72 413
20 73 242
20 74 220
20 75 477
20 76 390
20 77 766
20 78 50
20 79 464
20 80 234
20 81 689
20 82 200
20 83 303
20 84 504
20 85 554
20 86 660
20 87 498
20 88 506
20 89 119
20 90 242
20 91 170
20 92 543
20 93 168
20 94 530
20 95 788
20 96 766
20 97 667
20 98 587
20 99 773
20 100 675
21 1 339
21 2 621
21 3 810
21 4 415
21 5 609
21 6 469
21 7 884
21 8 797
21 9 482
21 10 442
21 11 1062
21 12 784
21 13 447
21 14 201
21 15 337
21 16 922
21 17 747
21 18 713
21 19 5
21 20 299
21 22 427
21 23 878
21 24 401
21 25 737
21 26 525
21 27 891
21 28 868
21 29 103
21 30 792
21 31 121
21 32 183
21 33 827
21 34 489
21 35 815
21 36 80
21 37 370
21 38 712
21 39 671
21 40 370
21 41 584
21 42 719
21 43 609
21 44 878
21 45 719
21 46 101
21 47 228
21 48 311
21 49 61
21 50 556
21 51 839
21 52 287
21 53 324
21 54 118
21 55 502
21 56 567
21 57 379
21 58 672
21 59 177
21 60 444
21 61 283
21 62 609
21 63 760
21 64 862
21 65 539
21 66 924
21 67 442
21 68 1068
21 69 863
21 70 726
21 71 739
21 72 404
21 73 537
21 74 189
21 75 752
21 76 676
21 77 997
21 78 254
21 79 762
21 80 119
21 81 917
21 82 365
21 83 562
21 84 484
21 85 581
21 86 829
21 87 708
21 88 805
21 89 400
21 90 59
21 91 187
21 92 813
21 93 214
21 94 783
21 95 1039
21 96 1022
21 97 904
21 98 543
21 99 989
21 100 779
22 1 165
22 2 197
22 3 479
22 4 428
22 5 454
22 6 334
22 7 679
22 8 633
22 9 90
22 10 165
22 11 638
22 12 365
22 13 311
22 14 417
22 15 372
22 16 501
22 17 351
22 18 468
22 19 422
22 20 188
22 21 427
22 23 479
22 24 110
22 25 467
22 26 375
22 27 497
22 28 457
22 29 420
22 30 581
22 31 312
22 32 270
22 33 494
22 34 63
22 35 497
22 36 422
22 37 124
22 38 359
22 39 365
22 40 228
22 41 230
22 42 556
22 43 417
22 44 682
22 45 325
22 46 527
22 47 217
22 48 411
22 49 445
22 50 147
22 51 498
22 52 208
22 53 415
22 54 343
22 55 299
22 56 197
22 57 368
22 58 481
22 59 320
22 60 260
22 61 145
22 62 510
22 63 425
22 64 480
22 65 478
22 66 508
22 67 182
22 68 643
22 69 497
22 70 611
22 71 363
22 72 340
22 73 178
22 74 401
22 75 328
22 76 265
22 77 585
22 78 200
22 79 394
22 80 400
22 81 506
22 82 371
22 83 385
22 84 418
22 85 433
22 86 475
22 87 311
22 88 441
22 89 229
22 90 370
22 91 350
22 92 576
22 93 221
22 94 586
22 95 616
22 96 597
22 97 488
22 98 502
22 99 588
22 100 507
23 1 637
23 2 354
23 3 203
23 4 877
23 5 813
23 6 516
23 7 926
23 8 539
23 9 480
23 10 588
23 11 384
23 12 337
23 13 517
23 14 791
23 15 665
23 16 346
23 17 435
23 18 369
23 19 873
23 20 665
23 21 878
23 22 479
23 24 478
23 25 711
23 26 766
23 27 486
23 28 399
23 29 837
23 30 849
23 31 775
23 32 744
23 33 632
23 34 432
23 35 659
23 36 890
23 37 593
23 38 540
23 39 617
23 40 684
23 41 517
23 42 508
23 43 444
23 44 937
23 45 160
23 46 970
23 47 693
23 48 883
23 49 909
23 50 430
23 51 181
23 52 685
23 53 715
23 54 813
23 55 690
23 56 312
23 57 822
23 58 451
23 59 726
23 60 682
23 61 610
23 62 573
23 63 597
23 64 62
23 65 887
23 66 105
23 67 604
23 68 284
23 69 562
23 70 593
23 71 150
23 72 582
23 73 509
23 74 880
23 75 303
23 76 389
23 77 134
23 78 678
23 79 519
23 80 874
23 81 70
23 82 830
23 83 754
23 84 586
23 85 500
23 86 148
23 87 171
23 88 546
23 89 673
23 90 825
23 91 828
23 92 817
23 93 665
23 94 866
23 95 221
23 96 235
23 97 96
23 98 632
23 99 111
23 100 328
24 1 235
24 2 273
24 3 431
24 4 501
24 5 556
24 6 225
24 7 788
24 8 538
24 9 198
24 10 267
24 11 698
24 12 440
24 13 202
24 14 342
24 15 272
24 16 569
24 17 444
24 18 386
24 19 396
24 20 241
24 21 401
24 22 110
24 23 478
24 25 576
24 26 473
24 27 588
24 28 538
24 29 368
24 30 689
24 31 301
24 32 281
24 33 600
24 34 153
24 35 604
24 36 416
24 37 206
24 38 464
24 39 474
24 40 308
24 41 338
24 42 458
24 43 319
24 44 790
24 45 318
24 46 494
24 47 235
24 48 464
24 49 433
24 50 244
24 51 455
24 52 259
24 53 317
24 54 343
24 55 401
24 56 167
24 57 440
24 58 386
24 59 258
24 60 356
24 61 147
24 62 403
24 63 531
24 64 464
24 65 568
24 66 527
24 67 283
24 68 682
24 69 596
24 70 508
24 71 341
24 72 231
24 73 286
24 74 425
24 75 396
24 76 353
24 77 598
24 78 231
24 79 495
24 80 406
24 81 518
24 82 440
24 83 487
24 84 308
24 85 329
24 86 440
24 87 308
24 88 543
24 89 318
24 90 349
24 91 374
24 92 685
24 93 188
24 94 694
24 95 646
24 96 633
24 97 507
24 98 392
24 99 588
24 100 435
25 1 420
25 2 396
25 3 827
25 4 401
25 5 189
25 6 799
25 7 225
25 8 1071
25 9 380
25 10 328
25 11 578
25 12 382
25 13 776
25 14 826
25 15 826
25 16 458
25 17 280
25 18 887
25 19 734
25 20 454
25 21 737
25 22 467
25 23 711
25 24 576
25 26 233
25 27 315
25 28 370
25 29 786
25 30 138
25 31 628
25 32 561
25 33 141
25 34 437
25 35 111
25 36 683
25 37 412
25 38 172
25 39 107
25 40 370
25 41 246
25 42 999
25 43 864
25 44 232
25 45 628
25 46 829
25 47 530
25 48 491
25 49 716
25 50 358
25 51 830
25 52 459
25 53 862
25 54 620
25 55 236
25 56 595
25 57 394
25 58 922
25 59 723
25 60 294
25 61 536
25 62 971
25 63 126
25 64 750
25 65 310
25 66 664
25 67 320
25 68 679
25 69 229
25 70 1065
25 71 685
25 72 804
25 73 293
25 74 588
25 75 409
25 76 329
25 77 739
25 78 503
25 79 202
25 80 640
25 81 690
25 82 410
25 83 192
25 84 884
25 85 890
25 86 795
25 87 613
25 88 197
25 89 340
25 90 685
25 91 562
25 92 114
25 93 613
25 94 156
25 95 700
25 96 662
25 97 653
25 98 968
25 99 781
25 100 904
26 1 256
26 2 414
26 3 828
26 4 171
26 5 90
26 6 694
26 7 362
26 8 1008
26 9 314
26 10 211
26 11 742
26 12 489
26 13 668
26 14 645
26 15 679
26 16 605
26 17 398
26 18 841
26 19 522
26 20 276
26 21 525
26 22 375
26 23 766
26 24 473
26 25 233
26 27 496
26 28 521
26 29 588
26 30 268
26 31 426
26 32 361
26 33 358
26 34 378
26 35 335
26 36 463
26 37 271
26 38 301
26 39 219
26 40 184
26 41 252
26 42 929
26 43 790
26 44 357
26 45 643
26 46 611
26 47 344
26 48 259
26 49 496
26 50 341
26 51 840
26 52 273
26 53 705
26 54 409
26 55 80
26 56 556
26 57 162
26 58 855
26 59 546
26 60 119
26 61 381
26 62 874
26 63 309
26 64 789
26 65 122
26 66 750
26 67 194
26 68 814
26 69 429
26 70 981
26 71 694
26 72 679
26 73 260
26 74 361
26 75 492
26 76 391
26 77 831
26 78 321
26 79 356
26 80 419
26 81 765
26 82 179
26 83 41
26 84 768
26 85 801
26 86 811
26 87 627
26 88 379
26 89 162
26 90 478
26 91 342
26 92 290
26 93 443
26 94 261
26 95 818
26 96 785
26 97 733
26 98 852
26 99 858
26 100 875
27 1 554
27 2 318
27 3 654
27 4 662
27 5 489
27 6 773
27 7 483
27 8 958
27 9 419
27 10 452
27 11 264
27 12 173
27 13 757
27 14 913
27 15 858
27 16 160
27 17 147
27 18 768
27 19 886
27 20 594
27 21 891
27 22 497
27 23 486
27 24 588
27 25 315
27 26 496
27 28 87
27 29 906
27 30 432
27 31 771
27 32 710
27 33 185
27 34 439
27 35 218
27 36 859
27 37 522
27 38 198
27 39 278
27 40 544
27 41 309
27 42 902
27 43 786
27 44 498
27 45 469
27 46 991
27 47 663
27 48 726
27 49 890
27 50 351
27 51 645
27 52 609
27 53 904
27 54 783
27 55 452
27 56 516
27 57 632
27 58 828
27 59 814
27 60 488
27 61 626
27 62 914
27 63 195
27 64 539
27 65 602
27 66 408
27 67 457
27 68 375
27 69 93
27 70 981
27 71 521
27 72 806
27 73 354
27 74 790
27 75 224
27 76 235
27 77 470
27 78 637
27 79 142
27 80 824
27 81 442
27 82 647
27 83 462
27 84 862
27 85 828
27 86 608
27 87 458
27 88 121
27 89 516
27 90 833
27 91 750
27 92 389
27 93 709
27 94 456
27 95 408
27 96 367
27 97 403
27 98 938
27 99 524
27 100 760
28 1 538
28 2 265
28 3 569
28 4 679
28 5 528
28 6 709
28 7 557
28 8 879
28 9 387
28 10 441
28 11 221
28 12 102
28 13 696
28 14 873
28 15 805
28 16 89
28 17 129
28 18 689
28 19 864
28 20 578
28 21 868
28 22 457
28 23 399
28 24 538
28 25 370
28 26 521
28 27 87
28 29 874
28 30 497
28 31 748
28 32 691
28 33 254
28 34 396
28 35 286
28 36 844
28 37 501
28 38 222
28 39 311
28 40 539
28 41 302
28 42 824
28 43 713
28 44 570
28 45 388
28 46 969
28 47 641
28 48 732
28 49 873
28 50 315
28 51 559
28 52 594
28 53 853
28 54 765
28 55 466
28 56 449
28 57 643
28 58 752
28 59 777
28 60 494
28 61 594
28 62 842
28 63 245
28 64 453
28 65 635
28 66 323
28 67 449
28 68 309
28 69 169
28 70 904
28 71 439
28 72 748
28 73 338
28 74 785
28 75 152
28 76 194
28 77 388
28 78 616
28 79 173
28 80 811
28 81 356
28 82 657
28 83 492
28 84 798
28 85 757
28 86 522
28 87 378
28 88 175
28 89 514
28 90 810
28 91 741
28 92 456
28 93 675
28 94 519
28 95 334
28 96 294
28 97 318
28 98 871
28 99 440
28 100 677
29 1 370
29 2 616
29 3 749
29 4 497
29 5 676
29 6 390
29 7 950
29 8 707
29 9 489
29 10 472
29 11 1055
29 12 784
29 13 371
29 14 100
29 15 245
29 16 920
29 17 760
29 18 637
29 19 101
29 20 334
29 21 103
29 22 420
29 23 837
29 24 368
29 25 786
29 26 588
29 27 906
29 28 874
29 30 854
29 31 162
29 32 228
29 33 863
29 34 482
29 35 855
29 36 180
29 37 391
29 38 740
29 39 710
29 40 418
29 41 607
29 42 630
29 43 529
29 44 945
29 45 680
29 46 145
29 47 258
29 48 399
29 49 164
29 50 560
29 51 779
29 52 328
29 53 225
29 54 188
29 55 554
29 56 528
29 57 455
29 58 589
29 59 112
29 60 494
29 61 281
29 62 516
29 63 794
29 64 815
29 65 618
29 66 894
29 67 475
29 68 1048
29 69 889
29 70 632
29 71 693
29 72 320
29 73 556
29 74 281
29 75 747
29 76 681
29 77 962
29 78 285
29 79 786
29 80 213
29 81 883
29 82 442
29 83 622
29 84 394
29 85 495
29 86 773
29 87 671
29 88 831
29 89 447
29 90 117
29 91 267
29 92 870
29 93 199
29 94 848
29 95 1013
29 96 1000
29 97 873
29 98 447
29 99 948
29 100 705
30 1 505
30 2 530
30 3 963
30 4 408
30 5 186
30 6 914
30 7 100
30 8 1198
30 9 498
30 10 428
30 11 694
30 12 518
30 13 890
30 14 907
30 15 925
30 16 584
30 17 416
30 18 1018
30 19 789
30 20 532
30 21 792
30 22 581
30 23 849
30 24 689
30 25 138
30 26 268
30 27 432
30 28 497
30 29 854
30 31 693
30 32 627
30 33 248
30 34 559
30 35 215
30 36 729
30 37 506
30 38 309
30 39 240
30 40 441
30 41 373
30 42 1125
30 43 988
30 44 102
30 45 765
30 46 877
30 47 605
30 48 512
30 49 762
30 50 486
30 51 966
30 52 533
30 53 957
30 54 676
30 55 308
30 56 724
30 57 421
30 58 1048
30 59 806
30 60 366
30 61 628
30 62 1089
30 63 257
30 64 888
30 65 290
30 66 799
30 67 415
30 68 804
30 69 341
30 70 1188
30 71 821
30 72 912
30 73 414
30 74 624
30 75 546
30 76 467
30 77 874
30 78 580
30 79 336
30 80 685
30 81 826
30 82 437
30 83 233
30 84 996
30 85 1010
30 86 932
30 87 749
30 88 323
30 89 414
30 90 745
30 91 608
30 92 49
30 93 699
30 94 26
30 95 830
30 96 790
30 97 789
30 98 1080
30 99 917
30 100 1037
31 1 220
31 2 503
31 3 725
31 4 344
31 5 514
31 6 416
31 7 788
31 8 756
31 9 362
31 10 324
31 11 943
31 12 665
31 13 392
31 14 230
31 15 318
31 16 803
31 17 627
31 18 648
31 19 116
31 20 180
31 21 121
31 22 312
31 23 775
31 24 301
31 25 628
31 26 426
31 27 771
31 28 748
31 29 162
31 30 693
31 32 67
31 33 711
31 34 373
31 35 701
31 36 116
31 37 249
31 38 594
31 39 556
31 40 259
31 41 464
31 42 675
31 43 552
31 44 783
31 45 616
31 46 222
31 47 108
31 48 254
31 49 135
31 50 436
31 51 752
31 52 171
31 53 323
31 54 51
31 55 394
31 56 467
31 57 297
31 58 619
31 59 149
31 60 335
31 61 168
31 62 578
31 63 643
31 64 764
31 65 460
31 66 815
31 67 324
31 68 954
31 69 745
31 70 696
31 71 641
31 72 363
31 73 417
31 74 156
31 75 634
31 76 556
31 77 889
31 78 135
31 79 643
31 80 112
31 81 810
31 82 286
31 83 461
31 84 453
31 85 534
31 86 738
31 87 604
31 88 686
31 89 289
31 90 63
31 91 122
31 92 710
31 93 117
31 94 686
31 95 926
31 96 908
31 97 795
31 98 524
31 99 885
31 100 709
32 1 157
32 2 454
32 3 712
32 4 292
32 5 450
32 6 431
32 7 723
32 8 773
32 9 309
32 10 260
32 11 891
32 12 611
32 13 405
32 14 288
32 15 355
32 16 750
32 17 568
32 18 650
32 19 179
32 20 116
32 21 183
32 22 270
32 23 744
32 24 281
32 25 561
32 26 361
32 27 710
32 28 691
32 29 228
32 30 627
32 31 67
32 33 645
32 34 327
32 35 635
32 36 155
32 37 190
32 38 530
32 39 490
32 40 192
32 41 402
32 42 691
32 43 562
32 44 718
32 45 587
32 46 282
32 47 53
32 48 214
32 49 183
32 50 382
32 51 736
32 52 105
32 53 368
32 54 76
32 55 327
32 56 442
32 57 240
32 58 630
32 59 196
32 60 268
32 61 136
32 62 602
32 63 578
32 64 738
32 65 402
32 66 777
32 67 259
32 68 908
32 69 681
32 70 719
32 71 617
32 72 387
32 73 357
32 74 145
32 75 583
32 76 501
32 77 854
32 78 75
32 79 580
32 80 131
32 81 775
32 82 230
32 83 395
32 84 479
32 85 550
32 86 720
32 87 574
32 88 622
32 89 222
32 90 127
32 91 96
32 92 643
32 93 122
32 94 621
32 95 885
32 96 865
32 97 757
32 98 556
32 99 854
32 100 707
33 1 493
33 2 367
33 3 774
33 4 529
33 5 328
33 6 812
33 7 303
33 8 1050
33 9 405
33 10 391
33 11 446
33 12 296
33 13 792
33 14 889
33 15 866
33 16 339
33 17 205
33 18 861
33 19 823
33 20 532
33 21 827
33 22 494
33 23 632
33 24 600
33 25 141
33 26 358
33 27 185
33 28 254
33 29 863
33 30 248
33 31 711
33 32 645
33 34 449
33 35 34
33 36 781
33 37 473
33 38 137
33 39 157
33 40 459
33 41 266
33 42 984
33 43 856
33 44 317
33 45 578
33 46 924
33 47 607
33 48 610
33 49 814
33 50 359
33 51 772
33 52 541
33 53 906
33 54 712
33 55 338
33 56 579
33 57 513
33 58 907
33 59 787
33 60 389
33 61 594
33 62 973
33 63 71
33 64 679
33 65 448
33 66 570
33 67 388
33 68 558
33 69 93
33 70 1056
33 71 634
33 72 830
33 73 320
33 74 696
33 75 335
33 76 285
33 77 639
33 78 579
33 79 122
33 80 741
33 81 600
33 82 529
33 83 319
33 84 901
33 85 889
33 86 736
33 87 563
33 88 87
33 89 429
33 90 772
33 91 663
33 92 205
33 93 676
33 94 272
33 95 587
33 96 547
33 97 561
33 98 982
33 99 688
33 100 866
34 1 205
34 2 135
34 3 454
34 4 455
34 5 450
34 6 366
34 7 656
34 8 642
34 9 65
34 10 171
34 11 575
34 12 303
34 13 344
34 14 477
34 15 423
34 16 439
34 17 293
34 18 467
34 19 484
34 20 235
34 21 489
34 22 63
34 23 432
34 24 153
34 25 437
34 26 378
34 27 439
34 28 396
34 29 482
34 30 559
34 31 373
34 32 327
34 33 449
34 35 455
34 36 481
34 37 161
34 38 313
34 39 332
34 40 256
34 41 193
34 42 567
34 43 430
34 44 660
34 45 285
34 46 589
34 47 275
34 48 451
34 49 506
34 50 92
34 51 470
34 52 255
34 53 468
34 54 401
34 55 299
34 56 178
34 57 397
34 58 491
34 59 382
34 60 271
34 61 207
34 62 534
34 63 382
34 64 439
34 65 490
34 66 453
34 67 189
34 68 582
34 69 444
34 70 629
34 71 329
34 72 382
34 73 146
34 74 453
34 75 266
34 76 205
34 77 531
34 78 255
34 79 343
34 80 458
34 81 454
34 82 402
34 83 381
34 84 453
34 85 453
34 86 444
34 87 269
34 88 390
34 89 250
34 90 432
34 91 402
34 92 549
34 93 284
34 94 567
34 95 558
34 96 538
34 97 433
34 98 535
34 99 538
34 100 498
35 1 485
35 2 382
35 3 796
35 4 505
35 5 300
35 6 820
35 7 272
35 8 1065
35 9 408
35 10 385
35 11 480
35 12 322
35 13 799
35 14 885
35 15 867
35 16 372
35 17 228
35 18 877
35 19 812
35 20 522
35 21 815
35 22 497
35 23 659
35 24 604
35 25 111
35 26 335
35 27 218
35 28 286
35 29 855
35 30 215
35 31 701
35 32 635
35 33 34
35 34 455
35 36 767
35 37 468
35 38 145
35 39 145
35 40 446
35 41 268
35 42 998
35 43 868
35 44 285
35 45 598
35 46 911
35 47 598
35 48 590
35 49 800
35 50 367
35 51 794
35 52 530
35 53 907
35 54 699
35 55 321
35 56 592
35 57 492
35 58 921
35 59 782
35 60 374
35 61 590
35 62 984
35 63 75
35 64 704
35 65 420
35 66 599
35 67 380
35 68 590
35 69 127
35 70 1069
35 71 654
35 72 835
35 73 320
35 74 679
35 75 359
35 76 301
35 77 669
35 78 571
35 79 143
35 80 726
35 81 628
35 82 508
35 83 295
35 84 907
35 85 900
35 86 759
35 87 584
35 88 114
35 89 416
35 90 761
35 91 648
35 92 172
35 93 671
35 94 239
35 95 619
35 96 579
35 97 590
35 98 990
35 99 717
35 100 885
36 1 307
36 2 609
36 3 840
36 4 341
36 5 544
36 6 518
36 7 819
36 8 853
36 9 464
36 10 407
36 11 1045
36 12 766
36 13 495
36 14 275
36 15 399
36 16 904
36 17 719
36 18 756
36 19 80
36 20 266
36 21 80
36 22 422
36 23 890
36 24 416
36 25 683
36 26 463
36 27 859
36 28 844
36 29 180
36 30 729
36 31 116
36 32 155
36 33 781
36 34 481
36 35 767
36 37 344
36 38 674
36 39 625
36 40 323
36 41 550
36 42 774
36 43 657
36 44 811
36 45 731
36 46 148
36 47 208
36 48 235
36 49 34
36 50 537
36 51 866
36 52 251
36 53 392
36 54 80
36 55 449
36 56 582
36 57 310
36 58 722
36 59 230
36 60 393
36 61 281
36 62 669
36 63 716
36 64 879
36 65 467
36 66 928
36 67 404
36 68 1063
36 69 825
36 70 787
36 71 757
36 72 458
36 73 508
36 74 112
36 75 738
36 76 655
36 77 1003
36 78 230
36 79 726
36 80 45
36 81 924
36 82 295
36 83 501
36 84 544
36 85 633
36 86 853
36 87 719
36 88 766
36 89 353
36 90 82
36 91 122
36 92 752
36 93 231
36 94 718
36 95 1037
36 96 1018
36 97 908
36 98 608
36 99 1000
36 100 819
37 1 45
37 2 272
37 3 602
37 4 305
37 5 356
37 6 424
37 7 606
37 8 743
37 9 124
37 10 84
37 11 703
37 12 423
37 13 398
37 14 418
37 15 419
37 16 561
37 17 379
37 18 586
37 19 365
37 20 80
37 21 370
37 22 124
37 23 593
37 24 206
37 25 412
37 26 271
37 27 522
37 28 501
37 29 391
37 30 506
37 31 249
37 32 190
37 33 473
37 34 161
37 35 468
37 36 344
37 38 349
37 39 324
37 40 105
37 41 216
37 42 663
37 43 525
37 44 605
37 45 444
37 46 470
37 47 142
37 48 291
37 49 372
37 50 196
37 51 621
37 52 99
37 53 452
37 54 265
37 55 204
37 56 321
37 57 244
37 58 591
37 59 315
37 60 153
37 61 125
37 62 604
37 63 404
37 64 598
37 65 363
37 66 610
37 67 93
37 68 728
37 69 499
37 70 712
37 71 485
37 72 410
37 73 168
37 74 298
37 75 398
37 76 311
37 77 690
37 78 116
37 79 396
37 80 313
37 81 614
37 82 247
37 83 289
37 84 498
37 85 533
37 86 598
37 87 429
37 88 440
37 89 113
37 90 312
37 91 249
37 92 511
37 93 204
37 94 507
37 95 710
37 96 687
37 97 591
37 98 583
37 99 699
37 100 629
38 1 374
38 2 238
38 3 661
38 4 465
38 5 307
38 6 677
38 7 390
38 8 922
38 9 271
38 10 271
38 11 442
38 12 214
38 13 656
38 14 761
38 15 731
38 16 309
38 17 112
38 18 734
38 19 708
38 20 414
38 21 712
38 22 359
38 23 540
38 24 464
38 25 172
38 26 301
38 27 198
38 28 222
38 29 740
38 30 309
38 31 594
38 32 530
38 33 137
38 34 313
38 35 145
38 36 674
38 37 349
38 39 90
38 40 353
38 41 135
38 42 854
38 43 724
38 44 400
38 45 463
38 46 811
38 47 487
38 48 529
38 49 705
38 50 223
38 51 662
38 52 426
38 53 772
38 54 600
38 55 254
38 56 448
38 57 435
38 58 777
38 59 658
38 60 293
38 61 465
38 62 839
38 63 70
38 64 580
38 65 413
38 66 495
38 67 271
38 68 525
38 69 152
38 70 924
38 71 519
38 72 694
38 73 188
38 74 598
38 75 238
38 76 162
38 77 572
38 78 460
38 79 56
38 80 636
38 81 519
38 82 450
38 83 270
38 84 765
38 85 755
38 86 627
38 87 447
38 88 93
38 89 324
38 90 656
38 91 560
38 92 280
38 93 548
38 94 327
38 95 539
38 96 503
38 97 483
38 98 847
38 99 612
38 100 745
39 1 340
39 2 291
39 3 723
39 4 387
39 5 218
39 6 696
39 7 331
39 8 964
39 9 277
39 10 241
39 11 530
39 12 300
39 13 674
39 14 742
39 15 731
39 16 398
39 17 199
39 18 781
39 19 668
39 20 378
39 21 671
39 22 365
39 23 617
39 24 474
39 25 107
39 26 219
39 27 278
39 28 311
39 29 710
39 30 240
39 31 556
39 32 490
39 33 157
39 34 332
39 35 145
39 36 625
39 37 324
39 38 90
39 40 303
39 41 140
39 42 893
39 43 758
39 44 338
39 45 526
39 46 768
39 47 453
39 48 460
39 49 658
39 50 251
39 51 728
39 52 386
39 53 768
39 54 556
39 55 185
39 56 488
39 57 363
39 58 816
39 59 639
39 60 233
39 61 447
39 62 866
39 63 95
39 64 653
39 65 326
39 66 578
39 67 236
39 68 614
39 69 213
39 70 959
39 71 581
39 72 704
39 73 189
39 74 541
39 75 318
39 76 230
39 77 656
39 78 426
39 79 140
39 80 585
39 81 601
39 82 379
39 83 185
39 84 781
39 85 784
39 86 694
39 87 510
39 88 161
39 89 272
39 90 617
39 91 507
39 92 221
39 93 528
39 94 254
39 95 627
39 96 591
39 97 565
39 98 865
39 99 694
39 100 798
40 1 76
40 2 345
40 3 705
40 4 201
40 5 274
40 6 520
40 7 539
40 8 845
40 9 204
40 10 104
40 11 753
40 12 475
40 13 494
40 14 466
40 15 496
40 16 610
40 17 411
40 18 690
40 19 366
40 20 93
40 21 370
40 22 228
40 23 684
40 24 308
40 25 370
40 26 184
40 27 544
40 28 539
40 29 418
40 30 441
40 31 259
40 32 192
40 33 459
40 34 256
40 35 446
40 36 323
40 37 105
40 38 353
40 39 303
40 41 238
40 42 765
40 43 627
40 44 536
40 45 540
40 46 465
40 47 164
40 48 204
40 49 355
40 50 264
40 51 722
40 52 92
40 53 522
40 54 254
40 55 137
40 56 423
40 57 142
40 58 694
40 59 365
40 60 77
40 61 199
40 62 700
40 63 394
40 64 693
40 65 262
40 66 692
40 67 92
40 68 794
40 69 503
