nnodes nedges type capacity P s t
100  4950  graph  1000 100 1 100 
nodename posx posy itemvalue itemweight
1 939 913 0 0
2 124 878 215 337
3 72 177 246 215
4 847 344 164 198
5 387 852 2 171
6 465 120 78 3
7 946 477 129 136
8 849 739 202 50
9 933 683 242 459
10 642 167 175 244
11 266 17 5 283
12 690 974 245 206
13 708 422 47 449
14 676 196 188 469
15 714 360 237 254
16 692 654 78 105
17 625 168 66 42
18 884 697 191 164
19 697 84 108 355
20 393 84 111 360
21 936 859 127 438
22 557 235 214 358
23 336 406 176 17
24 974 622 157 417
25 90 968 225 331
26 789 708 12 332
27 986 831 215 359
28 683 694 37 11
29 254 359 57 76
30 242 320 230 145
31 71 286 80 409
32 326 49 250 145
33 806 563 53 190
34 98 503 58 410
35 647 492 146 21
36 940 583 121 273
37 351 497 208 334
38 170 39 130 383
39 903 144 101 388
40 661 345 152 177
41 465 803 218 163
42 406 803 8 34
43 634 441 21 397
44 849 888 45 179
45 152 92 74 376
46 561 224 74 153
47 378 887 136 73
48 625 185 150 438
49 450 75 12 309
50 40 97 200 10
51 567 980 79 320
52 33 270 32 139
53 477 203 6 263
54 662 733 21 356
55 700 323 150 24
56 430 517 32 219
57 126 836 187 392
58 320 761 2 59
59 629 169 140 148
60 1 782 238 463
61 261 562 125 61
62 358 992 218 11
63 450 983 235 117
64 529 252 198 98
65 410 569 27 147
66 350 978 107 106
67 902 735 69 388
68 600 379 244 324
69 290 262 2 116
70 464 990 31 3
71 938 247 140 414
72 507 64 73 178
73 83 179 55 325
74 177 65 88 296
75 349 531 74 325
76 847 610 9 199
77 93 205 237 226
78 954 895 209 221
79 540 483 194 8
80 148 950 171 470
81 405 850 7 277
82 280 307 177 325
83 585 233 17 22
84 38 875 148 18
85 495 503 138 30
86 218 433 123 129
87 750 77 193 445
88 850 185 56 248
89 257 27 19 393
90 250 606 43 445
91 558 97 70 153
92 568 4 143 158
93 654 523 230 203
94 251 546 231 423
95 358 751 210 401
96 849 763 143 68
97 601 481 177 171
98 70 538 142 45
99 714 109 193 391
100 766 562 0 0
endpoint1 endpoint2 weight
1 2 816
1 3 1138
1 4 577
1 5 556
1 6 924
1 7 437
1 8 196
1 9 231
1 10 803
1 11 1121
1 12 257
1 13 543
1 14 764
1 15 598
1 16 358
1 17 809
1 18 223
1 19 864
1 20 993
1 21 55
1 22 779
1 23 788
1 24 294
1 25 851
1 26 255
1 27 95
1 28 337
1 29 881
1 30 916
1 31 1071
1 32 1060
1 33 375
1 34 936
1 35 513
1 36 331
1 37 721
1 38 1165
1 39 770
1 40 633
1 41 487
1 42 545
1 43 562
1 44 94
1 45 1138
1 46 786
1 47 562
1 48 793
1 49 971
1 50 1215
1 51 378
1 52 1111
1 53 848
1 54 331
1 55 637
1 56 645
1 57 817
1 58 638
1 59 806
1 60 948
1 61 764
1 62 587
1 63 494
1 64 778
1 65 632
1 66 593
1 67 182
1 68 633
1 69 920
1 70 482
1 71 667
1 72 953
1 73 1128
1 74 1141
1 75 703
1 76 317
1 77 1104
1 78 24
1 79 587
1 80 792
1 81 538
1 82 896
1 83 767
1 84 902
1 85 605
1 86 867
1 87 858
1 88 734
1 89 1119
1 90 755
1 91 901
1 92 982
1 93 484
1 94 780
1 95 604
1 96 175
1 97 549
1 98 947
1 99 835
1 100 392
2 1 816
2 3 703
2 4 899
2 5 265
2 6 832
2 7 915
2 8 739
2 9 833
2 10 880
2 11 873
2 12 575
2 13 741
2 14 878
2 15 786
2 16 611
2 17 869
2 18 782
2 19 980
2 20 839
2 21 813
2 22 776
2 23 518
2 24 888
2 25 97
2 26 687
2 27 864
2 28 589
2 29 536
2 30 571
2 31 595
2 32 854
2 33 752
2 34 376
2 35 651
2 36 868
2 37 444
2 38 841
2 39 1071
2 40 757
2 41 350
2 42 292
2 43 672
2 44 726
2 45 787
2 46 787
2 47 255
2 48 856
2 49 867
2 50 786
2 51 455
2 52 615
2 53 762
2 54 558
2 55 800
2 56 474
2 57 43
2 58 229
2 59 871
2 60 157
2 61 345
2 62 261
2 63 343
2 64 746
2 65 422
2 66 248
2 67 792
2 68 690
2 69 638
2 70 358
2 71 1030
2 72 900
2 73 701
2 74 815
2 75 414
2 76 772
2 77 674
2 78 831
2 79 574
2 80 76
2 81 283
2 82 592
2 83 793
2 84 87
2 85 528
2 86 455
2 87 1017
2 88 1004
2 89 862
2 90 300
2 91 894
2 92 981
2 93 638
2 94 356
2 95 267
2 96 735
2 97 621
2 98 345
2 99 970
2 100 716
3 1 1138
3 2 703
3 4 793
3 5 745
3 6 398
3 7 925
3 8 959
3 9 999
3 10 571
3 11 252
3 12 1009
3 13 682
3 14 605
3 15 668
3 16 783
3 17 554
3 18 965
3 19 632
3 20 335
3 21 1101
3 22 489
3 23 350
3 24 1006
3 25 792
3 26 893
3 27 1124
3 28 801
3 29 258
3 30 223
3 31 110
3 32 285
3 33 830
3 34 328
3 35 656
3 36 959
3 37 425
3 38 170
3 39 832
3 40 613
3 41 740
3 42 710
3 43 621
3 44 1054
3 45 117
3 46 492
3 47 774
3 48 554
3 49 392
3 50 87
3 51 944
3 52 101
3 53 406
3 54 811
3 55 645
3 56 494
3 57 662
3 58 635
3 59 558
3 60 610
3 61 429
3 62 864
3 63 891
3 64 464
3 65 518
3 66 848
3 67 1001
3 68 566
3 69 234
3 70 903
3 71 869
3 72 450
3 73 12
3 74 154
3 75 450
3 76 888
3 77 35
3 78 1138
3 79 560
3 80 777
3 81 751
3 82 246
3 83 517
3 84 699
3 85 535
3 86 295
3 87 686
3 88 779
3 89 239
3 90 465
3 91 493
3 92 526
3 93 678
3 94 411
3 95 642
3 96 974
3 97 611
3 98 362
3 99 646
3 100 794
4 1 577
4 2 899
4 3 793
4 5 686
4 6 443
4 7 166
4 8 396
4 9 350
4 10 271
4 11 667
4 12 650
4 13 160
4 14 227
4 15 134
4 16 347
4 17 284
4 18 355
4 19 301
4 20 524
4 21 523
4 22 310
4 23 515
4 24 306
4 25 982
4 26 369
4 27 507
4 28 387
4 29 594
4 30 606
4 31 779
4 32 599
4 33 223
4 34 766
4 35 249
4 36 257
4 37 520
4 38 743
4 39 208
4 40 187
4 41 598
4 42 637
4 43 235
4 44 545
4 45 740
4 46 311
4 47 718
4 48 274
4 49 480
4 50 844
4 51 695
4 52 818
4 53 396
4 54 431
4 55 149
4 56 452
4 57 873
4 58 673
4 59 280
4 60 953
4 61 626
4 62 812
4 63 753
4 64 332
4 65 492
4 66 806
4 67 395
4 68 250
4 69 564
4 70 752
4 71 134
4 72 441
4 73 782
4 74 726
4 75 532
4 76 266
4 77 767
4 78 562
4 79 338
4 80 926
4 81 672
4 82 569
4 83 285
4 84 968
4 85 387
4 86 636
4 87 285
4 88 160
4 89 670
4 90 652
4 91 381
4 92 440
4 93 264
4 94 630
4 95 637
4 96 420
4 97 282
4 98 801
4 99 271
4 100 233
5 1 556
5 2 265
5 3 745
5 4 686
5 6 737
5 7 674
5 8 476
5 9 572
5 10 731
5 11 844
5 12 327
5 13 537
5 14 717
5 15 591
5 16 364
5 17 725
5 18 521
5 19 829
5 20 769
5 21 550
5 22 640
5 23 449
5 24 631
5 25 319
5 26 428
5 27 600
5 28 336
5 29 511
5 30 552
5 31 649
5 32 806
5 33 510
5 34 454
5 35 445
5 36 615
5 37 357
5 38 842
5 39 877
5 40 577
5 41 93
5 42 53
5 43 480
5 44 464
5 45 796
5 46 652
5 47 37
5 48 709
5 49 780
5 50 831
5 51 221
5 52 682
5 53 656
5 54 300
5 55 615
5 56 338
5 57 262
5 58 114
5 59 725
5 60 393
5 61 317
5 62 143
5 63 146
5 64 617
5 65 284
5 66 132
5 67 529
5 68 519
5 69 598
5 70 159
5 71 819
5 72 798
5 73 739
5 74 815
5 75 324
5 76 520
5 77 711
5 78 569
5 79 400
5 80 259
5 81 19
5 82 556
5 83 650
5 84 350
5 85 366
5 86 452
5 87 856
5 88 812
5 89 836
5 90 282
5 91 775
5 92 868
5 93 424
5 94 335
5 95 106
5 96 471
5 97 429
5 98 447
5 99 812
5 100 478
6 1 924
6 2 832
6 3 398
6 4 443
6 5 737
6 7 600
6 8 729
6 9 733
6 10 184
6 11 225
6 12 884
6 13 388
6 14 225
6 15 346
6 16 581
6 17 168
6 18 714
6 19 235
6 20 81
6 21 877
6 22 148
6 23 314
6 24 715
6 25 928
6 26 672
6 27 882
6 28 615
6 29 319
6 30 300
6 31 428
6 32 157
6 33 560
6 34 531
6 35 415
6 36 664
6 37 394
6 38 306
6 39 439
6 40 299
6 41 683
6 42 686
6 43 363
6 44 859
6 45 315
6 46 142
6 47 772
6 48 173
6 49 48
6 50 426
6 51 867
6 52 458
6 53 84
6 54 644
6 55 311
6 56 399
6 57 793
6 58 658
6 59 172
6 60 809
6 61 487
6 62 879
6 63 864
6 64 147
6 65 453
6 66 866
6 67 755
6 68 293
6 69 226
6 70 871
6 71 490
6 72 70
6 73 387
6 74 294
6 75 428
6 76 622
6 77 382
6 78 917
6 79 371
6 80 889
6 81 733
6 82 264
6 83 165
6 84 868
6 85 385
6 86 399
6 87 289
6 88 391
6 89 228
6 90 532
6 91 96
6 92 156
6 93 446
6 94 477
6 95 641
6 96 749
6 97 386
6 98 576
6 99 250
6 100 535
7 1 437
7 2 915
7 3 925
7 4 166
7 5 674
7 6 600
7 8 280
7 9 207
7 10 435
7 11 821
7 12 560
7 13 245
7 14 390
7 15 260
7 16 310
7 17 446
7 18 229
7 19 466
7 20 679
7 21 383
7 22 459
7 23 615
7 24 148
7 25 987
7 26 280
7 27 357
7 28 341
7 29 702
7 30 722
7 31 896
7 32 754
7 33 165
7 34 849
7 35 300
7 36 107
7 37 596
7 38 892
7 39 336
7 40 315
7 41 582
7 42 631
7 43 315
7 44 423
7 45 883
7 46 461
7 47 701
7 48 434
7 49 639
7 50 983
7 51 630
7 52 937
7 53 544
7 54 383
7 55 291
7 56 518
7 57 896
7 58 688
7 59 442
7 60 994
7 61 691
7 62 782
7 63 709
7 64 474
7 65 544
7 66 779
7 67 262
7 68 360
7 69 691
7 70 704
7 71 231
7 72 603
7 73 914
7 74 873
7 75 600
7 76 166
7 77 896
7 78 419
7 79 407
7 80 928
7 81 658
7 82 688
7 83 436
7 84 992
7 85 452
7 86 730
7 87 446
7 88 308
7 89 823
7 90 708
7 91 544
7 92 606
7 93 296
7 94 699
7 95 649
7 96 303
7 97 346
7 98 879
7 99 436
7 100 200
8 1 196
8 2 739
8 3 959
8 4 396
8 5 476
8 6 729
8 7 280
8 9 101
8 10 609
8 11 928
8 12 284
8 13 347
8 14 570
8 15 403
8 16 179
8 17 614
8 18 55
8 19 673
8 20 799
8 21 149
8 22 583
8 23 612
8 24 172
8 25 793
8 26 68
8 27 166
8 28 172
8 29 706
8 30 738
8 31 901
8 32 866
8 33 182
8 34 788
8 35 320
8 36 181
8 37 554
8 38 976
8 39 598
8 40 437
8 41 390
8 42 448
8 43 368
8 44 149
8 45 952
8 46 591
8 47 494
8 48 598
8 49 775
8 50 1033
8 51 371
8 52 942
8 53 653
8 54 188
8 55 442
8 56 475
8 57 730
8 58 530
8 59 611
8 60 850
8 61 615
8 62 553
8 63 468
8 64 583
8 65 471
8 66 554
8 67 54
8 68 438
8 69 735
8 70 460
8 71 500
8 72 757
8 73 949
8 74 952
8 75 542
8 76 130
8 77 926
8 78 189
8 79 402
8 80 733
8 81 458
8 82 715
8 83 571
8 84 823
8 85 426
8 86 702
8 87 670
8 88 555
8 89 926
8 90 614
8 91 705
8 92 787
8 93 291
8 94 629
8 95 492
8 96 24
8 97 358
8 98 805
8 99 645
8 100 196
9 1 231
9 2 833
9 3 999
9 4 350
9 5 572
9 6 733
9 7 207
9 8 101
9 10 593
9 11 943
9 12 380
9 13 345
9 14 551
9 15 391
9 16 243
9 17 601
9 18 51
9 19 644
9 20 807
9 21 177
9 22 585
9 23 659
9 24 74
9 25 890
9 26 147
9 27 158
9 28 251
9 29 753
9 30 781
9 31 950
9 32 878
9 33 175
9 34 855
9 35 344
9 36 101
9 37 611
9 38 999
9 39 540
9 40 434
9 41 484
9 42 541
9 43 385
9 44 222
9 45 980
9 46 591
9 47 592
9 48 586
9 49 777
9 50 1069
9 51 472
9 52 991
9 53 663
9 54 276
9 55 429
9 56 530
9 57 822
9 58 618
9 59 598
9 60 938
9 61 683
9 62 653
9 63 569
9 64 591
9 65 536
9 66 654
9 67 61
9 68 451
9 69 769
9 70 561
9 71 437
9 72 752
9 73 989
9 74 977
9 75 604
9 76 113
9 77 967
9 78 214
9 79 441
9 80 830
9 81 554
9 82 754
9 83 569
9 84 916
9 85 474
9 86 758
9 87 634
9 88 505
9 89 942
9 90 688
9 91 696
9 92 771
9 93 322
9 94 696
9 95 580
9 96 116
9 97 389
9 98 876
9 99 615
9 100 207
10 1 803
10 2 880
10 3 571
10 4 271
10 5 731
10 6 184
10 7 435
10 8 609
10 9 593
10 11 405
10 12 809
10 13 264
10 14 45
10 15 206
10 16 490
10 17 18
10 18 583
10 19 100
10 20 263
10 21 752
10 22 109
10 23 389
10 24 564
10 25 973
10 26 561
10 27 748
10 28 529
10 29 433
10 30 429
10 31 584
10 32 338
10 33 429
10 34 640
10 35 326
10 36 512
10 37 440
10 38 490
10 39 263
10 40 180
10 41 661
10 42 679
10 43 275
10 44 751
10 45 496
10 46 100
10 47 767
10 48 25
10 49 213
10 50 607
10 51 817
10 52 618
10 53 169
10 54 567
10 55 167
10 56 410
10 57 845
10 58 676
10 59 14
10 60 889
10 61 549
10 62 873
10 63 839
10 64 142
10 65 465
10 66 862
10 67 625
10 68 217
10 69 365
10 70 843
10 71 307
10 72 170
10 73 560
10 74 477
10 75 468
10 76 489
10 77 551
10 78 793
10 79 333
10 80 926
10 81 723
10 82 389
10 83 88
10 84 931
10 85 367
10 86 501
10 87 141
10 88 209
10 89 410
10 90 589
10 91 110
10 92 180
10 93 357
10 94 545
10 95 650
10 96 631
10 97 317
10 98 682
10 99 93
10 100 415
11 1 1121
11 2 873
11 3 252
11 4 667
11 5 844
11 6 225
11 7 821
11 8 928
11 9 943
11 10 405
11 12 1047
11 13 600
11 14 448
11 15 565
11 16 767
11 17 390
11 18 919
11 19 437
11 20 144
11 21 1077
11 22 364
11 23 396
11 24 932
11 25 968
11 26 867
11 27 1087
11 28 796
11 29 343
11 30 304
11 31 333
11 32 68
11 33 768
11 34 515
11 35 609
11 36 881
11 37 488
11 38 99
11 39 650
11 40 514
11 41 811
11 42 799
11 43 562
11 44 1049
11 45 137
11 46 361
11 47 878
11 48 397
11 49 193
11 50 240
11 51 1009
11 52 344
11 53 282
11 54 819
11 55 532
11 56 527
11 57 831
11 58 746
11 59 394
11 60 810
11 61 546
11 62 980
11 63 984
11 64 353
11 65 571
11 66 965
11 67 960
11 68 493
11 69 247
11 70 993
11 71 711
11 72 246
11 73 245
11 74 102
11 75 521
11 76 831
11 77 256
11 78 1116
11 79 541
11 80 941
11 81 845
11 82 291
11 83 386
11 84 888
11 85 538
11 86 419
11 87 488
11 88 608
11 89 14
11 90 590
11 91 303
11 92 303
11 93 638
11 94 530
11 95 740
11 96 947
11 97 573
11 98 557
11 99 458
11 100 740
12 1 257
12 2 575
12 3 1009
12 4 650
12 5 327
12 6 884
12 7 560
12 8 284
12 9 380
12 10 809
12 11 1047
12 13 553
12 14 779
12 15 615
12 16 321
12 17 809
12 18 339
12 19 891
12 20 939
12 21 272
12 22 751
12 23 670
12 24 453
12 25 601
12 26 284
12 27 329
12 28 281
12 29 754
12 30 793
12 31 926
12 32 995
12 33 428
12 34 757
12 35 484
12 36 465
12 37 586
12 38 1070
12 39 857
12 40 630
12 41 283
12 42 332
12 43 536
12 44 181
12 45 1034
12 46 762
12 47 324
12 48 792
12 49 931
12 50 1092
12 51 124
12 52 963
12 53 800
12 54 243
12 55 652
12 56 526
12 57 581
12 58 427
12 59 808
12 60 716
12 61 595
12 62 333
12 63 241
12 64 740
12 65 493
12 66 341
12 67 320
12 68 602
12 69 817
12 70 227
12 71 769
12 72 929
12 73 1001
12 74 1044
12 75 560
12 76 397
12 77 974
12 78 276
12 79 514
12 80 543
12 81 311
12 82 783
12 83 749
12 84 660
12 85 510
12 86 718
12 87 900
12 88 806
12 89 1042
12 90 574
12 91 887
12 92 978
12 93 453
12 94 614
12 95 400
12 96 265
12 97 501
12 98 758
12 99 866
12 100 419
13 1 543
13 2 741
13 3 682
13 4 160
13 5 537
13 6 388
13 7 245
13 8 347
13 9 345
13 10 264
13 11 600
13 12 553
13 14 229
13 15 63
13 16 233
13 17 268
13 18 327
13 19 339
13 20 463
13 21 493
13 22 241
13 23 373
13 24 333
13 25 825
13 26 298
13 27 495
13 28 274
13 29 459
13 30 478
13 31 652
13 32 534
13 33 172
13 34 616
13 35 93
13 36 283
13 37 365
13 38 661
13 39 340
13 40 91
13 41 452
13 42 487
13 43 77
13 44 487
13 45 647
13 46 247
13 47 571
13 48 252
13 49 433
13 50 743
13 51 576
13 52 692
13 53 319
13 54 315
13 55 100
13 56 294
13 57 715
13 58 516
13 59 266
13 60 794
13 61 469
13 62 669
13 63 618
13 64 247
13 65 333
13 66 662
13 67 369
13 68 117
13 69 448
13 70 619
13 71 290
13 72 411
13 73 671
13 74 640
13 75 376
13 76 234
13 77 653
13 78 534
13 79 179
13 80 770
13 81 525
13 82 444
13 83 226
13 84 809
13 85 228
13 86 491
13 87 348
13 88 277
13 89 600
13 90 494
13 91 358
13 92 441
13 93 115
13 94 474
13 95 481
13 96 370
13 97 123
13 98 649
13 99 314
13 100 152
14 1 764
14 2 878
14 3 605
14 4 227
14 5 717
14 6 225
14 7 390
14 8 570
14 9 551
14 10 45
14 11 448
14 12 779
14 13 229
14 15 169
14 16 459
14 17 59
14 18 543
14 19 114
14 20 305
14 21 713
14 22 126
14 23 400
14 24 520
14 25 970
14 26 525
14 27 707
14 28 499
14 29 453
14 30 452
14 31 612
14 32 380
14 33 390
14 34 655
14 35 298
14 36 469
14 37 443
14 38 530
14 39 233
14 40 150
14 41 643
14 42 665
14 43 249
14 44 714
14 45 535
14 46 119
14 47 753
14 48 53
14 49 257
14 50 644
14 51 792
14 52 648
14 53 200
14 54 538
14 55 130
14 56 405
14 57 844
14 58 668
14 59 55
14 60 894
14 61 554
14 62 858
14 63 819
14 64 158
14 65 459
14 66 848
14 67 585
14 68 199
14 69 392
14 70 822
14 71 267
14 72 215
14 73 594
14 74 516
14 75 469
14 76 448
14 77 584
14 78 753
14 79 318
14 80 921
14 81 708
14 82 412
14 83 99
14 84 932
14 85 357
14 86 516
14 87 141
14 88 175
14 89 452
14 90 592
14 91 155
14 92 221
14 93 328
14 94 551
14 95 640
14 96 593
14 97 295
14 98 696
14 99 95
14 100 377
15 1 598
15 2 786
15 3 668
15 4 134
15 5 591
15 6 346
15 7 260
15 8 403
15 9 391
15 10 206
15 11 565
15 12 615
15 13 63
15 14 169
15 16 295
15 17 212
15 18 378
15 19 277
15 20 424
15 21 547
15 22 201
15 23 381
15 24 370
15 25 872
15 26 356
15 27 544
15 28 336
15 29 461
15 30 474
15 31 648
15 32 498
15 33 223
15 34 633
15 35 149
15 36 318
15 37 388
15 38 632
15 39 288
15 40 56
15 41 509
15 42 540
15 43 114
15 44 545
15 45 623
15 46 205
15 47 625
15 48 197
15 49 389
15 50 724
15 51 638
15 52 687
15 53 285
15 54 377
15 55 40
15 56 325
15 57 757
15 58 563
15 59 210
15 60 829
15 61 496
15 62 726
15 63 677
15 64 215
15 65 369
15 66 718
15 67 420
15 68 116
15 69 436
15 70 678
15 71 251
15 72 362
15 73 657
15 74 613
15 75 404
15 76 284
15 77 641
15 78 587
15 79 214
15 80 818
15 81 580
15 82 438
15 83 182
15 84 850
15 85 262
15 86 502
15 87 286
15 88 222
15 89 566
15 90 526
15 91 306
15 92 385
15 93 174
15 94 499
15 95 529
15 96 426
15 97 166
15 98 669
15 99 251
15 100 209
16 1 358
16 2 611
16 3 783
16 4 347
16 5 364
16 6 581
16 7 310
16 8 179
16 9 243
16 10 490
16 11 767
16 12 321
16 13 233
16 14 459
16 15 295
16 17 491
16 18 197
16 19 571
16 20 644
16 21 319
16 22 441
16 23 434
16 24 284
16 25 679
16 26 112
16 27 344
16 28 41
16 29 529
16 30 561
16 31 722
16 32 708
16 33 146
16 34 613
16 35 169
16 36 258
16 37 376
16 38 807
16 39 552
16 40 311
16 41 272
16 42 323
16 43 221
16 44 282
16 45 780
16 46 450
16 47 392
16 48 474
16 49 628
16 50 858
16 51 350
16 52 763
16 53 500
16 54 85
16 55 332
16 56 296
16 57 595
16 58 388
16 59 490
16 60 703
16 61 441
16 62 476
16 63 409
16 64 434
16 65 295
16 66 472
16 67 226
16 68 290
16 69 562
16 70 407
16 71 476
16 72 619
16 73 773
16 74 783
16 75 365
16 76 162
16 77 749
16 78 356
16 79 229
16 80 620
16 81 348
16 82 539
16 83 435
16 84 691
16 85 249
16 86 523
16 87 580
16 88 495
16 89 764
16 90 445
16 91 573
16 92 662
16 93 137
16 94 455
16 95 348
16 96 192
16 97 196
16 98 633
16 99 546
16 100 119
17 1 809
17 2 869
17 3 554
17 4 284
17 5 725
17 6 168
17 7 446
17 8 614
17 9 601
17 10 18
17 11 390
17 12 809
17 13 268
17 14 59
17 15 212
17 16 491
17 18 590
17 19 111
17 20 247
17 21 758
17 22 96
17 23 375
17 24 573
17 25 963
17 26 565
17 27 755
17 28 530
17 29 418
17 30 413
17 31 567
17 32 322
17 33 435
17 34 625
17 35 325
17 36 522
17 37 429
17 38 473
17 39 280
17 40 181
17 41 655
17 42 672
17 43 274
17 44 755
17 45 480
17 46 86
17 47 761
17 48 17
17 49 199
17 50 590
17 51 815
17 52 601
17 53 153
17 54 567
17 55 173
17 56 400
17 57 834
17 58 667
17 59 5
17 60 876
17 61 537
17 62 867
17 63 834
17 64 128
17 65 456
17 66 856
17 67 632
17 68 213
17 69 348
17 70 838
17 71 323
17 72 158
17 73 543
17 74 460
17 75 457
17 76 495
17 77 534
17 78 798
17 79 327
17 80 916
17 81 717
17 82 372
17 83 77
17 84 919
17 85 360
17 86 486
17 87 155
17 88 226
17 89 395
17 90 577
17 91 98
17 92 174
17 93 357
17 94 532
17 95 642
17 96 636
17 97 314
17 98 668
17 99 107
17 100 419
18 1 223
18 2 782
18 3 965
18 4 355
18 5 521
18 6 714
18 7 229
18 8 55
18 9 51
18 10 583
18 11 919
18 12 339
18 13 327
18 14 543
18 15 378
18 16 197
18 17 590
18 19 641
18 20 786
18 21 171
18 22 567
18 23 621
18 24 118
18 25 839
18 26 96
18 27 169
18 28 202
18 29 715
18 30 745
18 31 911
18 32 856
18 33 156
18 34 810
18 35 314
18 36 128
18 37 570
18 38 971
18 39 554
18 40 417
18 41 433
18 42 490
18 43 358
18 44 195
18 45 950
18 46 573
18 47 541
18 48 574
18 49 759
18 50 1036
18 51 425
18 52 953
18 53 641
18 54 225
18 55 417
18 56 489
18 57 771
18 58 568
18 59 587
18 60 888
18 61 638
18 62 604
18 63 520
18 64 570
18 65 491
18 66 604
18 67 43
18 68 427
18 69 737
18 70 513
18 71 454
18 72 737
18 73 954
18 74 949
18 75 561
18 76 95
18 77 932
18 78 211
18 79 406
18 80 779
18 81 503
18 82 719
18 83 552
18 84 865
18 85 435
18 86 717
18 87 635
18 88 514
18 89 918
18 90 641
18 91 683
18 92 762
18 93 289
18 94 651
18 95 529
18 96 75
18 97 357
18 98 830
18 99 613
18 100 180
19 1 864
19 2 980
19 3 632
19 4 301
19 5 829
19 6 235
19 7 466
19 8 673
19 9 644
19 10 100
19 11 437
19 12 891
19 13 339
19 14 114
19 15 277
19 16 571
19 17 111
19 18 641
19 20 304
19 21 812
19 22 206
19 23 484
19 24 606
19 25 1073
19 26 631
19 27 801
19 28 611
19 29 522
19 30 513
19 31 658
19 32 373
19 33 492
19 34 732
19 35 412
19 36 556
19 37 539
19 38 529
19 39 215
19 40 264
19 41 756
19 42 776
19 43 363
19 44 819
19 45 546
19 46 196
19 47 865
19 48 125
19 49 248
19 50 658
19 51 906
19 52 690
19 53 251
19 54 650
19 55 240
19 56 509
19 57 945
19 58 775
19 59 109
19 60 986
19 61 647
19 62 970
19 63 933
19 64 238
19 65 564
19 66 959
19 67 683
19 68 311
19 69 445
19 70 936
19 71 291
19 72 192
19 73 622
19 74 521
19 75 567
19 76 547
19 77 617
19 78 851
19 79 429
19 80 1026
19 81 820
19 82 473
19 83 187
19 84 1030
19 85 466
19 86 593
19 87 54
19 88 184
19 89 444
19 90 688
19 91 140
19 92 152
19 93 442
19 94 643
19 95 749
19 96 696
19 97 409
19 98 775
19 99 31
19 100 483
20 1 993
20 2 839
20 3 335
20 4 524
20 5 769
20 6 81
20 7 679
20 8 799
20 9 807
20 10 263
20 11 144
20 12 939
20 13 463
20 14 305
20 15 424
20 16 644
20 17 247
20 18 786
20 19 304
20 21 947
20 22 223
20 23 328
20 24 792
20 25 935
20 26 740
20 27 954
20 28 676
20 29 309
20 30 281
20 31 381
20 32 76
20 33 633
20 34 513
20 35 481
20 36 741
20 37 416
20 38 228
20 39 514
20 40 375
20 41 723
20 42 720
20 43 431
20 44 925
20 45 242
20 46 219
20 47 804
20 48 254
20 49 58
20 50 354
20 51 913
20 52 406
20 53 146
20 54 703
20 55 390
20 56 435
20 57 798
20 58 681
20 59 251
20 60 801
20 61 496
20 62 909
20 63 901
20 64 217
20 65 486
20 66 896
20 67 827
20 68 361
20 69 206
20 70 909
20 71 569
20 72 116
20 73 325
20 74 217
20 75 450
20 76 695
20 77 324
20 78 987
20 79 426
20 80 900
20 81 767
20 82 250
20 83 244
20 84 868
20 85 432
20 86 391
20 87 358
20 88 469
20 89 148
20 90 542
20 91 166
20 92 193
20 93 511
20 94 484
20 95 668
20 96 818
20 97 449
20 98 558
20 99 322
20 100 607
21 1 55
21 2 813
21 3 1101
21 4 523
21 5 550
21 6 877
21 7 383
21 8 149
21 9 177
21 10 752
21 11 1077
21 12 272
21 13 493
21 14 713
21 15 547
21 16 319
21 17 758
21 18 171
21 19 812
21 20 947
21 22 731
21 23 752
21 24 241
21 25 853
21 26 211
21 27 58
21 28 303
21 29 846
21 30 879
21 31 1038
21 32 1015
21 33 324
21 34 911
21 35 468
21 36 277
21 37 688
21 38 1123
21 39 716
21 40 583
21 41 475
21 42 533
21 43 516
21 44 92
21 45 1097
21 46 738
21 47 559
21 48 743
21 49 923
21 50 1177
21 51 389
21 52 1079
21 53 801
21 54 302
21 55 586
21 56 611
21 57 811
21 58 624
21 59 756
21 60 939
21 61 738
21 62 594
21 63 502
21 64 731
21 65 601
21 66 598
21 67 129
21 68 586
21 69 880
21 70 490
21 71 613
21 72 904
21 73 1091
21 74 1099
21 75 673
21 76 265
21 77 1067
21 78 41
21 79 547
21 80 794
21 81 532
21 82 858
21 83 718
21 84 899
21 85 567
21 86 835
21 87 804
21 88 680
21 89 1074
21 90 732
21 91 851
21 92 931
21 93 439
21 94 754
21 95 589
21 96 130
21 97 506
21 98 924
21 99 783
21 100 343
22 1 779
22 2 776
22 3 489
22 4 310
22 5 640
22 6 148
22 7 459
22 8 583
22 9 585
22 10 109
22 11 364
22 12 751
22 13 241
22 14 126
22 15 201
22 16 441
22 17 96
22 18 567
22 19 206
22 20 223
22 21 731
22 23 280
22 24 569
22 25 870
22 26 527
22 27 735
22 28 476
22 29 328
22 30 327
22 31 489
22 32 297
22 33 412
22 34 532
22 35 273
22 36 518
22 37 334
22 38 434
22 39 358
22 40 152
22 41 576
22 42 588
22 43 220
22 44 716
22 45 430
22 46 12
22 47 677
22 48 85
22 49 193
22 50 536
22 51 746
22 52 526
22 53 87
22 54 509
22 55 168
22 56 310
22 57 740
22 58 577
22 59 98
22 60 780
22 61 442
22 62 783
22 63 756
22 64 33
22 65 365
22 66 772
22 67 608
22 68 151
22 69 269
22 70 761
22 71 382
22 72 179
22 73 478
22 74 417
22 75 362
22 76 475
22 77 465
22 78 771
22 79 249
22 80 824
22 81 634
22 82 287
22 83 29
22 84 824
22 85 276
22 86 393
22 87 250
22 88 298
22 89 366
22 90 482
22 91 139
22 92 232
22 93 304
22 94 437
22 95 554
22 96 604
22 97 250
22 98 574
22 99 202
22 100 389
23 1 788
23 2 518
23 3 350
23 4 515
23 5 449
23 6 314
23 7 615
23 8 612
23 9 659
23 10 389
23 11 396
23 12 670
23 13 373
23 14 400
23 15 381
23 16 434
23 17 375
23 18 621
23 19 484
23 20 328
23 21 752
23 22 280
23 24 674
23 25 614
23 26 545
23 27 777
23 28 451
23 29 95
23 30 128
23 31 291
23 32 358
23 33 496
23 34 258
23 35 323
23 36 630
23 37 93
23 38 403
23 39 625
23 40 331
23 41 418
23 42 404
23 43 301
23 44 704
23 45 364
23 46 290
23 47 483
23 48 364
23 49 351
23 50 428
23 51 619
23 52 333
23 53 248
23 54 462
23 55 374
23 56 146
23 57 479
23 58 356
23 59 377
23 60 504
23 61 174
23 62 587
23 63 589
23 64 247
23 65 180
23 66 573
23 67 655
23 68 266
23 69 152
23 70 598
23 71 623
23 72 383
23 73 340
23 74 377
23 75 126
23 76 551
23 77 316
23 78 789
23 79 219
23 80 576
23 81 450
23 82 114
23 83 304
23 84 556
23 85 187
23 86 122
23 87 529
23 88 560
23 89 388
23 90 218
23 91 381
23 92 465
23 93 339
23 94 164
23 95 346
23 96 625
23 97 276
23 98 297
23 99 481
23 100 458
24 1 294
24 2 888
24 3 1006
24 4 306
24 5 631
24 6 715
24 7 148
24 8 172
24 9 74
24 10 564
24 11 932
24 12 453
24 13 333
24 14 520
24 15 370
24 16 284
24 17 573
24 18 118
24 19 606
24 20 792
24 21 241
24 22 569
24 23 674
24 25 950
24 26 205
24 27 210
24 28 300
24 29 767
24 30 792
24 31 964
24 32 866
24 33 179
24 34 885
24 35 352
24 36 52
24 37 636
24 38 994
24 39 484
24 40 418
24 41 541
24 42 597
24 43 386
24 44 294
24 45 979
24 46 574
24 47 653
24 48 560
24 49 758
24 50 1072
24 51 543
24 52 1005
24 53 651
24 54 332
24 55 406
24 56 555
24 57 875
24 58 669
24 59 570
24 60 987
24 61 716
24 62 719
24 63 637
24 64 579
24 65 567
24 66 719
24 67 134
24 68 447
24 69 773
24 70 629
24 71 377
24 72 728
24 73 996
24 74 973
24 75 632
24 76 128
24 77 975
24 78 274
24 79 456
24 80 889
24 81 613
24 82 763
24 83 551
24 84 970
24 85 494
24 86 780
24 87 590
24 88 455
24 89 932
24 90 725
24 91 670
24 92 740
24 93 335
24 94 727
24 95 630
24 96 189
24 97 399
24 98 908
24 99 576
24 100 217
25 1 851
25 2 97
25 3 792
25 4 982
25 5 319
25 6 928
25 7 987
25 8 793
25 9 890
25 10 973
25 11 968
25 12 601
25 13 825
25 14 970
25 15 872
25 16 679
25 17 963
25 18 839
25 19 1073
25 20 935
25 21 853
25 22 870
25 23 614
25 24 950
25 26 746
25 27 907
25 28 654
25 29 631
25 30 666
25 31 683
25 32 949
25 33 823
25 34 466
25 35 733
25 36 934
25 37 539
25 38 933
25 39 1158
25 40 846
25 41 410
25 42 357
25 43 758
25 44 764
25 45 879
25 46 881
25 47 300
25 48 949
25 49 963
25 50 873
25 51 478
25 52 701
25 53 858
25 54 619
25 55 888
25 56 565
25 57 137
25 58 310
25 59 964
25 60 207
25 61 441
25 62 270
25 63 361
25 64 840
25 65 512
25 66 261
25 67 845
25 68 780
25 69 734
25 70 375
25 71 1114
25 72 996
25 73 790
25 74 908
25 75 508
25 76 838
25 77 764
25 78 868
25 79 662
25 80 61
25 81 337
25 82 688
25 83 887
25 84 107
25 85 617
25 86 551
25 87 1109
25 88 1092
25 89 956
25 90 396
25 91 989
25 92 1077
25 93 719
25 94 452
25 95 345
25 96 787
25 97 706
25 98 431
25 99 1062
25 100 789
26 1 255
26 2 687
26 3 893
26 4 369
26 5 428
26 6 672
26 7 280
26 8 68
26 9 147
26 10 561
26 11 867
26 12 284
26 13 298
26 14 525
26 15 356
26 16 112
26 17 565
26 18 96
26 19 631
26 20 740
26 21 211
26 22 527
26 23 545
26 24 205
26 25 746
26 27 233
26 28 107
26 29 639
26 30 671
26 31 833
26 32 806
26 33 146
26 34 721
26 35 259
26 36 197
26 37 487
26 38 912
26 39 576
26 40 385
26 41 338
26 42 395
26 43 309
26 44 190
26 45 887
26 46 536
26 47 449
26 48 549
26 49 719
26 50 967
26 51 352
26 52 874
26 53 594
26 54 130
26 55 396
26 56 407
26 57 676
26 58 472
26 59 563
26 60 792
26 61 548
26 62 517
26 63 437
26 64 525
26 65 404
26 66 516
26 67 117
26 68 380
26 69 670
26 70 431
26 71 485
26 72 704
26 73 883
26 74 888
26 75 475
26 76 114
26 77 859
26 78 250
26 79 336
26 80 686
26 81 410
26 82 648
26 83 517
26 84 770
26 85 359
26 86 634
26 87 633
26 88 527
26 89 865
26 90 549
26 91 654
26 92 738
26 93 230
26 94 562
26 95 434
26 96 82
26 97 295
26 98 739
26 99 604
26 100 148
27 1 95
27 2 864
27 3 1124
27 4 507
27 5 600
27 6 882
27 7 357
27 8 166
27 9 158
27 10 748
27 11 1087
27 12 329
27 13 495
27 14 707
27 15 544
27 16 344
27 17 755
27 18 169
27 19 801
27 20 954
27 21 58
27 22 735
27 23 777
27 24 210
27 25 907
27 26 233
27 28 333
27 29 871
27 30 903
27 31 1066
27 32 1024
27 33 323
27 34 947
27 35 480
27 36 253
27 37 718
27 38 1138
27 39 692
27 40 585
27 41 522
27 42 581
27 43 526
27 44 149
27 45 1115
27 46 741
27 47 611
27 48 741
27 49 927
27 50 1198
27 51 445
27 52 1106
27 53 809
27 54 339
27 55 583
27 56 639
27 57 861
27 58 670
27 59 753
27 60 987
27 61 774
27 62 649
27 63 558
27 64 738
27 65 633
27 66 653
27 67 128
27 68 595
27 69 899
27 70 546
27 71 586
27 72 905
27 73 1114
27 74 1115
27 75 705
27 76 262
27 77 1091
27 78 72
27 79 566
27 80 847
27 81 582
27 82 880
27 83 721
27 84 950
27 85 591
27 86 866
27 87 791
27 88 661
27 89 1086
27 90 770
27 91 850
27 92 927
27 93 453
27 94 789
27 95 634
27 96 153
27 97 521
27 98 962
27 99 772
27 100 348
28 1 337
28 2 589
28 3 801
28 4 387
28 5 336
28 6 615
28 7 341
28 8 172
28 9 251
28 10 529
28 11 796
28 12 281
28 13 274
28 14 499
28 15 336
28 16 41
28 17 530
28 18 202
28 19 611
28 20 676
28 21 303
28 22 476
28 23 451
28 24 300
28 25 654
28 26 107
28 27 333
28 29 545
28 30 579
28 31 736
28 32 738
28 33 180
28 34 616
28 35 206
28 36 280
28 37 387
28 38 832
28 39 593
28 40 350
28 41 244
28 42 298
28 43 258
28 44 256
28 45 803
28 46 486
28 47 361
28 48 513
28 49 662
28 50 878
28 51 309
28 52 777
28 53 533
28 54 45
28 55 372
28 56 309
28 57 575
28 58 370
28 59 528
28 60 688
28 61 443
28 62 441
28 63 372
28 64 469
28 65 301
28 66 438
28 67 223
28 68 326
28 69 585
28 70 369
28 71 515
28 72 655
28 73 791
28 74 808
28 75 372
28 76 185
28 77 767
28 78 338
28 79 255
28 80 594
28 81 319
28 82 559
28 83 472
28 84 670
28 85 269
28 86 534
28 87 621
28 88 536
28 89 792
28 90 442
28 91 610
28 92 700
28 93 174
28 94 457
28 95 330
28 96 180
28 97 229
28 98 633
28 99 586
28 100 156
29 1 881
29 2 536
29 3 258
29 4 594
29 5 511
29 6 319
29 7 702
29 8 706
29 9 753
29 10 433
29 11 343
29 12 754
29 13 459
29 14 453
29 15 461
29 16 529
29 17 418
29 18 715
29 19 522
29 20 309
29 21 846
29 22 328
29 23 95
29 24 767
29 25 631
29 26 639
29 27 871
29 28 545
29 30 41
29 31 198
29 32 319
29 33 589
29 34 213
29 35 415
29 36 722
29 37 169
29 38 331
29 39 684
29 40 408
29 41 492
29 42 470
29 43 389
29 44 797
29 45 286
29 46 336
29 47 543
29 48 410
29 49 346
29 50 339
29 51 696
29 52 239
29 53 273
29 54 554
29 55 448
29 56 237
29 57 494
29 58 408
29 59 421
29 60 493
29 61 204
29 62 642
29 63 655
29 64 296
29 65 262
29 66 627
29 67 750
29 68 347
29 69 104
29 70 666
29 71 694
29 72 389
29 73 249
29 74 304
29 75 197
29 76 644
29 77 223
29 78 882
29 79 312
29 80 601
29 81 514
29 82 59
29 83 355
29 84 560
29 85 281
29 86 83
29 87 571
29 88 621
29 89 333
29 90 248
29 91 402
29 92 474
29 93 433
29 94 188
29 95 406
29 96 720
29 97 368
29 98 257
29 99 524
29 100 551
30 1 916
30 2 571
30 3 223
30 4 606
30 5 552
30 6 300
30 7 722
30 8 738
30 9 781
30 10 429
30 11 304
30 12 793
30 13 478
30 14 452
30 15 474
30 16 561
30 17 413
30 18 745
30 19 513
30 20 281
30 21 879
30 22 327
30 23 128
30 24 792
30 25 666
30 26 671
30 27 903
30 28 579
30 29 41
30 31 175
30 32 284
30 33 615
30 34 233
30 35 441
30 36 746
30 37 208
30 38 291
30 39 685
30 40 420
30 41 532
30 42 511
30 43 411
30 44 832
30 45 246
30 46 334
30 47 584
30 48 407
30 49 322
30 50 301
30 51 736
30 52 215
30 53 263
30 54 590
30 55 459
30 56 273
30 57 529
30 58 448
30 59 416
30 60 522
30 61 243
30 62 682
30 63 695
30 64 295
30 65 301
30 66 667
30 67 780
30 68 363
30 69 76
30 70 706
30 71 700
30 72 369
30 73 213
30 74 264
30 75 237
30 76 671
30 77 189
30 78 916
30 79 340
30 80 637
30 81 555
30 82 41
30 83 354
30 84 592
30 85 313
30 86 116
30 87 564
30 88 623
30 89 294
30 90 287
30 91 387
30 92 455
30 93 460
30 94 227
30 95 447
30 96 752
30 97 394
30 98 278
30 99 518
30 100 578
31 1 1071
31 2 595
31 3 110
31 4 779
31 5 649
31 6 428
31 7 896
31 8 901
31 9 950
31 10 584
31 11 333
31 12 926
31 13 652
31 14 612
31 15 648
31 16 722
31 17 567
31 18 911
31 19 658
31 20 381
31 21 1038
31 22 489
31 23 291
31 24 964
31 25 683
31 26 833
31 27 1066
31 28 736
31 29 198
31 30 175
31 32 349
31 33 786
31 34 219
31 35 612
31 36 919
31 37 351
31 38 267
31 39 845
31 40 593
31 41 651
31 42 617
31 43 584
31 44 984
31 45 211
31 46 494
31 47 675
31 48 564
31 49 434
31 50 192
31 51 854
31 52 42
31 53 415
31 54 742
31 55 631
31 56 427
31 57 553
31 58 537
31 59 571
31 60 501
31 61 336
31 62 763
31 63 794
31 64 460
31 65 442
31 66 747
31 67 945
31 68 538
31 69 221
31 70 807
31 71 868
31 72 490
31 73 108
31 74 246
31 75 371
31 76 841
31 77 84
31 78 1073
31 79 509
31 80 669
31 81 656
31 82 211
31 83 517
31 84 590
31 85 477
31 86 208
31 87 711
31 88 786
31 89 319
31 90 367
31 91 523
31 92 572
31 93 630
31 94 317
31 95 547
31 96 913
31 97 565
31 98 253
31 99 667
31 100 748
32 1 1060
32 2 854
32 3 285
32 4 599
32 5 806
32 6 157
32 7 754
32 8 866
32 9 878
32 10 338
32 11 68
32 12 995
32 13 534
32 14 380
32 15 498
32 16 708
32 17 322
32 18 856
32 19 373
32 20 76
32 21 1015
32 22 297
32 23 358
32 24 866
32 25 949
32 26 806
32 27 1024
32 28 738
32 29 319
32 30 284
32 31 349
32 33 704
32 34 509
32 35 548
32 36 814
32 37 449
32 38 157
32 39 585
32 40 448
32 41 767
32 42 759
32 43 499
32 44 989
32 45 180
32 46 294
32 47 840
32 48 329
32 49 127
32 50 290
32 51 962
32 52 368
32 53 216
32 54 763
32 55 464
32 56 480
32 57 813
32 58 713
32 59 326
32 60 802
32 61 518
32 62 944
32 63 943
32 64 288
32 65 527
32 66 930
32 67 896
32 68 429
32 69 217
32 70 952
32 71 644
32 72 182
32 73 276
32 74 150
32 75 483
32 76 766
32 77 281
32 78 1054
32 79 484
32 80 919
32 81 805
32 82 263
32 83 318
32 84 875
32 85 485
32 86 399
32 87 425
32 88 542
32 89 73
32 90 563
32 91 237
32 92 247
32 93 577
32 94 503
32 95 703
32 96 886
32 97 513
32 98 552
32 99 393
32 100 676
33 1 375
33 2 752
33 3 830
33 4 223
33 5 510
33 6 560
33 7 165
33 8 182
33 9 175
33 10 429
33 11 768
33 12 428
33 13 172
33 14 390
33 15 223
33 16 146
33 17 435
33 18 156
33 19 492
33 20 633
33 21 324
33 22 412
33 23 496
33 24 179
33 25 823
33 26 146
33 27 323
33 28 180
33 29 589
33 30 615
33 31 786
33 32 704
33 34 711
33 35 175
33 36 136
33 37 460
33 38 825
33 39 431
33 40 262
33 41 417
33 42 467
33 43 211
33 44 328
33 45 806
33 46 419
33 47 537
33 48 420
33 49 605
33 50 897
33 51 481
33 52 827
33 53 488
33 54 223
33 55 263
33 56 379
33 57 733
33 58 525
33 59 432
33 60 835
33 61 546
33 62 621
33 63 551
33 64 417
33 65 397
33 66 617
33 67 197
33 68 277
33 69 598
33 70 548
33 71 343
33 72 582
33 73 819
33 74 803
33 75 459
33 76 63
33 77 798
33 78 364
33 79 278
33 80 764
33 81 494
33 82 585
33 83 398
33 84 829
33 85 317
33 86 603
33 87 490
33 88 381
33 89 768
33 90 558
33 91 528
33 92 608
33 93 158
33 94 556
33 95 486
33 96 205
33 97 221
33 98 737
33 99 464
33 100 41
34 1 936
34 2 376
34 3 328
34 4 766
34 5 454
34 6 531
34 7 849
34 8 788
34 9 855
34 10 640
34 11 515
34 12 757
34 13 616
34 14 655
34 15 633
34 16 613
34 17 625
34 18 810
34 19 732
34 20 513
34 21 911
34 22 532
34 23 258
34 24 885
34 25 466
34 26 721
34 27 947
34 28 616
34 29 213
34 30 233
34 31 219
34 32 509
34 33 711
34 35 550
34 36 846
34 37 254
34 38 470
34 39 882
34 40 585
34 41 475
34 42 430
34 43 540
34 44 844
34 45 415
34 46 541
34 47 476
34 48 616
34 49 555
34 50 411
34 51 669
34 52 242
34 53 484
34 54 610
34 55 629
34 56 333
34 57 335
34 58 341
34 59 628
34 60 296
34 61 174
34 62 554
34 63 596
34 64 499
34 65 319
34 66 538
34 67 837
34 68 518
34 69 309
34 70 610
34 71 879
34 72 601
34 73 325
34 74 446
34 75 253
34 76 757
34 77 299
34 78 942
34 79 443
34 80 450
34 81 464
34 82 268
34 83 557
34 84 377
34 85 397
34 86 139
34 87 779
34 88 817
34 89 502
34 90 184
34 91 614
34 92 686
34 93 557
34 94 159
34 95 360
34 96 795
34 97 504
34 98 45
34 99 732
34 100 671
35 1 513
35 2 651
35 3 656
35 4 249
35 5 445
35 6 415
35 7 300
35 8 320
35 9 344
35 10 326
35 11 609
35 12 484
35 13 93
35 14 298
35 15 149
35 16 169
35 17 325
35 18 314
35 19 412
35 20 481
35 21 468
35 22 273
35 23 323
35 24 352
35 25 733
35 26 259
35 27 480
35 28 206
35 29 415
35 30 441
35 31 612
35 32 548
35 33 175
35 34 550
35 36 307
35 37 297
35 38 658
35 39 433
35 40 148
35 41 361
35 42 394
35 43 53
35 44 445
35 45 637
35 46 282
35 47 478
35 48 308
35 49 462
35 50 725
35 51 495
35 52 653
35 53 336
35 54 242
35 55 178
35 56 219
35 57 625
35 58 424
35 59 324
35 60 709
35 61 393
35 62 578
35 63 530
35 64 268
35 65 250
35 66 570
35 67 353
35 68 123
35 69 425
35 70 531
35 71 381
35 72 451
35 73 646
35 74 636
35 75 301
35 76 233
35 77 624
35 78 507
35 79 108
35 80 678
35 81 433
35 82 411
35 83 267
35 84 720
35 85 153
35 86 434
35 87 428
35 88 369
35 89 607
35 90 414
35 91 405
35 92 495
35 93 32
35 94 400
35 95 389
35 96 339
35 97 48
35 98 579
35 99 389
35 100 139
36 1 331
36 2 868
36 3 959
36 4 257
36 5 615
36 6 664
36 7 107
36 8 181
36 9 101
36 10 512
36 11 881
36 12 465
36 13 283
36 14 469
36 15 318
36 16 258
36 17 522
36 18 128
36 19 556
36 20 741
36 21 277
36 22 518
36 23 630
36 24 52
36 25 934
36 26 197
36 27 253
36 28 280
36 29 722
36 30 746
36 31 919
36 32 814
36 33 136
36 34 846
36 35 307
36 37 596
36 38 943
36 39 441
36 40 367
36 41 524
36 42 578
36 43 338
36 44 319
36 45 929
36 46 523
36 47 639
36 48 508
36 49 706
36 50 1023
36 51 545
36 52 960
36 53 599
36 54 316
36 55 354
36 56 515
36 57 853
36 58 646
36 59 518
36 60 960
36 61 680
36 62 712
36 63 633
36 64 528
36 65 531
36 66 711
36 67 157
36 68 397
36 69 725
36 70 627
36 71 337
36 72 676
36 73 948
36 74 923
36 75 594
36 76 97
36 77 928
36 78 313
36 79 413
36 80 873
36 81 598
36 82 716
36 83 499
36 84 949
36 85 453
36 86 738
36 87 541
36 88 409
36 89 881
36 90 691
36 91 619
36 92 689
36 93 293
36 94 690
36 95 606
36 96 202
36 97 355
36 98 872
36 99 526
36 100 176
37 1 721
37 2 444
37 3 425
37 4 520
37 5 357
37 6 394
37 7 596
37 8 554
37 9 611
37 10 440
37 11 488
37 12 586
37 13 365
37 14 443
37 15 388
37 16 376
37 17 429
37 18 570
37 19 539
37 20 416
37 21 688
37 22 334
37 23 93
37 24 636
37 25 539
37 26 487
37 27 718
37 28 387
37 29 169
37 30 208
37 31 351
37 32 449
37 33 460
37 34 254
37 35 297
37 36 596
37 38 493
37 39 656
37 40 346
37 41 327
37 42 311
37 43 289
37 44 634
37 45 452
37 46 345
37 47 391
37 48 416
37 49 434
37 50 507
37 51 530
37 52 391
37 53 320
37 54 391
37 55 390
37 56 82
37 57 407
37 58 266
37 59 430
37 60 452
37 61 112
37 62 496
37 63 496
37 64 303
37 65 94
37 66 482
37 67 601
37 68 276
37 69 243
37 70 506
37 71 639
37 72 461
37 73 416
37 74 466
37 75 35
37 76 509
37 77 390
37 78 723
37 79 190
37 80 497
37 81 358
37 82 203
37 83 353
37 84 491
37 85 145
37 86 148
37 87 580
37 88 589
37 89 480
37 90 149
37 91 451
37 92 539
37 93 305
37 94 112
37 95 255
37 96 565
37 97 251
37 98 284
37 99 532
37 100 421
38 1 1165
38 2 841
38 3 170
38 4 743
38 5 842
38 6 306
38 7 892
38 8 976
38 9 999
38 10 490
38 11 99
38 12 1070
38 13 661
38 14 530
38 15 632
38 16 807
38 17 473
38 18 971
38 19 529
38 20 228
38 21 1123
38 22 434
38 23 403
38 24 994
38 25 933
38 26 912
38 27 1138
38 28 832
38 29 331
38 30 291
38 31 267
38 32 157
38 33 825
38 34 470
38 35 658
38 36 943
38 37 493
38 39 741
38 40 579
38 41 819
38 42 800
38 43 614
38 44 1088
38 45 56
38 46 433
38 47 874
38 48 478
38 49 283
38 50 143
38 51 1022
38 52 269
38 53 349
38 54 851
38 55 602
38 56 545
38 57 799
38 58 738
38 59 478
38 60 762
38 61 531
38 62 972
38 63 985
38 64 418
38 65 582
38 66 957
38 67 1011
38 68 549
38 69 254
38 70 996
38 71 796
38 72 338
38 73 165
38 74 27
38 75 524
38 76 886
38 77 183
38 78 1161
38 79 578
38 80 912
38 81 845
38 82 290
38 83 459
38 84 847
38 85 567
38 86 397
38 87 582
38 88 696
38 89 88
38 90 573
38 91 393
38 92 400
38 93 685
38 94 514
38 95 737
38 96 993
38 97 618
38 98 509
38 99 549
38 100 793
39 1 770
39 2 1071
39 3 832
39 4 208
39 5 877
39 6 439
39 7 336
39 8 598
39 9 540
39 10 263
39 11 650
39 12 857
39 13 340
39 14 233
39 15 288
39 16 552
39 17 280
39 18 554
39 19 215
39 20 514
39 21 716
39 22 358
39 23 625
39 24 484
39 25 1158
39 26 576
39 27 692
39 28 593
39 29 684
39 30 685
39 31 845
39 32 585
39 33 431
39 34 882
39 35 433
39 36 441
39 37 656
39 38 741
39 40 315
39 41 792
39 42 826
39 43 401
39 44 746
39 45 753
39 46 352
39 47 910
39 48 282
39 49 459
39 50 865
39 51 901
39 52 880
39 53 431
39 54 637
39 55 271
39 56 603
39 57 1041
39 58 849
39 59 276
39 60 1105
39 61 767
39 62 1009
39 63 954
39 64 390
39 65 651
39 66 1001
39 67 592
39 68 384
39 69 625
39 70 954
39 71 109
39 72 404
39 73 821
39 74 731
39 75 676
39 76 470
39 77 813
39 78 753
39 79 497
39 80 1105
39 81 864
39 82 644
39 83 331
39 84 1133
39 85 544
39 86 744
39 87 168
39 88 68
39 89 657
39 90 800
39 91 349
39 92 364
39 93 454
39 94 766
39 95 816
39 96 622
39 97 453
39 98 922
39 99 193
39 100 440
40 1 633
40 2 757
40 3 613
40 4 187
40 5 577
40 6 299
40 7 315
40 8 437
40 9 434
40 10 180
40 11 514
40 12 630
40 13 91
40 14 150
40 15 56
40 16 311
40 17 181
40 18 417
40 19 264
40 20 375
40 21 583
40 22 152
40 23 331
40 24 418
40 25 846
40 26 385
40 27 585
40 28 350
40 29 408
40 30 420
40 31 593
40 32 448
40 33 262
40 34 585
40 35 148
40 36 367
40 37 346
40 38 579
40 39 315
40 41 499
40 42 525
40 43 100
40 44 575
40 45 569
40 46 157
40 47 612
40 48 164
40 49 343
40 50 669
40 51 642
40 52 633
40 53 233
40 54 389
40 55 45
40 56 289
40 57 727
40 58 538
40 59 179
40 60 792
40 61 456
40 62 715
40 63 672
40 64 162
40 65 337
40 66 706
40 67 459
40 68 70
40 69 381
40 70 675
