nnodes nedges type capacity P s t
100  4950  graph  1000 100 1 100 
nodename posx posy itemvalue itemweight
1 173 681 0 0
2 536 235 9 50
3 706 706 42 8
4 437 661 34 39
5 234 7 13 46
6 726 537 18 20
7 588 528 50 26
8 203 633 6 50
9 551 808 19 14
10 513 49 21 8
11 625 222 21 17
12 391 805 33 45
13 83 129 31 29
14 174 474 10 39
15 626 376 19 46
16 326 152 19 33
17 409 862 42 27
18 739 116 34 35
19 921 176 34 17
20 129 507 24 46
21 535 207 15 41
22 44 123 16 14
23 735 248 18 21
24 108 638 15 38
25 408 621 36 37
26 39 33 45 6
27 196 431 3 29
28 191 631 3 33
29 560 365 8 12
30 106 539 21 28
31 94 784 7 42
32 691 503 13 50
33 998 782 18 46
34 971 271 35 4
35 958 101 15 8
36 778 493 49 29
37 308 175 50 16
38 968 396 44 20
39 775 76 38 10
40 34 535 7 25
41 49 426 46 4
42 568 597 31 48
43 857 111 32 33
44 581 769 32 41
45 477 687 46 4
46 308 571 19 2
47 823 351 45 33
48 74 173 2 15
49 133 398 28 38
50 445 91 18 44
51 499 575 47 18
52 936 159 24 46
53 102 904 34 19
54 907 877 15 23
55 332 942 28 24
56 412 734 48 25
57 368 333 29 30
58 331 577 24 10
59 796 912 14 5
60 346 273 3 9
61 951 655 9 23
62 196 126 10 5
63 358 623 5 13
64 300 492 19 34
65 21 97 2 38
66 583 520 30 48
67 672 872 6 5
68 31 127 44 41
69 128 939 24 10
70 356 461 13 3
71 233 121 33 12
72 195 953 28 11
73 454 878 41 1
74 530 602 23 4
75 791 228 8 27
76 876 94 14 16
77 235 72 49 26
78 221 594 22 5
79 695 521 38 43
80 86 716 38 40
81 970 21 30 17
82 588 642 37 35
83 893 620 22 32
84 121 22 25 47
85 911 478 44 40
86 835 144 1 26
87 599 382 1 28
88 97 405 39 44
89 260 627 31 13
90 7 403 49 38
91 207 883 39 13
92 498 443 5 39
93 308 71 38 26
94 37 355 43 27
95 944 123 18 32
96 424 914 18 50
97 144 12 1 5
98 908 390 34 24
99 984 30 38 11
100 764 895 0 0
endpoint1 endpoint2 weight
1 2 576
1 3 534
1 4 265
1 5 677
1 6 572
1 7 443
1 8 57
1 9 399
1 10 718
1 11 645
1 12 251
1 13 560
1 14 208
1 15 547
1 16 551
1 17 298
1 18 800
1 19 903
1 20 180
1 21 597
1 22 573
1 23 710
1 24 78
1 25 243
1 26 662
1 27 252
1 28 54
1 29 500
1 30 158
1 31 130
1 32 548
1 33 832
1 34 898
1 35 977
1 36 634
1 37 524
1 38 845
1 39 854
1 40 202
1 41 284
1 42 404
1 43 891
1 44 418
1 45 305
1 46 175
1 47 729
1 48 518
1 49 286
1 50 650
1 51 343
1 52 925
1 53 235
1 54 760
1 55 306
1 56 245
1 57 399
1 58 190
1 59 665
1 60 444
1 61 779
1 62 556
1 63 194
1 64 228
1 65 604
1 66 441
1 67 535
1 68 572
1 69 262
1 70 287
1 71 564
1 72 273
1 73 344
1 74 366
1 75 767
1 76 916
1 77 613
1 78 100
1 79 546
1 80 94
1 81 1035
1 82 417
1 83 723
1 84 662
1 85 766
1 86 853
1 87 521
1 88 287
1 89 103
1 90 324
1 91 205
1 92 403
1 93 625
1 94 354
1 95 952
1 96 343
1 97 670
1 98 791
1 99 1040
1 100 629
2 1 576
2 3 501
2 4 438
2 5 379
2 6 357
2 7 298
2 8 519
2 9 574
2 10 188
2 11 90
2 12 589
2 13 466
2 14 434
2 15 168
2 16 226
2 17 640
2 18 236
2 19 390
2 20 490
2 21 29
2 22 505
2 23 200
2 24 588
2 25 407
2 26 537
2 27 393
2 28 526
2 29 133
2 30 527
2 31 705
2 32 310
2 33 716
2 34 437
2 35 443
2 36 354
2 37 236
2 38 462
2 39 288
2 40 585
2 41 524
2 42 364
2 43 345
2 44 536
2 45 456
2 46 407
2 47 310
2 48 467
2 49 435
2 50 171
2 51 343
2 52 408
2 53 798
2 54 742
2 55 736
2 56 515
2 57 195
2 58 399
2 59 726
2 60 194
2 61 591
2 62 358
2 63 427
2 64 349
2 65 534
2 66 289
2 67 652
2 68 517
2 69 814
2 70 289
2 71 324
2 72 795
2 73 649
2 74 368
2 75 256
2 76 369
2 77 343
2 78 478
2 79 328
2 80 659
2 81 484
2 82 411
2 83 526
2 84 467
2 85 447
2 86 313
2 87 160
2 88 471
2 89 480
2 90 556
2 91 727
2 92 212
2 93 281
2 94 514
2 95 424
2 96 689
2 97 451
2 98 403
2 99 493
2 100 699
3 1 534
3 2 501
3 4 273
3 5 844
3 6 171
3 7 214
3 8 509
3 9 186
3 10 685
3 11 491
3 12 331
3 13 850
3 14 581
3 15 340
3 16 672
3 17 336
3 18 591
3 19 572
3 20 611
3 21 528
3 22 883
3 23 459
3 24 602
3 25 310
3 26 948
3 27 580
3 28 521
3 29 371
3 30 623
3 31 617
3 32 204
3 33 302
3 34 510
3 35 656
3 36 225
3 37 664
3 38 406
3 39 634
3 40 694
3 41 715
3 42 176
3 43 614
3 44 140
3 45 230
3 46 421
3 47 374
3 48 827
3 49 651
3 50 669
3 51 245
3 52 594
3 53 636
3 54 264
3 55 443
3 56 296
3 57 504
3 58 397
3 59 225
3 60 564
3 61 251
3 62 773
3 63 358
3 64 459
3 65 917
3 66 223
3 67 170
3 68 890
3 69 624
3 70 428
3 71 753
3 72 568
3 73 306
3 74 205
3 75 486
3 76 636
3 77 790
3 78 498
3 79 186
3 80 621
3 81 735
3 82 135
3 83 206
3 84 901
3 85 307
3 86 577
3 87 342
3 88 680
3 89 453
3 90 762
3 91 530
3 92 336
3 93 750
3 94 756
3 95 630
3 96 351
3 97 894
3 98 376
3 99 731
3 100 198
4 1 265
4 2 438
4 3 273
4 5 685
4 6 315
4 7 202
4 8 236
4 9 187
4 10 617
4 11 478
4 12 152
4 13 640
4 14 323
4 15 342
4 16 521
4 17 203
4 18 624
4 19 686
4 20 345
4 21 465
4 22 667
4 23 510
4 24 330
4 25 50
4 26 744
4 27 334
4 28 248
4 29 321
4 30 353
4 31 365
4 32 300
4 33 574
4 34 662
4 35 765
4 36 381
4 37 503
4 38 594
4 39 676
4 40 423
4 41 454
4 42 146
4 43 693
4 44 180
4 45 48
4 46 158
4 47 496
4 48 609
4 49 402
4 50 571
4 51 107
4 52 708
4 53 414
4 54 518
4 55 300
4 56 78
4 57 336
4 58 136
4 59 439
4 60 399
4 61 515
4 62 587
4 63 88
4 64 218
4 65 701
4 66 203
4 67 316
4 68 671
4 69 416
4 70 216
4 71 578
4 72 380
4 73 218
4 74 111
4 75 560
4 76 718
4 77 623
4 78 227
4 79 294
4 80 356
4 81 833
4 82 153
4 83 458
4 84 713
4 85 509
4 86 653
4 87 323
4 88 426
4 89 181
4 90 502
4 91 320
4 92 227
4 93 604
4 94 504
4 95 740
4 96 254
4 97 713
4 98 544
4 99 836
4 100 403
5 1 677
5 2 379
5 3 844
5 4 685
5 6 724
5 7 630
5 8 627
5 9 862
5 10 283
5 11 447
5 12 814
5 13 195
5 14 471
5 15 539
5 16 172
5 17 873
5 18 517
5 19 708
5 20 511
5 21 362
5 22 223
5 23 556
5 24 644
5 25 639
5 26 197
5 27 426
5 28 626
5 29 485
5 30 548
5 31 790
5 32 675
5 33 1089
5 34 783
5 35 731
5 36 730
5 37 184
5 38 831
5 39 546
5 40 565
5 41 459
5 42 678
5 43 632
5 44 838
5 45 723
5 46 569
5 47 683
5 48 231
5 49 404
5 50 228
5 51 627
5 52 719
5 53 907
5 54 1100
5 55 941
5 56 749
5 57 353
5 58 579
5 59 1066
5 60 289
5 61 967
5 62 125
5 63 629
5 64 490
5 65 232
5 66 621
5 67 970
5 68 236
5 69 939
5 70 471
5 71 115
5 72 947
5 73 899
5 74 665
5 75 600
5 76 648
5 77 66
5 78 588
5 79 691
5 80 725
5 81 737
5 82 728
5 83 901
5 84 114
5 85 825
5 86 617
5 87 524
5 88 421
5 89 621
5 90 457
5 91 877
5 92 510
5 93 98
5 94 400
5 95 720
5 96 927
5 97 91
5 98 776
5 99 751
5 100 1035
6 1 572
6 2 357
6 3 171
6 4 315
6 5 724
6 7 139
6 8 532
6 9 323
6 10 533
6 11 331
6 12 430
6 13 762
6 14 556
6 15 190
6 16 556
6 17 454
6 18 422
6 19 411
6 20 598
6 21 382
6 22 798
6 23 290
6 24 627
6 25 329
6 26 853
6 27 541
6 28 544
6 29 240
6 30 621
6 31 679
6 32 49
6 33 367
6 34 362
6 35 494
6 36 69
6 37 553
6 38 281
6 39 464
6 40 693
6 41 687
6 42 170
6 43 446
6 44 274
6 45 291
6 46 420
6 47 210
6 48 747
6 49 610
6 50 528
6 51 231
6 52 433
6 53 724
6 54 386
6 55 566
6 56 371
6 57 413
6 58 398
6 59 382
6 60 463
6 61 255
6 62 671
6 63 378
6 64 429
6 65 832
6 66 145
6 67 340
6 68 807
6 69 721
6 70 378
6 71 646
6 72 675
6 73 437
6 74 207
6 75 316
6 76 468
6 77 677
6 78 509
6 79 35
6 80 665
6 81 571
6 82 174
6 83 187
6 84 795
6 85 195
6 86 408
6 87 201
6 88 643
6 89 475
6 90 732
6 91 624
6 92 247
6 93 627
6 94 713
6 95 468
6 96 484
6 97 784
6 98 234
6 99 569
6 100 361
7 1 443
7 2 298
7 3 214
7 4 202
7 5 630
7 6 139
7 8 400
7 9 283
7 10 485
7 11 309
7 12 340
7 13 644
7 14 418
7 15 157
7 16 459
7 17 379
7 18 439
7 19 485
7 20 460
7 21 326
7 22 679
7 23 317
7 24 493
7 25 203
7 26 740
7 27 404
7 28 411
7 29 166
7 30 483
7 31 557
7 32 106
7 33 483
7 34 462
7 35 566
7 36 194
7 37 451
7 38 403
7 39 490
7 40 555
7 41 549
7 42 72
7 43 497
7 44 242
7 45 194
7 46 284
7 47 295
7 48 625
7 49 474
7 50 460
7 51 101
7 52 508
7 53 615
7 54 473
7 55 487
7 56 271
7 57 294
7 58 262
7 59 437
7 60 352
7 61 385
7 62 562
7 63 249
7 64 291
7 65 713
7 66 10
7 67 355
7 68 687
7 69 617
7 70 242
7 71 541
7 72 579
7 73 375
7 74 95
7 75 363
7 76 521
7 77 577
7 78 373
7 79 108
7 80 537
7 81 635
7 82 114
7 83 319
7 84 689
7 85 327
7 86 457
7 87 147
7 88 507
7 89 343
7 90 595
7 91 521
7 92 124
7 93 536
7 94 578
7 95 540
7 96 420
7 97 681
7 98 349
7 99 637
7 100 408
8 1 57
8 2 519
8 3 509
8 4 236
8 5 627
8 6 532
8 7 400
8 9 390
8 10 662
8 11 590
8 12 255
8 13 519
8 14 162
8 15 495
8 16 497
8 17 309
8 18 745
8 19 852
8 20 147
8 21 541
8 22 535
8 23 657
8 24 96
8 25 206
8 26 623
8 27 203
8 28 13
8 29 447
8 30 136
8 31 187
8 32 506
8 33 809
8 34 850
8 35 924
8 36 592
8 37 470
8 38 801
8 39 799
8 40 196
8 41 259
8 42 367
8 43 837
8 44 402
8 45 280
8 46 122
8 47 682
8 48 478
8 49 246
8 50 594
8 51 302
8 52 873
8 53 290
8 54 746
8 55 335
8 56 233
8 57 343
8 58 140
8 59 656
8 60 388
8 61 749
8 62 508
8 63 156
8 64 172
8 65 567
8 66 397
8 67 527
8 68 535
8 69 316
8 70 231
8 71 513
8 72 321
8 73 351
8 74 329
8 75 714
8 76 863
8 77 562
8 78 43
8 79 505
8 80 144
8 81 982
8 82 386
8 83 691
8 84 617
8 85 725
8 86 800
8 87 469
8 88 252
8 89 58
8 90 303
8 91 251
8 92 351
8 93 572
8 94 324
8 95 900
8 96 358
8 97 624
8 98 746
8 99 987
8 100 620
9 1 399
9 2 574
9 3 186
9 4 187
9 5 862
9 6 323
9 7 283
9 8 390
9 10 760
9 11 591
9 12 161
9 13 825
9 14 504
9 15 439
9 16 694
9 17 152
9 18 718
9 19 733
9 20 519
9 21 602
9 22 853
9 23 590
9 24 475
9 25 236
9 26 929
9 27 518
9 28 402
9 29 444
9 30 520
9 31 458
9 32 336
9 33 448
9 34 682
9 35 816
9 36 389
9 37 679
9 38 587
9 39 766
9 40 585
9 41 631
9 42 212
9 43 762
9 44 50
9 45 142
9 46 340
9 47 532
9 48 795
9 49 586
9 50 725
9 51 239
9 52 755
9 53 460
9 54 363
9 55 257
9 56 158
9 57 510
9 58 319
9 59 267
9 60 573
9 61 429
9 62 769
9 63 268
9 64 404
9 65 887
9 66 290
9 67 137
9 68 857
9 69 443
9 70 399
9 71 758
9 72 385
9 73 120
9 74 208
9 75 628
9 76 785
9 77 801
9 78 394
9 79 322
9 80 475
9 81 892
9 82 171
9 83 391
9 84 896
9 85 489
9 86 723
9 87 429
9 88 608
9 89 343
9 90 679
9 91 353
9 92 369
9 93 777
9 94 686
9 95 790
9 96 166
9 97 895
9 98 550
9 99 891
9 100 231
10 1 718
10 2 188
10 3 685
10 4 617
10 5 283
10 6 533
10 7 485
10 8 662
10 9 760
10 11 207
10 12 766
10 13 438
10 14 544
10 15 346
10 16 214
10 17 820
10 18 236
10 19 428
10 20 598
10 21 160
10 22 475
10 23 299
10 24 715
10 25 582
10 26 475
10 27 497
10 28 666
10 29 320
10 30 637
10 31 847
10 32 488
10 33 879
10 34 509
10 35 449
10 36 518
10 37 241
10 38 573
10 39 264
10 40 683
10 41 598
10 42 551
10 43 350
10 44 724
10 45 640
10 46 561
10 47 433
10 48 457
10 49 516
10 50 80
10 51 527
10 52 438
10 53 949
10 54 917
10 55 912
10 56 693
10 57 319
10 58 559
10 59 909
10 60 280
10 61 748
10 62 327
10 63 595
10 64 492
10 65 495
10 66 477
10 67 839
10 68 489
10 69 970
10 70 441
10 71 290
10 72 959
10 73 832
10 74 554
10 75 331
10 76 366
10 77 279
10 78 619
10 79 506
10 80 792
10 81 458
10 82 598
10 83 686
10 84 393
10 85 586
10 86 336
10 87 344
10 88 548
10 89 631
10 90 618
10 91 889
10 92 395
10 93 207
10 94 566
10 95 438
10 96 870
10 97 371
10 98 522
10 99 472
10 100 883
11 1 645
11 2 90
11 3 491
11 4 478
11 5 447
11 6 331
11 7 309
11 8 590
11 9 591
11 10 207
11 12 629
11 13 550
11 14 517
11 15 155
11 16 308
11 17 676
11 18 156
11 19 300
11 20 573
11 21 92
11 22 590
11 23 114
11 24 664
11 25 455
11 26 616
11 27 478
11 28 597
11 29 158
11 30 609
11 31 774
11 32 289
11 33 673
11 34 350
11 35 355
11 36 312
11 37 321
11 38 385
11 39 210
11 40 669
11 41 612
11 42 380
11 43 258
11 44 549
11 45 488
11 46 472
11 47 237
11 48 554
11 49 523
11 50 223
11 51 375
11 52 318
11 53 860
11 54 714
11 55 778
11 56 555
11 57 280
11 58 461
11 59 711
11 60 284
11 61 543
11 62 440
11 63 482
11 64 423
11 65 617
11 66 301
11 67 652
11 68 602
11 69 873
11 70 360
11 71 405
11 72 849
11 73 678
11 74 392
11 75 167
11 76 282
11 77 418
11 78 550
11 79 308
11 80 732
11 81 400
11 82 422
11 83 480
11 84 543
11 85 384
11 86 225
11 87 163
11 88 559
11 89 546
11 90 644
11 91 783
11 92 255
11 93 352
11 94 603
11 95 335
11 96 721
11 97 525
11 98 330
11 99 408
11 100 688
12 1 251
12 2 589
12 3 331
12 4 152
12 5 814
12 6 430
12 7 340
12 8 255
12 9 161
12 10 766
12 11 629
12 13 743
12 14 396
12 15 490
12 16 657
12 17 60
12 18 772
12 19 823
12 20 397
12 21 616
12 22 766
12 23 655
12 24 329
12 25 185
12 26 849
12 27 422
12 28 266
12 29 472
12 30 390
12 31 298
12 32 426
12 33 608
12 34 789
12 35 904
12 36 498
12 37 636
12 38 708
12 39 824
12 40 448
12 41 511
12 42 274
12 43 836
12 44 194
12 45 147
12 46 249
12 47 627
12 48 708
12 49 482
12 50 717
12 51 255
12 52 846
12 53 306
12 54 521
12 55 150
12 56 75
12 57 473
12 58 236
12 59 419
12 60 534
12 61 580
12 62 707
12 63 185
12 64 326
12 65 799
12 66 344
12 67 289
12 68 768
12 69 296
12 70 346
12 71 703
12 72 246
12 73 97
12 74 247
12 75 703
12 76 861
12 77 750
12 78 271
12 79 417
12 80 318
12 81 975
12 82 256
12 83 536
12 84 829
12 85 615
12 86 797
12 87 472
12 88 497
12 89 222
12 90 556
12 91 200
12 92 378
12 93 739
12 94 573
12 95 879
12 96 114
12 97 831
12 98 663
12 99 976
12 100 384
13 1 560
13 2 466
13 3 850
13 4 640
13 5 195
13 6 762
13 7 644
13 8 519
13 9 825
13 10 438
13 11 550
13 12 743
13 14 357
13 15 597
13 16 245
13 17 803
13 18 657
13 19 840
13 20 381
13 21 459
13 22 40
13 23 663
13 24 510
13 25 590
13 26 106
13 27 323
13 28 514
13 29 533
13 30 411
13 31 656
13 32 714
13 33 1125
13 34 900
13 35 876
13 36 785
13 37 230
13 38 925
13 39 695
13 40 409
13 41 299
13 42 674
13 43 775
13 44 811
13 45 684
13 46 496
13 47 773
13 48 45
13 49 274
13 50 364
13 51 610
13 52 854
13 53 776
13 54 1113
13 55 851
13 56 689
13 57 351
13 58 513
13 59 1059
13 60 300
13 61 1015
13 62 114
13 63 566
13 64 423
13 65 70
13 66 635
13 67 949
13 68 53
13 69 812
13 70 430
13 71 151
13 72 832
13 73 836
13 74 651
13 75 715
13 76 794
13 77 163
13 78 486
13 79 727
13 80 588
13 81 894
13 82 720
13 83 948
13 84 114
13 85 899
13 86 753
13 87 575
13 88 277
13 89 529
13 90 285
13 91 765
13 92 521
13 93 233
13 94 231
13 95 862
13 96 856
13 97 132
13 98 866
13 99 907
13 100 1025
14 1 208
14 2 434
14 3 581
14 4 323
14 5 471
14 6 556
14 7 418
14 8 162
14 9 504
14 10 544
14 11 517
14 12 396
14 13 357
14 15 463
14 16 357
14 17 454
14 18 669
14 19 805
14 20 56
14 21 450
14 22 375
14 23 605
14 24 177
14 25 277
14 26 462
14 27 49
14 28 158
14 29 402
14 30 95
14 31 321
14 32 518
14 33 880
14 34 823
14 35 869
14 36 605
14 37 328
14 38 798
14 39 721
14 40 153
14 41 134
14 42 413
14 43 774
14 44 503
14 45 371
14 46 166
14 47 661
14 48 318
14 49 87
14 50 470
14 51 341
14 52 825
14 53 436
14 54 837
14 55 494
14 56 353
14 57 240
14 58 188
14 59 761
14 60 265
14 61 798
14 62 349
14 63 237
14 64 128
14 65 407
14 66 412
14 67 638
14 68 376
14 69 468
14 70 183
14 71 358
14 72 480
14 73 492
14 74 379
14 75 665
14 76 799
14 77 407
14 78 129
14 79 524
14 80 258
14 81 916
14 82 447
14 83 734
14 84 456
14 85 738
14 86 739
14 87 435
14 88 104
14 89 176
14 90 182
14 91 411
14 92 326
14 93 425
14 94 182
14 95 847
14 96 507
14 97 463
14 98 739
14 99 924
14 100 725
15 1 547
15 2 168
15 3 340
15 4 342
15 5 539
15 6 190
15 7 157
15 8 495
15 9 439
15 10 346
15 11 155
15 12 490
15 13 597
15 14 463
15 16 375
15 17 533
15 18 284
15 19 357
15 20 514
15 21 192
15 22 635
15 23 169
15 24 581
15 25 328
15 26 680
15 27 434
15 28 505
15 29 67
15 30 545
15 31 671
15 32 143
15 33 551
15 34 361
15 35 432
15 36 192
15 37 377
15 38 343
15 39 335
15 40 613
15 41 580
15 42 229
15 43 352
15 44 396
15 45 345
15 46 374
15 47 199
15 48 589
15 49 494
15 50 338
15 51 237
15 52 379
15 53 744
15 54 575
15 55 638
15 56 418
15 57 262
15 58 357
15 59 563
15 60 299
15 61 429
15 62 498
15 63 365
15 64 347
15 65 667
15 66 151
15 67 499
15 68 646
15 69 752
15 70 284
15 71 469
15 72 721
15 73 531
15 74 246
15 75 222
15 76 377
15 77 496
15 78 460
15 79 161
15 80 639
15 81 495
15 82 269
15 83 362
15 84 617
15 85 303
15 86 313
15 87 28
15 88 530
15 89 444
15 90 620
15 91 658
15 92 145
15 93 441
15 94 590
15 95 407
15 96 575
15 97 605
15 98 283
15 99 498
15 100 538
16 1 551
16 2 226
16 3 672
16 4 521
16 5 172
16 6 556
16 7 459
16 8 497
16 9 694
16 10 214
16 11 308
16 12 657
16 13 245
16 14 357
16 15 375
16 17 715
16 18 415
16 19 596
16 20 406
16 21 217
16 22 284
16 23 421
16 24 533
16 25 477
16 26 311
16 27 308
16 28 498
16 29 317
16 30 446
16 31 674
16 32 507
16 33 922
16 34 656
16 35 635
16 36 567
16 37 30
16 38 687
16 39 456
16 40 482
16 41 390
16 42 507
16 43 533
16 44 668
16 45 556
16 46 420
16 47 536
16 48 253
16 49 313
16 50 134
16 51 458
16 52 611
16 53 785
16 54 930
16 55 791
16 56 589
16 57 186
16 58 426
16 59 894
16 60 123
16 61 803
16 62 133
16 63 473
16 64 341
16 65 310
16 66 449
16 67 799
16 68 297
16 69 812
16 70 311
16 71 99
16 72 812
16 73 738
16 74 495
16 75 472
16 76 554
16 77 122
16 78 455
16 79 522
16 80 613
16 81 658
16 82 556
16 83 736
16 84 243
16 85 670
16 86 510
16 87 357
16 88 342
16 89 480
16 90 406
16 91 741
16 92 339
16 93 83
16 94 354
16 95 619
16 96 769
16 97 230
16 98 629
16 99 670
16 100 863
17 1 298
17 2 640
17 3 336
17 4 203
17 5 873
17 6 454
17 7 379
17 8 309
17 9 152
17 10 820
17 11 676
17 12 60
17 13 803
17 14 454
17 15 533
17 16 715
17 18 816
17 19 857
17 20 453
17 21 668
17 22 825
17 23 696
17 24 376
17 25 242
17 26 908
17 27 481
17 28 318
17 29 520
17 30 443
17 31 325
17 32 457
17 33 595
17 34 816
17 35 939
17 36 522
17 37 695
17 38 728
17 39 868
17 40 498
17 41 566
17 42 310
17 43 875
17 44 196
17 45 188
17 46 309
17 47 658
17 48 767
17 49 540
17 50 772
17 51 301
17 52 879
17 53 310
17 54 499
17 55 112
17 56 129
17 57 531
17 58 296
17 59 391
17 60 593
17 61 581
17 62 767
17 63 245
17 64 386
17 65 858
17 66 384
17 67 264
17 68 827
17 69 292
17 70 405
17 71 762
17 72 233
17 73 48
17 74 287
17 75 741
17 76 899
17 77 809
17 78 328
17 79 446
17 80 355
17 81 1011
17 82 284
17 83 542
17 84 888
17 85 633
17 86 835
17 87 517
17 88 554
17 89 279
17 90 611
17 91 204
17 92 429
17 93 798
17 94 629
17 95 913
17 96 55
17 97 891
17 98 687
17 99 1012
17 100 357
18 1 800
18 2 236
18 3 591
18 4 624
18 5 517
18 6 422
18 7 439
18 8 745
18 9 718
18 10 236
18 11 156
18 12 772
18 13 657
18 14 669
18 15 284
18 16 415
18 17 816
18 19 192
18 20 725
18 21 224
18 22 696
18 23 133
18 24 819
18 25 604
18 26 705
18 27 628
18 28 753
18 29 307
18 30 762
18 31 929
18 32 390
18 33 715
18 34 280
18 35 220
18 36 380
18 37 436
18 38 362
18 39 54
18 40 821
18 41 757
18 42 511
18 43 119
18 44 672
18 45 629
18 46 627
18 47 250
18 48 668
18 49 669
18 50 296
18 51 518
18 52 202
18 53 1014
18 54 780
18 55 921
18 56 700
18 57 430
18 58 616
18 59 799
18 60 424
18 61 580
18 62 544
18 63 635
18 64 579
18 65 719
18 66 434
18 67 759
18 68 709
18 69 1026
18 70 516
18 71 507
18 72 999
18 73 814
18 74 530
18 75 124
18 76 139
18 77 506
18 78 705
18 79 408
18 80 887
18 81 250
18 82 548
18 83 528
18 84 626
18 85 401
18 86 100
18 87 301
18 88 705
18 89 701
18 90 787
18 91 934
18 92 407
18 93 434
18 94 742
18 95 206
18 96 858
18 97 605
18 98 322
18 99 260
18 100 780
19 1 903
19 2 390
19 3 572
19 4 686
19 5 708
19 6 411
19 7 485
19 8 852
19 9 733
19 10 428
19 11 300
19 12 823
19 13 840
19 14 805
19 15 357
19 16 596
19 17 857
19 18 192
19 20 859
19 21 388
19 22 879
19 23 200
19 24 936
19 25 680
19 26 894
19 27 769
19 28 861
19 29 408
19 30 893
19 31 1027
19 32 400
19 33 611
19 34 108
19 35 84
19 36 348
19 37 614
19 38 225
19 39 177
19 40 957
19 41 908
19 42 550
19 43 92
19 44 684
19 45 677
19 46 730
19 47 201
19 48 848
19 49 819
19 50 484
19 51 581
19 52 23
19 53 1096
19 54 702
19 55 967
19 56 756
19 57 575
19 58 714
19 59 747
19 60 584
19 61 480
19 62 727
19 63 719
19 64 697
19 65 904
19 66 483
19 67 740
19 68 892
19 69 1101
19 70 633
19 71 691
19 72 1064
19 73 844
19 74 579
19 75 141
19 76 94
19 77 694
19 78 816
19 79 413
19 80 995
19 81 163
19 82 573
19 83 445
19 84 815
19 85 303
19 86 92
19 87 383
19 88 856
19 89 801
19 90 942
19 91 1005
19 92 501
19 93 622
19 94 902
19 95 58
19 96 890
19 97 795
19 98 215
19 99 160
19 100 736
20 1 180
20 2 490
20 3 611
20 4 345
20 5 511
20 6 598
20 7 460
20 8 147
20 9 519
20 10 598
20 11 573
20 12 397
20 13 381
20 14 56
20 15 514
20 16 406
20 17 453
20 18 725
20 19 859
20 21 505
20 22 394
20 23 660
20 24 133
20 25 302
20 26 483
20 27 102
20 28 139
20 29 454
20 30 40
20 31 280
20 32 563
20 33 912
20 34 875
20 35 924
20 36 650
20 37 378
20 38 847
20 39 777
20 40 100
20 41 114
20 42 449
20 43 829
20 44 523
20 45 392
20 46 191
20 47 712
20 48 339
20 49 110
20 50 523
20 51 377
20 52 879
20 53 398
20 54 862
20 55 481
20 56 363
20 57 296
20 58 214
20 59 781
20 60 320
20 61 836
20 62 387
20 63 257
20 64 172
20 65 424
20 66 455
20 67 655
20 68 393
20 69 433
20 70 232
20 71 400
20 72 451
20 73 494
20 74 413
20 75 719
20 76 854
20 77 448
20 78 127
20 79 567
20 80 214
20 81 972
20 82 479
20 83 773
20 84 486
20 85 783
20 86 794
20 87 487
20 88 107
20 89 178
20 90 161
20 91 385
20 92 375
20 93 472
20 94 178
20 95 901
20 96 503
20 97 496
20 98 788
20 99 980
20 100 745
21 1 597
21 2 29
21 3 528
21 4 465
21 5 362
21 6 382
21 7 326
21 8 541
21 9 602
21 10 160
21 11 92
21 12 616
21 13 459
21 14 450
21 15 192
21 16 217
21 17 668
21 18 224
21 19 388
21 20 505
21 22 499
21 23 205
21 24 607
21 25 434
21 26 526
21 27 407
21 28 546
21 29 160
21 30 543
21 31 727
21 32 335
21 33 739
21 34 441
21 35 437
21 36 376
21 37 230
21 38 473
21 39 274
21 40 599
21 41 534
21 42 392
21 43 337
21 44 564
21 45 484
21 46 429
21 47 322
21 48 463
21 49 446
21 50 147
21 51 370
21 52 404
21 53 821
21 54 767
21 55 763
21 56 542
21 57 210
21 58 423
21 59 752
21 60 201
21 61 612
21 62 349
21 63 453
21 64 370
21 65 526
21 66 317
21 67 679
21 68 511
21 69 838
21 70 311
21 71 315
21 72 820
21 73 676
21 74 396
21 75 257
21 76 360
21 77 329
21 78 499
21 79 353
21 80 679
21 81 474
21 82 439
21 83 547
21 84 454
21 85 464
21 86 307
21 87 187
21 88 481
21 89 503
21 90 564
21 91 752
21 92 239
21 93 265
21 94 520
21 95 418
21 96 716
21 97 437
21 98 416
21 99 483
21 100 726
22 1 573
22 2 505
22 3 883
22 4 667
22 5 223
22 6 798
22 7 679
22 8 535
22 9 853
22 10 475
22 11 590
22 12 766
22 13 40
22 14 375
22 15 635
22 16 284
22 17 825
22 18 696
22 19 879
22 20 394
22 21 499
22 23 703
22 24 519
22 25 617
22 26 91
22 27 344
22 28 529
22 29 570
22 30 421
22 31 663
22 32 751
22 33 1160
22 34 939
22 35 915
22 36 822
22 37 270
22 38 964
22 39 733
22 40 413
22 41 304
22 42 707
22 43 814
22 44 841
22 45 712
22 46 520
22 47 812
22 48 59
22 49 290
22 50 403
22 51 642
22 52 893
22 53 784
22 54 1146
22 55 869
22 56 714
22 57 387
22 58 538
22 59 1090
22 60 338
22 61 1052
22 62 153
22 63 591
22 64 450
22 65 35
22 66 670
22 67 978
22 68 14
22 69 821
22 70 460
22 71 190
22 72 844
22 73 860
22 74 683
22 75 755
22 76 833
22 77 198
22 78 504
22 79 764
22 80 595
22 81 932
22 82 752
22 83 984
22 84 128
22 85 937
22 86 792
22 87 613
22 88 287
22 89 549
22 90 283
22 91 778
22 92 556
22 93 270
22 94 233
22 95 900
22 96 878
22 97 150
22 98 905
22 99 945
22 100 1056
23 1 710
23 2 200
23 3 459
23 4 510
23 5 556
23 6 290
23 7 317
23 8 657
23 9 590
23 10 299
23 11 114
23 12 655
23 13 663
23 14 605
23 15 169
23 16 421
23 17 696
23 18 133
23 19 200
23 20 660
23 21 205
23 22 703
23 24 739
23 25 497
23 26 729
23 27 570
23 28 666
23 29 211
23 30 694
23 31 836
23 32 259
23 33 596
23 34 238
23 35 268
23 36 249
23 37 434
23 38 277
23 39 177
23 40 758
23 41 709
23 42 387
23 43 184
23 44 544
23 45 510
23 46 536
23 47 136
23 48 666
23 49 621
23 50 330
23 51 404
23 52 220
23 53 912
23 54 653
23 55 803
23 56 584
23 57 377
23 58 522
23 59 667
23 60 390
23 61 461
23 62 553
23 63 532
23 64 499
23 65 730
23 66 312
23 67 628
23 68 715
23 69 920
23 70 435
23 71 518
23 72 889
23 73 690
23 74 410
23 75 60
23 76 209
23 77 531
23 78 620
23 79 276
23 80 801
23 81 327
23 82 421
23 83 405
23 84 655
23 85 290
23 86 145
23 87 191
23 88 658
23 89 608
23 90 745
23 91 826
23 92 307
23 93 463
23 94 707
23 95 244
23 96 736
23 97 637
23 98 224
23 99 331
23 100 648
24 1 78
24 2 588
24 3 602
24 4 330
24 5 644
24 6 627
24 7 493
24 8 96
24 9 475
24 10 715
24 11 664
24 12 329
24 13 510
24 14 177
24 15 581
24 16 533
24 17 376
24 18 819
24 19 936
24 20 133
24 21 607
24 22 519
24 23 739
24 25 301
24 26 609
24 27 225
24 28 84
24 29 529
24 30 100
24 31 147
24 32 599
24 33 902
24 34 938
24 35 1006
24 36 686
24 37 505
24 38 894
24 39 873
24 40 127
24 41 221
24 42 462
24 43 916
24 44 491
24 45 373
24 46 211
24 47 771
24 48 467
24 49 242
24 50 643
24 51 397
24 52 957
24 53 267
24 54 834
24 55 378
24 56 319
24 57 401
24 58 232
24 59 741
24 60 436
24 61 844
24 62 520
24 63 251
24 64 242
24 65 548
24 66 490
24 67 611
24 68 517
24 69 302
24 70 305
24 71 532
24 72 327
24 73 422
24 74 424
24 75 797
24 76 942
24 77 581
24 78 122
24 79 599
24 80 82
24 81 1061
24 82 481
24 83 786
24 84 617
24 85 819
24 86 879
24 87 554
24 88 234
24 89 153
24 90 256
24 91 265
24 92 437
24 93 602
24 94 292
24 95 982
24 96 420
24 97 628
24 98 838
24 99 1067
24 100 705
25 1 243
25 2 407
25 3 310
25 4 50
25 5 639
25 6 329
25 7 203
25 8 206
25 9 236
25 10 582
25 11 455
25 12 185
25 13 590
25 14 277
25 15 328
25 16 477
25 17 242
25 18 604
25 19 680
25 20 302
25 21 434
25 22 617
25 23 497
25 24 301
25 26 695
25 27 285
25 28 218
25 29 298
25 30 313
25 31 354
25 32 307
25 33 612
25 34 663
25 35 757
25 36 392
25 37 458
25 38 604
25 39 658
25 40 384
25 41 409
25 42 162
25 43 680
25 44 228
25 45 96
25 46 112
25 47 496
25 48 559
25 49 355
25 50 532
25 51 102
25 52 702
25 53 417
25 54 561
25 55 330
25 56 114
25 57 291
25 58 89
25 59 485
25 60 354
25 61 545
25 62 539
25 63 51
25 64 169
25 65 652
25 66 203
25 67 365
25 68 622
25 69 424
25 70 169
25 71 530
25 72 395
25 73 262
25 74 124
25 75 549
25 76 705
25 77 576
25 78 189
25 79 304
25 80 336
25 81 823
25 82 182
25 83 486
25 84 665
25 85 523
25 86 641
25 87 306
25 88 379
25 89 149
25 90 457
25 91 331
25 92 200
25 93 560
25 94 457
25 95 732
25 96 294
25 97 664
25 98 551
25 99 826
25 100 450
26 1 662
26 2 537
26 3 948
26 4 744
26 5 197
26 6 853
26 7 740
26 8 623
26 9 929
26 10 475
26 11 616
26 12 849
26 13 106
26 14 462
26 15 680
26 16 311
26 17 908
26 18 705
26 19 894
26 20 483
26 21 526
26 22 91
26 23 729
26 24 609
26 25 695
26 27 428
26 28 618
26 29 618
26 30 511
26 31 754
26 32 804
26 33 1217
26 34 962
26 35 922
26 36 871
26 37 305
26 38 998
26 39 738
26 40 503
26 41 394
26 42 774
26 43 822
26 44 915
26 45 788
26 46 602
26 47 847
26 48 145
26 49 377
26 50 411
26 51 711
26 52 906
26 53 874
26 54 1211
26 55 956
26 56 795
26 57 446
26 58 618
26 59 1161
26 60 390
26 61 1104
26 62 183
26 63 671
26 64 529
26 65 67
26 66 731
26 67 1052
26 68 95
26 69 911
26 70 533
26 71 214
26 72 934
26 73 942
26 74 752
26 75 777
26 76 840
26 77 200
26 78 590
26 79 818
26 80 685
26 81 932
26 82 820
26 83 1037
26 84 83
26 85 979
26 86 804
26 87 660
26 88 377
26 89 634
26 90 372
26 91 867
26 92 616
26 93 272
26 94 323
26 95 910
26 96 962
26 97 108
26 98 940
26 99 946
26 100 1127
27 1 252
27 2 393
27 3 580
27 4 334
27 5 426
27 6 541
27 7 404
27 8 203
27 9 518
27 10 497
27 11 478
27 12 422
27 13 323
27 14 49
27 15 434
27 16 308
27 17 481
27 18 628
27 19 769
27 20 102
27 21 407
27 22 344
27 23 570
27 24 225
27 25 285
27 26 428
27 28 201
27 29 370
27 30 141
27 31 368
27 32 501
27 33 876
27 34 792
27 35 831
27 36 586
27 37 280
27 38 773
27 39 680
27 40 193
27 41 148
27 42 408
27 43 735
27 44 513
27 45 381
27 46 180
27 47 633
27 48 286
27 49 72
27 50 422
27 51 336
27 52 789
27 53 483
27 54 840
27 55 529
27 56 373
27 57 198
27 58 199
27 59 769
27 60 218
27 61 788
27 62 305
27 63 252
27 64 121
27 65 378
27 66 398
27 67 649
27 68 346
27 69 513
27 70 163
27 71 313
27 72 523
27 73 517
27 74 376
27 75 629
27 76 759
27 77 362
27 78 165
27 79 508
27 80 306
27 81 876
27 82 446
27 83 723
27 84 416
27 85 717
27 86 701
27 87 406
27 88 103
27 89 207
27 90 192
27 91 453
27 92 303
27 93 378
27 94 177
27 95 809
27 96 535
27 97 423
27 98 714
27 99 885
27 100 734
28 1 54
28 2 526
28 3 521
28 4 248
28 5 626
28 6 544
28 7 411
28 8 13
28 9 402
28 10 666
28 11 597
28 12 266
28 13 514
28 14 158
28 15 505
28 16 498
28 17 318
28 18 753
28 19 861
28 20 139
28 21 546
28 22 529
28 23 666
28 24 84
28 25 218
28 26 618
28 27 201
28 29 455
28 30 126
28 31 182
28 32 517
28 33 822
28 34 860
28 35 933
28 36 604
28 37 471
28 38 812
28 39 806
28 40 185
28 41 250
28 42 379
28 43 845
28 44 414
28 45 292
28 46 132
28 47 692
28 48 473
28 49 241
28 50 597
28 51 314
28 52 882
28 53 288
28 54 758
28 55 342
28 56 244
28 57 347
28 58 151
28 59 668
28 60 391
28 61 761
28 62 506
28 63 168
28 64 177
28 65 561
28 66 408
28 67 538
28 68 529
28 69 315
28 70 237
28 71 512
28 72 323
28 73 361
28 74 341
28 75 723
28 76 871
28 77 561
28 78 48
28 79 516
28 80 136
28 81 990
28 82 398
28 83 703
28 84 614
28 85 737
28 86 808
28 87 478
28 88 245
28 89 70
28 90 293
28 91 253
28 92 360
28 93 573
28 94 317
28 95 909
28 96 367
28 97 621
28 98 757
28 99 996
28 100 631
29 1 500
29 2 133
29 3 371
29 4 321
29 5 485
29 6 240
29 7 166
29 8 447
29 9 444
29 10 320
29 11 158
29 12 472
29 13 533
29 14 402
29 15 67
29 16 317
29 17 520
29 18 307
29 19 408
29 20 454
29 21 160
29 22 570
29 23 211
29 24 529
29 25 298
29 26 618
29 27 370
29 28 455
29 30 487
29 31 627
29 32 191
29 33 605
29 34 422
29 35 478
29 36 253
29 37 316
29 38 410
29 39 361
29 40 553
29 41 515
29 42 233
29 43 391
29 44 405
29 45 333
29 46 326
29 47 264
29 48 523
29 49 429
29 50 298
29 51 219
29 52 429
29 53 708
29 54 619
29 55 621
29 56 398
29 57 195
29 58 313
29 59 596
29 60 233
29 61 487
29 62 436
29 63 328
29 64 290
29 65 602
29 66 157
29 67 520
29 68 581
29 69 719
29 70 226
29 71 409
29 72 693
29 73 524
29 74 239
29 75 269
29 76 417
29 77 438
29 78 410
29 79 207
29 80 590
29 81 536
29 82 279
29 83 420
29 84 558
29 85 369
29 86 353
29 87 43
29 88 465
29 89 399
29 90 555
29 91 627
29 92 100
29 93 388
29 94 524
29 95 454
29 96 566
29 97 546
29 98 349
29 99 541
29 100 568
30 1 158
30 2 527
30 3 623
30 4 353
30 5 548
30 6 621
30 7 483
30 8 136
30 9 520
30 10 637
30 11 609
30 12 390
30 13 411
30 14 95
30 15 545
30 16 446
30 17 443
30 18 762
30 19 893
30 20 40
30 21 543
30 22 421
30 23 694
30 24 100
30 25 313
30 26 511
30 27 141
30 28 126
30 29 487
30 31 246
30 32 587
30 33 925
30 34 906
30 35 958
30 36 674
30 37 417
30 38 874
30 39 814
30 40 73
30 41 127
30 42 466
30 43 865
30 44 528
30 45 400
30 46 205
30 47 742
30 48 368
30 49 144
30 50 562
30 51 395
30 52 913
30 53 366
30 54 870
30 55 463
30 56 363
30 57 334
30 58 229
30 59 785
30 60 359
30 61 853
30 62 423
30 63 266
30 64 200
30 65 451
30 66 478
30 67 657
30 68 419
30 69 401
30 70 262
30 71 437
30 72 424
30 73 486
30 74 429
30 75 753
30 76 890
30 77 485
30 78 128
30 79 590
30 80 179
30 81 1008
30 82 493
30 83 792
30 84 518
30 85 808
30 86 830
30 87 518
30 88 135
30 89 178
30 90 169
30 91 359
30 92 404
30 93 510
30 94 197
30 95 936
30 96 492
30 97 529
30 98 816
30 99 1015
30 100 749
31 1 130
31 2 705
31 3 617
31 4 365
31 5 790
31 6 679
31 7 557
31 8 187
31 9 458
31 10 847
31 11 774
31 12 298
31 13 656
31 14 321
31 15 671
31 16 674
31 17 325
31 18 929
31 19 1027
31 20 280
31 21 727
31 22 663
31 23 836
31 24 147
31 25 354
31 26 754
31 27 368
31 28 182
31 29 627
31 30 246
31 32 660
31 33 905
31 34 1017
31 35 1102
31 36 744
31 37 646
31 38 957
31 39 983
31 40 257
31 41 361
31 42 510
31 43 1018
31 44 488
31 45 396
31 46 302
31 47 848
31 48 612
31 49 388
31 50 777
31 51 456
31 52 1049
31 53 121
31 54 819
31 55 286
31 56 322
31 57 528
31 58 315
31 59 714
31 60 570
31 61 867
31 62 666
31 63 310
31 64 358
31 65 691
31 66 556
31 67 585
31 68 661
31 69 159
31 70 416
31 71 678
31 72 197
31 73 373
31 74 473
31 75 892
31 76 1043
31 77 726
31 78 229
31 79 657
31 80 69
31 81 1162
31 82 515
31 83 816
31 84 763
31 85 873
31 86 980
31 87 646
31 88 380
31 89 229
31 90 391
31 91 151
31 92 529
31 93 745
31 94 433
31 95 1077
31 96 355
31 97 774
31 98 905
31 99 1167
31 100 680
32 1 548
32 2 310
32 3 204
32 4 300
32 5 675
32 6 49
32 7 106
32 8 506
32 9 336
32 10 488
32 11 289
32 12 426
32 13 714
32 14 518
32 15 143
32 16 507
32 17 457
32 18 390
32 19 400
32 20 563
32 21 335
32 22 751
32 23 259
32 24 599
32 25 307
32 26 804
32 27 501
32 28 517
32 29 191
32 30 587
32 31 660
32 33 415
32 34 364
32 35 483
32 36 88
32 37 505
32 38 297
32 39 436
32 40 658
32 41 647
32 42 155
32 43 426
32 44 288
32 45 283
32 46 389
32 47 202
32 48 700
32 49 568
32 50 480
32 51 206
32 52 423
32 53 713
32 54 432
32 55 568
32 56 363
32 57 366
32 58 368
32 59 423
32 60 415
32 61 302
32 62 623
32 63 354
32 64 392
32 65 784
32 66 110
32 67 370
32 68 760
32 69 713
32 70 338
32 71 597
32 72 670
32 73 444
32 74 190
32 75 293
32 76 449
32 77 628
32 78 479
32 79 19
32 80 642
32 81 557
32 82 174
32 83 234
32 84 746
32 85 222
32 86 387
32 87 153
32 88 603
32 89 449
32 90 692
32 91 616
32 92 203
32 93 578
32 94 671
32 95 457
32 96 491
32 97 736
32 98 245
32 99 557
32 100 399
33 1 832
33 2 716
33 3 302
33 4 574
33 5 1089
33 6 367
33 7 483
33 8 809
33 9 448
33 10 879
33 11 673
33 12 608
33 13 1125
33 14 880
33 15 551
33 16 922
33 17 595
33 18 715
33 19 611
33 20 912
33 21 739
33 22 1160
33 23 596
33 24 902
33 25 612
33 26 1217
33 27 876
33 28 822
33 29 605
33 30 925
33 31 905
33 32 415
33 34 512
33 35 683
33 36 364
33 37 919
33 38 388
33 39 741
33 40 996
33 41 1014
33 42 469
33 43 686
33 44 418
33 45 530
33 46 722
33 47 466
33 48 1107
33 49 947
33 50 886
33 51 541
33 52 627
33 53 905
33 54 132
33 55 685
33 56 588
33 57 774
33 58 698
33 59 241
33 60 828
33 61 136
33 62 1037
33 63 660
33 64 756
33 65 1194
33 66 491
33 67 339
33 68 1168
33 69 885
33 70 718
33 71 1012
33 72 822
33 73 553
33 74 502
33 75 592
33 76 699
33 77 1043
33 78 800
33 79 400
33 80 915
33 81 762
33 82 434
33 83 194
33 84 1161
33 85 317
33 86 659
33 87 565
33 88 977
33 89 755
33 90 1062
33 91 798
33 92 605
33 93 991
33 94 1052
33 95 662
33 96 589
33 97 1150
33 98 403
33 99 753
33 100 260
34 1 898
34 2 437
34 3 510
34 4 662
34 5 783
34 6 362
34 7 462
34 8 850
34 9 682
34 10 509
34 11 350
34 12 789
34 13 900
34 14 823
34 15 361
34 16 656
34 17 816
34 18 280
34 19 108
34 20 875
34 21 441
34 22 939
34 23 238
34 24 938
34 25 663
34 26 962
34 27 792
34 28 860
34 29 422
34 30 906
34 31 1017
34 32 364
34 33 512
34 35 171
34 36 295
34 37 670
34 38 126
34 39 277
34 40 974
34 41 935
34 42 519
34 43 197
34 44 633
34 45 646
34 46 728
34 47 169
34 48 903
34 49 848
34 50 556
34 51 562
34 52 118
34 53 1076
34 54 610
34 55 927
34 56 726
34 57 607
34 58 710
34 59 665
34 60 626
34 61 385
34 62 789
34 63 707
34 64 707
34 65 966
34 66 462
34 67 672
34 68 951
34 69 1076
34 70 644
34 71 754
34 72 1034
34 73 798
34 74 552
34 75 186
34 76 201
34 77 763
34 78 817
34 79 373
34 80 991
34 81 251
34 82 534
34 83 358
34 84 886
34 85 216
34 86 187
34 87 389
34 88 885
34 89 796
34 90 973
34 91 979
34 92 504
34 93 693
34 94 938
34 95 151
34 96 845
34 97 867
34 98 135
34 99 242
34 100 658
35 1 977
35 2 443
35 3 656
35 4 765
35 5 731
35 6 494
35 7 566
35 8 924
35 9 816
35 10 449
35 11 355
35 12 904
35 13 876
35 14 869
35 15 432
35 16 635
35 17 939
35 18 220
35 19 84
35 20 924
35 21 437
35 22 915
35 23 268
35 24 1006
35 25 757
35 26 922
35 27 831
35 28 933
35 29 478
35 30 958
35 31 1102
35 32 483
35 33 683
35 34 171
35 36 432
35 37 655
35 38 296
35 39 185
35 40 1021
35 41 966
35 42 631
35 43 102
35 44 768
35 45 759
35 46 803
35 47 285
35 48 887
35 49 877
35 50 514
35 51 660
35 52 63
35 53 1174
35 54 778
35 55 1049
35 56 836
35 57 634
35 58 788
35 59 828
35 60 636
35 61 555
35 62 763
35 63 796
35 64 766
35 65 938
35 66 563
35 67 823
35 68 928
35 69 1180
35 70 702
35 71 726
35 72 1144
35 73 927
35 74 659
35 75 210
35 76 83
35 77 724
35 78 887
35 79 496
35 80 1068
35 81 81
35 82 656
35 83 524
35 84 841
35 85 380
35 86 131
35 87 456
35 88 914
35 89 875
35 90 998
35 91 1085
35 92 574
35 93 651
35 94 956
35 95 27
35 96 973
35 97 819
35 98 294
35 99 76
35 100 818
36 1 634
36 2 354
36 3 225
36 4 381
36 5 730
36 6 69
36 7 194
36 8 592
36 9 389
36 10 518
36 11 312
36 12 498
36 13 785
36 14 605
36 15 192
36 16 567
36 17 522
36 18 380
36 19 348
36 20 650
36 21 376
36 22 822
36 23 249
36 24 686
36 25 392
36 26 871
36 27 586
36 28 604
36 29 253
36 30 674
36 31 744
36 32 88
36 33 364
36 34 295
36 35 432
36 37 568
36 38 214
36 39 418
36 40 746
36 41 733
36 42 235
36 43 391
36 44 340
36 45 359
36 46 477
36 47 149
36 48 774
36 49 652
36 50 523
36 51 291
36 52 370
36 53 792
36 54 406
36 55 633
36 56 439
36 57 441
36 58 455
36 59 420
36 60 485
36 61 238
36 62 689
36 63 440
36 64 479
36 65 855
36 66 197
36 67 394
36 68 832
36 69 789
36 70 424
36 71 660
36 72 743
36 73 504
36 74 271
36 75 266
36 76 411
36 77 688
36 78 567
36 79 88
36 80 728
36 81 510
36 82 242
36 83 172
36 84 809
36 85 134
36 86 354
36 87 211
36 88 687
36 89 536
36 90 777
36 91 692
36 92 285
36 93 632
36 94 754
36 95 406
36 96 551
36 97 796
36 98 166
36 99 507
36 100 403
37 1 524
37 2 236
37 3 664
37 4 503
37 5 184
37 6 553
37 7 451
37 8 470
37 9 679
37 10 241
37 11 321
37 12 636
37 13 230
37 14 328
37 15 377
37 16 30
37 17 695
37 18 436
37 19 614
37 20 378
37 21 230
37 22 270
37 23 434
37 24 505
37 25 458
37 26 305
37 27 280
37 28 471
37 29 316
37 30 417
37 31 646
37 32 505
37 33 919
37 34 670
37 35 655
37 36 568
37 38 697
37 39 478
37 40 453
37 41 361
37 42 496
37 43 553
37 44 654
37 45 540
37 46 396
37 47 545
37 48 235
37 49 284
37 50 161
37 51 444
37 52 629
37 53 758
37 54 923
37 55 768
37 56 569
37 57 170
37 58 403
37 59 884
37 60 106
37 61 803
37 62 123
37 63 451
37 64 318
37 65 298
37 66 442
37 67 787
37 68 282
37 69 785
37 70 290
37 71 93
37 72 787
37 73 719
37 74 482
37 75 486
37 76 574
37 77 127
37 78 428
37 79 520
37 80 585
37 81 680
37 82 545
37 83 736
37 84 242
37 85 675
37 86 528
37 87 358
37 88 313
37 89 455
37 90 378
37 91 716
37 92 329
37 93 104
37 94 326
37 95 639
37 96 749
37 97 232
37 98 638
37 99 692
37 100 853
38 1 845
38 2 462
38 3 406
38 4 594
38 5 831
38 6 281
38 7 403
38 8 801
38 9 587
38 10 573
38 11 385
38 12 708
38 13 925
38 14 798
38 15 343
38 16 687
38 17 728
38 18 362
38 19 225
38 20 847
38 21 473
38 22 964
38 23 277
38 24 894
38 25 604
38 26 998
38 27 773
38 28 812
38 29 410
38 30 874
38 31 957
38 32 297
38 33 388
38 34 126
38 35 296
38 36 214
38 37 697
38 39 374
38 40 945
38 41 920
38 42 448
38 43 306
38 44 538
38 45 571
38 46 683
38 47 152
38 48 922
38 49 836
38 50 606
38 51 502
38 52 240
38 53 1005
38 54 485
38 55 839
38 56 651
38 57 604
38 58 663
38 59 544
38 60 635
38 61 260
38 62 818
38 63 651
38 64 675
38 65 994
38 66 405
38 67 561
38 68 975
38 69 1001
38 70 616
38 71 785
38 72 953
38 73 705
38 74 485
38 75 245
38 76 316
38 77 802
38 78 773
38 79 301
38 80 939
38 81 376
38 82 453
38 83 237
38 84 926
38 85 100
38 86 285
38 87 370
38 88 872
38 89 745
38 90 962
38 91 904
38 92 473
38 93 736
38 94 932
38 95 275
38 96 752
38 97 910
38 98 61
38 99 367
38 100 540
39 1 854
39 2 288
39 3 634
39 4 676
39 5 546
39 6 464
39 7 490
39 8 799
39 9 766
39 10 264
39 11 210
39 12 824
39 13 695
39 14 721
39 15 335
39 16 456
39 17 868
39 18 54
39 19 177
39 20 777
39 21 274
39 22 733
39 23 177
39 24 873
39 25 658
39 26 738
39 27 680
39 28 806
39 29 361
39 30 814
39 31 983
39 32 436
39 33 741
39 34 277
39 35 185
39 36 418
39 37 478
39 38 374
39 40 872
39 41 806
39 42 561
39 43 90
39 44 720
39 45 680
39 46 681
39 47 280
39 48 708
39 49 719
39 50 331
39 51 571
39 52 182
39 53 1068
39 54 812
39 55 973
39 56 752
39 57 482
39 58 670
39 59 837
39 60 473
39 61 606
39 62 582
39 63 688
39 64 632
39 65 755
39 66 484
39 67 803
39 68 746
39 69 1079
39 70 570
39 71 544
39 72 1052
39 73 864
39 74 581
39 75 153
39 76 103
39 77 541
39 78 759
39 79 453
39 80 941
39 81 203
39 82 597
39 83 557
39 84 657
39 85 425
39 86 91
39 87 354
39 88 754
39 89 755
39 90 835
39 91 987
39 92 460
39 93 468
39 94 789
39 95 176
39 96 909
39 97 635
39 98 342
39 99 215
39 100 820
40 1 202
40 2 585
40 3 694
40 4 423
40 5 565
40 6 693
40 7 555
40 8 196
40 9 585
40 10 683
40 11 669
40 12 448
40 13 409
40 14 153
40 15 613
40 16 482
40 17 498
40 18 821
40 19 957
40 20 100
40 21 599
40 22 413
40 23 758
40 24 127
40 25 384
40 26 503
40 27 193
40 28 185
40 29 553
40 30 73
40 31 257
40 32 658
40 33 996
40 34 974
40 35 1021
40 36 746
40 37 453
40 38 945
40 39 872
40 41 111
40 42 538
40 43 926
40 44 595
40 45 469
40 46 277
40 47 811
40 48 365
40 49 170
40 50 606
40 51 467
40 52 978
40 53 376
40 54 938
40 55 505
40 56 428
40 57 391
40 58 300
40 59 851
40 60 408
40 61 925
40 62 440
40 63 336
40 64 270
40 65 439
40 66 550
40 67 722
40 68 409
40 69 415
40 70 331
40 71 460
40 72 448
40 73 543
40 74 501
40 75 817
40 76 951
40 77 505
40 78 197
40 79 662
40 80 189
40 81 1068
40 82 565
40 83 864
40 84 521
40 85 879
40 86 892
40 87 586
