nnodes nedges type capacity P s t
100  4950  graph  1000 100 1 100 
nodename posx posy itemvalue itemweight
1 988 85 0 0
2 735 215 139 5
3 195 292 150 1
4 454 871 172 4
5 554 556 135 10
6 926 332 136 1
7 325 102 23 3
8 581 6 88 3
9 466 892 117 5
10 305 984 188 10
11 126 294 216 6
12 262 5 153 6
13 270 672 75 4
14 325 701 172 9
15 496 393 29 7
16 403 837 213 5
17 478 138 202 3
18 52 25 19 1
19 783 507 5 10
20 248 689 117 10
21 63 174 12 2
22 21 740 80 4
23 629 602 107 8
24 98 95 69 5
25 494 403 74 6
26 79 620 164 1
27 49 694 204 9
28 978 319 27 10
29 366 303 42 10
30 372 214 28 2
31 696 128 6 2
32 51 526 47 7
33 618 456 147 5
34 551 401 58 1
35 963 151 107 6
36 90 378 40 8
37 326 463 27 2
38 118 307 3 5
39 417 568 241 1
40 402 911 161 6
41 971 482 179 5
42 884 20 158 4
43 528 862 243 4
44 691 894 215 6
45 517 63 233 2
46 108 213 58 9
47 191 512 186 4
48 739 810 47 2
49 968 642 20 6
50 563 931 232 6
51 793 6 231 4
52 661 471 95 10
53 469 131 197 10
54 778 887 94 7
55 699 533 122 5
56 150 670 204 2
57 15 386 181 1
58 42 543 237 5
59 248 733 147 1
60 789 765 160 1
61 148 249 193 7
62 330 692 71 10
63 761 421 172 8
64 854 81 61 2
65 63 417 73 2
66 364 209 169 4
67 423 25 17 6
68 680 245 15 3
69 156 811 167 8
70 484 855 1 8
71 344 634 214 4
72 877 711 42 6
73 21 919 167 8
74 254 621 20 3
75 4 395 81 2
76 739 153 145 5
77 644 69 100 6
78 197 758 104 2
79 843 51 83 4
80 191 906 65 7
81 468 556 205 5
82 115 244 162 2
83 933 148 200 6
84 841 90 36 6
85 959 325 136 7
86 297 303 6 1
87 959 527 92 9
88 14 332 197 8
89 446 620 28 8
90 306 803 172 8
91 367 45 99 7
92 308 11 232 9
93 466 505 32 5
94 121 309 72 6
95 556 313 248 6
96 568 376 222 5
97 869 35 220 4
98 972 802 128 2
99 183 813 161 3
100 244 494 0 0
endpoint1 endpoint2 weight
1 2 285
1 3 820
1 4 951
1 5 641
1 6 255
1 7 664
1 8 415
1 9 962
1 10 1130
1 11 887
1 12 731
1 13 928
1 14 905
1 15 581
1 16 953
1 17 513
1 18 938
1 19 470
1 20 956
1 21 930
1 22 1168
1 23 630
1 24 891
1 25 588
1 26 1055
1 27 1120
1 28 235
1 29 660
1 30 630
1 31 296
1 32 1036
1 33 524
1 34 540
1 35 71
1 36 945
1 37 763
1 38 898
1 39 748
1 40 1013
1 41 398
1 42 123
1 43 903
1 44 862
1 45 472
1 46 890
1 47 905
1 48 767
1 49 558
1 50 947
1 51 211
1 52 506
1 53 522
1 54 830
1 55 534
1 56 1022
1 57 1019
1 58 1052
1 59 984
1 60 709
1 61 856
1 62 896
1 63 406
1 64 135
1 65 983
1 66 637
1 67 569
1 68 348
1 69 1105
1 70 921
1 71 847
1 72 636
1 73 1277
1 74 909
1 75 1032
1 76 259
1 77 345
1 78 1039
1 79 149
1 80 1145
1 81 702
1 82 888
1 83 84
1 84 148
1 85 242
1 86 725
1 87 443
1 88 1005
1 89 762
1 90 991
1 91 623
1 92 685
1 93 670
1 94 896
1 95 489
1 96 511
1 97 130
1 98 718
1 99 1086
1 100 850
2 1 285
2 3 546
2 4 714
2 5 387
2 6 224
2 7 426
2 8 260
2 9 729
2 10 882
2 11 615
2 12 518
2 13 652
2 14 636
2 15 299
2 16 706
2 17 269
2 18 709
2 19 296
2 20 680
2 21 674
2 22 887
2 23 402
2 24 649
2 25 306
2 26 771
2 27 837
2 28 265
2 29 380
2 30 364
2 31 96
2 32 752
2 33 268
2 34 262
2 35 237
2 36 666
2 37 479
2 38 624
2 39 476
2 40 772
2 41 357
2 42 246
2 43 680
2 44 681
2 45 266
2 46 628
2 47 620
2 48 596
2 49 487
2 50 737
2 51 217
2 52 267
2 53 279
2 54 674
2 55 321
2 56 742
2 57 741
2 58 767
2 59 711
2 60 553
2 61 588
2 62 626
2 63 208
2 64 180
2 65 702
2 66 372
2 67 366
2 68 63
2 69 831
2 70 688
2 71 574
2 72 516
2 73 1003
2 74 630
2 75 753
2 76 63
2 77 173
2 78 765
2 79 197
2 80 880
2 81 434
2 82 621
2 83 210
2 84 164
2 85 250
2 86 447
2 87 385
2 88 731
2 89 498
2 90 728
2 91 406
2 92 474
2 93 396
2 94 622
2 95 205
2 96 232
2 97 225
2 98 634
2 99 814
2 100 565
3 1 820
3 2 546
3 4 635
3 5 446
3 6 733
3 7 231
3 8 481
3 9 659
3 10 701
3 11 70
3 12 295
3 13 388
3 14 430
3 15 318
3 16 584
3 17 323
3 18 303
3 19 627
3 20 401
3 21 178
3 22 481
3 23 534
3 24 220
3 25 319
3 26 348
3 27 428
3 28 784
3 29 172
3 30 194
3 31 528
3 32 275
3 33 454
3 34 373
3 35 781
3 36 136
3 37 216
3 38 79
3 39 355
3 40 653
3 41 799
3 42 741
3 43 661
3 44 781
3 45 396
3 46 118
3 47 221
3 48 752
3 49 849
3 50 738
3 51 663
3 52 500
3 53 318
3 54 834
3 55 559
3 56 381
3 57 204
3 58 294
3 59 445
3 60 760
3 61 64
3 62 423
3 63 581
3 64 692
3 65 182
3 66 189
3 67 352
3 68 488
3 69 521
3 70 633
3 71 374
3 72 801
3 73 651
3 74 335
3 75 218
3 76 562
3 77 502
3 78 467
3 79 692
3 80 615
3 81 380
3 82 94
3 83 752
3 84 677
3 85 765
3 86 103
3 87 800
3 88 186
3 89 414
3 90 523
3 91 301
3 92 303
3 93 345
3 94 76
3 95 362
3 96 383
3 97 722
3 98 930
3 99 522
3 100 208
4 1 951
4 2 714
4 3 635
4 5 331
4 6 717
4 7 780
4 8 875
4 9 25
4 10 188
4 11 664
4 12 888
4 13 272
4 14 214
4 15 480
4 16 62
4 17 734
4 18 937
4 19 491
4 20 275
4 21 800
4 22 453
4 23 321
4 24 854
4 25 470
4 26 452
4 27 442
4 28 762
4 29 575
4 30 663
4 31 782
4 32 531
4 33 447
4 34 480
4 35 882
4 36 613
4 37 428
4 38 657
4 39 306
4 40 66
4 41 648
4 42 954
4 43 75
4 44 239
4 45 811
4 46 744
4 47 446
4 48 292
4 49 563
4 50 125
4 51 930
4 52 451
4 53 741
4 54 325
4 55 418
4 56 365
4 57 655
4 58 527
4 59 248
4 60 352
4 61 694
4 62 218
4 63 545
4 64 886
4 65 600
4 66 669
4 67 847
4 68 666
4 69 304
4 70 34
4 71 262
4 72 453
4 73 436
4 74 321
4 75 656
4 76 773
4 77 825
4 78 281
4 79 908
4 80 266
4 81 316
4 82 713
4 83 868
4 84 872
4 85 744
4 86 590
4 87 612
4 88 696
4 89 252
4 90 163
4 91 831
4 92 873
4 93 367
4 94 654
4 95 568
4 96 508
4 97 934
4 98 523
4 99 278
4 100 432
5 1 641
5 2 387
5 3 446
5 4 331
5 6 435
5 7 509
5 8 551
5 9 348
5 10 496
5 11 502
5 12 624
5 13 307
5 14 272
5 15 174
5 16 320
5 17 425
5 18 731
5 19 235
5 20 334
5 21 623
5 22 564
5 23 88
5 24 649
5 25 165
5 26 480
5 27 524
5 28 486
5 29 316
5 30 388
5 31 451
5 32 504
5 33 119
5 34 156
5 35 576
5 36 497
5 37 247
5 38 503
5 39 138
5 40 387
5 41 424
5 42 630
5 43 308
5 44 365
5 45 495
5 46 563
5 47 366
5 48 315
5 49 423
5 50 376
5 51 600
5 52 137
5 53 434
5 54 400
5 55 147
5 56 420
5 57 566
5 58 513
5 59 354
5 60 315
5 61 510
5 62 263
5 63 248
5 64 562
5 65 511
5 66 396
5 67 547
5 68 336
5 69 473
5 70 308
5 71 225
5 72 359
5 73 645
5 74 307
5 75 574
5 76 444
5 77 496
5 78 411
5 79 582
5 80 505
5 81 86
5 82 539
5 83 557
5 84 548
5 85 467
5 86 361
5 87 407
5 88 585
5 89 126
5 90 351
5 91 545
5 92 598
5 93 102
5 94 499
5 95 244
5 96 181
5 97 609
5 98 486
5 99 452
5 100 317
6 1 255
6 2 224
6 3 733
6 4 717
6 5 435
6 7 644
6 8 475
6 9 725
6 10 901
6 11 801
6 12 741
6 13 739
6 14 706
6 15 435
6 16 728
6 17 489
6 18 927
6 19 226
6 20 767
6 21 878
6 22 993
6 23 402
6 24 862
6 25 438
6 26 895
6 27 949
6 28 54
6 29 561
6 30 567
6 31 308
6 32 897
6 33 333
6 34 382
6 35 185
6 36 838
6 37 615
6 38 809
6 39 562
6 40 781
6 41 157
6 42 315
6 43 663
6 44 610
6 45 490
6 46 827
6 47 757
6 48 514
6 49 313
6 50 701
6 51 353
6 52 300
6 53 500
6 54 575
6 55 304
6 56 847
6 57 913
6 58 909
6 59 788
6 60 455
6 61 783
6 62 697
6 63 188
6 64 262
6 65 868
6 66 576
6 67 590
6 68 261
6 69 907
6 70 685
6 71 656
6 72 383
6 73 1079
6 74 732
6 75 925
6 76 259
6 77 386
6 78 845
6 79 294
6 80 933
6 81 510
6 82 816
6 83 185
6 84 257
6 85 34
6 86 630
6 87 198
6 88 912
6 89 560
6 90 779
6 91 629
6 92 697
6 93 492
6 94 806
6 95 371
6 96 361
6 97 303
6 98 473
6 99 886
6 100 701
7 1 664
7 2 426
7 3 231
7 4 780
7 5 509
7 6 644
7 8 274
7 9 803
7 10 883
7 11 277
7 12 116
7 13 573
7 14 599
7 15 338
7 16 740
7 17 158
7 18 284
7 19 612
7 20 593
7 21 272
7 22 707
7 23 586
7 24 228
7 25 346
7 26 574
7 27 654
7 28 689
7 29 206
7 30 122
7 31 372
7 32 505
7 33 460
7 34 375
7 35 640
7 36 363
7 37 362
7 38 292
7 39 475
7 40 813
7 41 750
7 42 565
7 43 787
7 44 873
7 45 196
7 46 244
7 47 432
7 48 821
7 49 840
7 50 863
7 51 478
7 52 500
7 53 147
7 54 907
7 55 571
7 56 595
7 57 421
7 58 524
7 59 636
7 60 810
7 61 231
7 62 591
7 63 541
7 64 530
7 65 410
7 66 114
7 67 125
7 68 383
7 69 729
7 70 770
7 71 533
7 72 822
7 73 872
7 74 524
7 75 435
7 76 418
7 77 321
7 78 669
7 79 521
7 80 816
7 81 476
7 82 254
7 83 610
7 84 517
7 85 673
7 86 203
7 87 764
7 88 387
7 89 532
7 90 702
7 91 71
7 92 93
7 93 427
7 94 291
7 95 313
7 96 367
7 97 549
7 98 954
7 99 726
7 100 401
8 1 415
8 2 260
8 3 481
8 4 875
8 5 551
8 6 475
8 7 274
8 9 894
8 10 1017
8 11 539
8 12 320
8 13 736
8 14 741
8 15 397
8 16 850
8 17 168
8 18 530
8 19 541
8 20 760
8 21 545
8 22 924
8 23 598
8 24 492
8 25 407
8 26 794
8 27 870
8 28 506
8 29 367
8 30 295
8 31 168
8 32 743
8 33 452
8 34 397
8 35 409
8 36 617
8 37 524
8 38 553
8 39 586
8 40 923
8 41 616
8 42 304
8 43 858
8 44 895
8 45 86
8 46 517
8 47 639
8 48 820
8 49 745
8 50 926
8 51 212
8 52 472
8 53 168
8 54 903
8 55 541
8 56 792
8 57 682
8 58 761
8 59 800
8 60 787
8 61 497
8 62 731
8 63 453
8 64 284
8 65 662
8 66 298
8 67 160
8 68 259
8 69 911
8 70 855
8 71 672
8 72 765
8 73 1072
8 74 697
8 75 696
8 76 216
8 77 90
8 78 845
8 79 266
8 80 981
8 81 562
8 82 524
8 83 380
8 84 274
8 85 495
8 86 411
8 87 644
8 88 655
8 89 629
8 90 844
8 91 218
8 92 274
8 93 513
8 94 551
8 95 309
8 96 371
8 97 290
8 98 887
8 99 900
8 100 594
9 1 962
9 2 729
9 3 659
9 4 25
9 5 348
9 6 725
9 7 803
9 8 894
9 10 186
9 11 688
9 12 911
9 13 295
9 14 238
9 15 500
9 16 84
9 17 755
9 18 961
9 19 499
9 20 298
9 21 824
9 22 471
9 23 333
9 24 878
9 25 490
9 26 474
9 27 462
9 28 769
9 29 598
9 30 685
9 31 798
9 32 554
9 33 462
9 34 499
9 35 893
9 36 637
9 37 452
9 38 681
9 39 328
9 40 67
9 41 651
9 42 968
9 43 69
9 44 226
9 45 831
9 46 768
9 47 470
9 48 286
9 49 561
9 50 105
9 51 945
9 52 464
9 53 762
9 54 313
9 55 428
9 56 387
9 57 678
9 58 550
9 59 270
9 60 348
9 61 718
9 62 242
9 63 556
9 64 900
9 65 623
9 66 691
9 67 869
9 68 682
9 69 321
9 70 42
9 71 286
9 72 450
9 73 446
9 74 345
9 75 679
9 76 788
9 77 843
9 78 301
9 79 922
9 80 276
9 81 337
9 82 737
9 83 879
9 84 886
9 85 752
9 86 613
9 87 614
9 88 720
9 89 273
9 90 184
9 91 853
9 92 896
9 93 387
9 94 678
9 95 586
9 96 526
9 97 948
9 98 514
9 99 294
9 100 456
10 1 1130
10 2 882
10 3 701
10 4 188
10 5 496
10 6 901
10 7 883
10 8 1017
10 9 186
10 11 713
10 12 980
10 13 314
10 14 284
10 15 622
10 16 177
10 17 864
10 18 992
10 19 676
10 20 301
10 21 846
10 22 375
10 23 501
10 24 913
10 25 611
10 26 429
10 27 387
10 28 947
10 29 684
10 30 773
10 31 942
10 32 524
10 33 614
10 34 633
10 35 1062
10 36 644
10 37 522
10 38 703
10 39 431
10 40 122
10 41 835
10 42 1125
10 43 255
10 44 397
10 45 946
10 46 796
10 47 486
10 48 468
10 49 747
10 50 264
10 51 1093
10 52 625
10 53 869
10 54 483
10 55 599
10 56 351
10 57 665
10 58 514
10 59 258
10 60 532
10 61 752
10 62 294
10 63 725
10 64 1057
10 65 617
10 66 778
10 67 967
10 68 829
10 69 229
10 70 221
10 71 353
10 72 634
10 73 292
10 74 367
10 75 662
10 76 938
10 77 976
10 78 251
10 79 1078
10 80 139
10 81 458
10 82 765
10 83 1046
10 84 1043
10 85 929
10 86 682
10 87 798
10 88 714
10 89 391
10 90 182
10 91 942
10 92 974
10 93 506
10 94 700
10 95 717
10 96 663
10 97 1104
10 98 692
10 99 211
10 100 494
11 1 887
11 2 615
11 3 70
11 4 664
11 5 502
11 6 801
11 7 277
11 8 539
11 9 688
11 10 713
11 12 320
11 13 405
11 14 454
11 15 384
11 16 610
11 17 386
11 18 279
11 19 691
11 20 414
11 21 136
11 22 459
11 23 590
11 24 201
11 25 384
11 26 330
11 27 408
11 28 853
11 29 241
11 30 259
11 31 594
11 32 244
11 33 518
11 34 439
11 35 850
11 36 92
11 37 262
11 38 16
11 39 400
11 40 676
11 41 866
11 42 807
11 43 696
11 44 825
11 45 455
11 46 83
11 47 228
11 48 802
11 49 912
11 50 773
11 51 727
11 52 564
11 53 380
11 54 882
11 55 621
11 56 377
11 57 145
11 58 263
11 59 456
11 60 814
11 61 51
11 62 448
11 63 648
11 64 759
11 65 139
11 66 253
11 67 401
11 68 557
11 69 518
11 70 666
11 71 404
11 72 860
11 73 634
11 74 352
11 75 159
11 76 630
11 77 565
11 78 470
11 79 758
11 80 616
11 81 431
11 82 52
11 83 821
11 84 744
11 85 834
11 86 172
11 87 865
11 88 119
11 89 457
11 90 540
11 91 347
11 92 337
11 93 401
11 94 16
11 95 431
11 96 450
11 97 787
11 98 987
11 99 523
11 100 233
12 1 731
12 2 518
12 3 295
12 4 888
12 5 624
12 6 741
12 7 116
12 8 320
12 9 911
12 10 980
12 11 320
12 13 668
12 14 699
12 15 454
12 16 844
12 17 254
12 18 211
12 19 724
12 20 685
12 21 262
12 22 774
12 23 701
12 24 188
12 25 461
12 26 642
12 27 722
12 28 782
12 29 316
12 30 237
12 31 452
12 32 563
12 33 575
12 34 491
12 35 717
12 36 411
12 37 463
12 38 335
12 39 584
12 40 917
12 41 855
12 42 623
12 43 898
12 44 988
12 45 262
12 46 259
12 47 512
12 48 936
12 49 951
12 50 974
12 51 532
12 52 614
12 53 243
12 54 1022
12 55 686
12 56 675
12 57 455
12 58 582
12 59 729
12 60 925
12 61 270
12 62 691
12 63 650
12 64 597
12 65 458
12 66 229
12 67 163
12 68 482
12 69 813
12 70 879
12 71 635
12 72 937
12 73 946
12 74 617
12 75 468
12 76 500
12 77 388
12 78 756
12 79 583
12 80 904
12 81 589
12 82 281
12 83 687
12 84 586
12 85 767
12 86 301
12 87 871
12 88 411
12 89 642
12 90 800
12 91 113
12 92 47
12 93 541
12 94 336
12 95 426
12 96 481
12 97 608
12 98 1068
12 99 812
12 100 490
13 1 928
13 2 652
13 3 388
13 4 272
13 5 307
13 6 739
13 7 573
13 8 736
13 9 295
13 10 314
13 11 405
13 12 668
13 14 63
13 15 360
13 16 212
13 17 574
13 18 683
13 19 539
13 20 28
13 21 540
13 22 259
13 23 366
13 24 603
13 25 351
13 26 198
13 27 223
13 28 792
13 29 382
13 30 470
13 31 691
13 32 264
13 33 410
13 34 391
13 35 868
13 36 345
13 37 217
13 38 396
13 39 181
13 40 274
13 41 727
13 42 896
13 43 321
13 44 476
13 45 658
13 46 487
13 47 179
13 48 489
13 49 699
13 50 392
13 51 847
13 52 440
13 53 577
13 54 552
13 55 451
13 56 121
13 57 384
13 58 262
13 59 65
13 60 528
13 61 441
13 62 64
13 63 552
13 64 831
13 65 329
13 66 473
13 67 665
13 68 592
13 69 180
13 70 282
13 71 84
13 72 609
13 73 351
13 74 54
13 75 385
13 76 700
13 77 710
13 78 113
13 79 845
13 80 247
13 81 230
13 82 456
13 83 846
13 84 816
13 85 772
13 86 370
13 87 705
13 88 426
13 89 184
13 90 136
13 91 635
13 92 663
13 93 258
13 94 393
13 95 459
13 96 421
13 97 875
13 98 714
13 99 166
13 100 180
14 1 905
14 2 636
14 3 430
14 4 214
14 5 272
14 6 706
14 7 599
14 8 741
14 9 238
14 10 284
14 11 454
14 12 699
14 13 63
14 15 353
14 16 157
14 17 584
14 18 730
14 19 498
14 20 78
14 21 589
14 22 307
14 23 320
14 24 648
14 25 343
14 26 259
14 27 277
14 28 757
14 29 401
14 30 490
14 31 683
14 32 326
14 33 382
14 34 376
14 35 843
14 36 400
14 37 239
14 38 446
14 39 162
14 40 224
14 41 683
14 42 882
14 43 260
14 44 414
14 45 667
14 46 535
14 47 232
14 48 429
14 49 646
14 50 331
14 51 838
14 52 408
14 53 588
14 54 490
14 55 410
14 56 178
14 57 442
14 58 325
14 59 84
14 60 469
14 61 486
14 62 11
14 63 519
14 64 816
14 65 387
14 66 494
14 67 684
14 68 578
14 69 202
14 70 222
14 71 70
14 72 553
14 73 375
14 74 107
14 75 444
14 76 687
14 77 708
14 78 141
14 79 832
14 80 245
14 81 204
14 82 503
14 83 822
14 84 800
14 85 738
14 86 399
14 87 658
14 88 483
14 89 146
14 90 104
14 91 658
14 92 691
14 93 242
14 94 442
14 95 452
14 96 406
14 97 860
14 98 655
14 99 181
14 100 223
15 1 581
15 2 299
15 3 318
15 4 480
15 5 174
15 6 435
15 7 338
15 8 397
15 9 500
15 10 622
15 11 384
15 12 454
15 13 360
15 14 353
15 16 454
15 17 256
15 18 577
15 19 309
15 20 387
15 21 486
15 22 589
15 23 248
15 24 498
15 25 11
15 26 475
15 27 539
15 28 488
15 29 159
15 30 218
15 31 333
15 32 465
15 33 138
15 34 56
15 35 526
15 36 407
15 37 184
15 38 388
15 39 193
15 40 527
15 41 484
15 42 539
15 43 471
15 44 538
15 45 331
15 46 428
15 47 328
15 48 483
15 49 534
15 50 543
15 51 488
15 52 183
15 53 264
15 54 569
15 55 247
15 56 444
15 57 482
15 58 479
15 59 421
15 60 474
15 61 377
15 62 342
15 63 267
15 64 475
15 65 434
15 66 227
15 67 376
15 68 237
15 69 539
15 70 463
15 71 285
15 72 497
15 73 709
15 74 333
15 75 493
15 76 342
15 77 357
15 78 472
15 79 488
15 80 597
15 81 166
15 82 410
15 83 501
15 84 460
15 85 468
15 86 219
15 87 483
15 88 486
15 89 233
15 90 452
15 91 372
15 92 426
15 93 116
15 94 385
15 95 100
15 96 74
15 97 518
15 98 628
15 99 524
15 100 272
16 1 953
16 2 706
16 3 584
16 4 62
16 5 320
16 6 728
16 7 740
16 8 850
16 9 84
16 10 177
16 11 610
16 12 844
16 13 212
16 14 157
16 15 454
16 17 704
16 18 885
16 19 504
16 20 215
16 21 746
16 22 395
16 23 327
16 24 803
16 25 444
16 26 390
16 27 382
16 28 774
16 29 536
16 30 624
16 31 768
16 32 470
16 33 438
16 34 461
16 35 886
16 36 556
16 37 382
16 38 602
16 39 270
16 40 75
16 41 670
16 42 949
16 43 128
16 44 294
16 45 783
16 46 691
16 47 389
16 48 338
16 49 598
16 50 186
16 51 918
16 52 448
16 53 710
16 54 379
16 55 425
16 56 304
16 57 595
16 58 466
16 59 187
16 60 393
16 61 641
16 62 163
16 63 549
16 64 881
16 65 541
16 66 630
16 67 813
16 68 654
16 69 249
16 70 83
16 71 212
16 72 491
16 73 391
16 74 263
16 75 596
16 76 763
16 77 805
16 78 221
16 79 901
16 80 223
16 81 289
16 82 660
16 83 870
16 84 866
16 85 756
16 86 545
16 87 637
16 88 638
16 89 222
16 90 103
16 91 793
16 92 832
16 93 338
16 94 599
16 95 546
16 96 490
16 97 928
16 98 571
16 99 222
16 100 379
17 1 513
17 2 269
17 3 323
17 4 734
17 5 425
17 6 489
17 7 158
17 8 168
17 9 755
17 10 864
17 11 386
17 12 254
17 13 574
17 14 584
17 15 256
17 16 704
17 18 441
17 19 479
17 20 598
17 21 417
17 22 756
17 23 488
17 24 383
17 25 266
17 26 626
17 27 703
17 28 532
17 29 200
17 30 131
17 31 219
17 32 577
17 33 348
17 34 273
17 35 486
17 36 457
17 37 359
17 38 398
17 39 435
17 40 777
17 41 602
17 42 423
17 43 726
17 44 786
17 45 85
17 46 378
17 47 472
17 48 721
17 49 703
17 50 798
17 51 342
17 52 380
17 53 12
17 54 807
17 55 453
17 56 625
17 57 526
17 58 596
17 59 638
17 60 700
17 61 349
17 62 574
17 63 401
17 64 381
17 65 501
17 66 135
17 67 126
17 68 229
17 69 747
17 70 718
17 71 514
17 72 699
17 73 905
17 74 533
17 75 540
17 76 262
17 77 180
17 78 681
17 79 376
17 80 820
17 81 419
17 82 379
17 83 456
17 84 367
17 85 517
17 86 245
17 87 619
17 88 503
17 89 484
17 90 687
17 91 145
17 92 213
17 93 368
17 94 396
17 95 192
17 96 255
17 97 405
17 98 828
17 99 737
17 100 427
18 1 938
18 2 709
18 3 303
18 4 937
18 5 731
18 6 927
18 7 284
18 8 530
18 9 961
18 10 992
18 11 279
18 12 211
18 13 683
18 14 730
18 15 577
18 16 885
18 17 441
18 19 876
18 20 693
18 21 150
18 22 716
18 23 817
18 24 84
18 25 582
18 26 596
18 27 670
18 28 972
18 29 420
18 30 372
18 31 653
18 32 502
18 33 712
18 34 625
18 35 920
18 36 356
18 37 517
18 38 290
18 39 655
18 40 953
18 41 1027
18 42 833
18 43 963
18 44 1079
18 45 467
18 46 197
18 47 507
18 48 1044
18 49 1105
18 50 1041
18 51 742
18 52 755
18 53 431
18 54 1127
18 55 823
18 56 653
18 57 363
18 58 519
18 59 735
18 60 1045
18 61 244
18 62 723
18 63 813
18 64 804
18 65 393
18 66 363
18 67 371
18 68 666
18 69 793
18 70 936
18 71 676
18 72 1073
18 73 895
18 74 630
18 75 374
18 76 699
18 77 594
18 78 748
18 79 792
18 80 892
18 81 675
18 82 228
18 83 890
18 84 792
18 85 956
18 86 371
18 87 1037
18 88 310
18 89 714
18 90 819
18 91 316
18 92 257
18 93 634
18 94 293
18 95 581
18 96 625
18 97 818
18 98 1205
18 99 799
18 100 507
19 1 470
19 2 296
19 3 627
19 4 491
19 5 235
19 6 226
19 7 612
19 8 541
19 9 499
19 10 676
19 11 691
19 12 724
19 13 539
19 14 498
19 15 309
19 16 504
19 17 479
19 18 876
19 20 566
19 21 794
19 22 797
19 23 181
19 24 800
19 25 308
19 26 714
19 27 758
19 28 271
19 29 465
19 30 505
19 31 389
19 32 733
19 33 173
19 34 256
19 35 399
19 36 705
19 37 460
19 38 695
19 39 372
19 40 556
19 41 190
19 42 498
19 43 438
19 44 398
19 45 518
19 46 737
19 47 593
19 48 307
19 49 230
19 50 478
19 51 502
19 52 128
19 53 490
19 54 381
19 55 88
19 56 654
19 57 778
19 58 742
19 59 581
19 60 259
19 61 686
19 62 490
19 63 89
19 64 432
19 65 726
19 66 515
19 67 602
19 68 282
19 69 697
19 70 459
19 71 458
19 72 225
19 73 867
19 74 542
19 75 788
19 76 357
19 77 460
19 78 638
19 79 460
19 80 714
19 81 319
19 82 718
19 83 390
19 84 422
19 85 254
19 86 528
19 87 178
19 88 789
19 89 356
19 90 562
19 91 622
19 92 687
19 93 318
19 94 691
19 95 299
19 96 252
19 97 480
19 98 351
19 99 674
19 100 540
20 1 956
20 2 680
20 3 401
20 4 275
20 5 334
20 6 767
20 7 593
20 8 760
20 9 298
20 10 301
20 11 414
20 12 685
20 13 28
20 14 78
20 15 387
20 16 215
20 17 598
20 18 693
20 19 566
20 21 548
20 22 233
20 23 391
20 24 613
20 25 378
20 26 183
20 27 200
20 28 819
20 29 404
20 30 491
20 31 718
20 32 256
20 33 438
20 34 419
20 35 895
20 36 349
20 37 240
20 38 404
20 39 208
20 40 271
20 41 753
20 42 924
20 43 330
20 44 489
20 45 682
20 46 497
20 47 186
20 48 506
20 49 722
20 50 398
20 51 874
20 52 468
20 53 601
20 54 566
20 55 478
20 56 100
20 57 383
20 58 253
20 59 44
20 60 547
20 61 452
20 62 83
20 63 579
20 64 859
20 65 329
20 66 494
20 67 687
20 68 620
20 69 153
20 70 289
20 71 111
20 72 630
20 73 324
20 74 69
20 75 383
20 76 727
20 77 736
20 78 86
20 79 873
20 80 225
20 81 258
20 82 465
20 83 873
20 84 843
20 85 799
20 86 390
20 87 730
20 88 427
20 89 210
20 90 128
20 91 655
20 92 681
20 93 286
20 94 401
20 95 487
20 96 448
20 97 902
20 98 733
20 99 141
20 100 196
21 1 930
21 2 674
21 3 178
21 4 800
21 5 623
21 6 878
21 7 272
21 8 545
21 9 824
21 10 846
21 11 136
21 12 262
21 13 540
21 14 589
21 15 486
21 16 746
21 17 417
21 18 150
21 19 794
21 20 548
21 22 568
21 23 710
21 24 87
21 25 489
21 26 447
21 27 521
21 28 927
21 29 330
21 30 312
21 31 635
21 32 353
21 33 623
21 34 539
21 35 901
21 36 206
21 37 391
21 38 144
21 39 530
21 40 812
21 41 959
21 42 836
21 43 831
21 44 956
21 45 468
21 46 60
21 47 362
21 48 929
21 49 1019
21 50 908
21 51 750
21 52 668
21 53 409
21 54 1010
21 55 731
21 56 504
21 57 218
21 58 370
21 59 589
21 60 937
21 61 114
21 62 583
21 63 741
21 64 797
21 65 243
21 66 304
21 67 390
21 68 622
21 69 644
21 70 801
21 71 540
21 72 976
21 73 747
21 74 487
21 75 229
21 76 677
21 77 591
21 78 600
21 79 790
21 80 744
21 81 557
21 82 88
21 83 871
21 84 783
21 85 909
21 86 268
21 87 964
21 88 166
21 89 588
21 90 675
21 91 331
21 92 295
21 93 522
21 94 147
21 95 513
21 96 544
21 97 818
21 98 1105
21 99 651
21 100 368
22 1 1168
22 2 887
22 3 481
22 4 453
22 5 564
22 6 993
22 7 707
22 8 924
22 9 471
22 10 375
22 11 459
22 12 774
22 13 259
22 14 307
22 15 589
22 16 395
22 17 756
22 18 716
22 19 797
22 20 233
22 21 568
22 23 624
22 24 650
22 25 581
22 26 134
22 27 54
22 28 1046
22 29 557
22 30 633
22 31 912
22 32 217
22 33 662
22 34 630
22 35 1111
22 36 369
22 37 413
22 38 444
22 39 432
22 40 418
22 41 985
22 42 1124
22 43 522
22 44 688
22 45 840
22 46 535
22 47 285
22 48 722
22 49 953
22 50 575
22 51 1066
22 52 695
22 53 757
22 54 772
22 55 709
22 56 147
22 57 355
22 58 199
22 59 228
22 60 769
22 61 508
22 62 313
22 63 806
22 64 1063
22 65 326
22 66 633
22 67 821
22 68 825
22 69 153
22 70 478
22 71 340
22 72 857
22 73 179
22 74 262
22 75 346
22 76 928
22 77 916
22 78 177
22 79 1073
22 80 238
22 81 484
22 82 505
22 83 1088
22 84 1047
22 85 1026
22 86 517
22 87 962
22 88 409
22 89 442
22 90 292
22 91 777
22 92 784
22 93 504
22 94 443
22 95 685
22 96 658
22 97 1103
22 98 954
22 99 178
22 100 333
23 1 630
23 2 402
23 3 534
23 4 321
23 5 88
23 6 402
23 7 586
23 8 598
23 9 333
23 10 501
23 11 590
23 12 701
23 13 366
23 14 320
23 15 248
23 16 327
23 17 488
23 18 817
23 19 181
23 20 391
23 21 710
23 22 624
23 24 735
23 25 241
23 26 551
23 27 588
23 28 450
23 29 399
23 30 466
23 31 479
23 32 583
23 33 147
23 34 216
23 35 562
23 36 584
23 37 334
23 38 591
23 39 215
23 40 384
23 41 363
23 42 636
23 43 279
23 44 299
23 45 551
23 46 651
23 47 448
23 48 236
23 49 342
23 50 336
23 51 619
23 52 135
23 53 498
23 54 322
23 55 99
23 56 484
23 57 651
23 58 590
23 59 403
23 60 229
23 61 597
23 62 313
23 63 225
23 64 568
23 65 596
23 66 474
23 67 613
23 68 361
23 69 518
23 70 292
23 71 287
23 72 271
23 73 686
23 74 376
23 75 659
23 76 463
23 77 534
23 78 460
23 79 592
23 80 534
23 81 168
23 82 627
23 83 547
23 84 555
23 85 431
23 86 447
23 87 339
23 88 672
23 89 184
23 90 381
23 91 616
23 92 673
23 93 190
23 94 587
23 95 299
23 96 235
23 97 616
23 98 398
23 99 494
23 100 400
24 1 891
24 2 649
24 3 220
24 4 854
24 5 649
24 6 862
24 7 228
24 8 492
24 9 878
24 10 913
24 11 201
24 12 188
24 13 603
24 14 648
24 15 498
24 16 803
24 17 383
24 18 84
24 19 800
24 20 613
24 21 87
24 22 650
24 23 735
24 25 502
24 26 526
24 27 602
24 28 909
24 29 340
24 30 299
24 31 599
24 32 434
24 33 634
24 34 547
24 35 867
24 36 284
24 37 433
24 38 213
24 39 571
24 40 871
24 41 955
24 42 790
24 43 880
24 44 996
24 45 421
24 46 119
24 47 428
24 48 961
24 49 1028
24 50 957
24 51 701
24 52 678
24 53 373
24 54 1044
24 55 744
24 56 578
24 57 303
24 58 452
24 59 656
24 60 963
24 61 162
24 62 641
24 63 739
24 64 757
24 65 324
24 66 290
24 67 333
24 68 602
24 69 719
24 70 853
24 71 593
24 72 994
24 73 828
24 74 549
24 75 315
24 76 644
24 77 547
24 78 671
24 79 747
24 80 817
24 81 592
24 82 150
24 83 837
24 84 744
24 85 892
24 86 288
24 87 964
24 88 252
24 89 630
24 90 738
24 91 274
24 92 227
24 93 551
24 94 216
24 95 508
24 96 548
24 97 774
24 98 1125
24 99 724
24 100 425
25 1 588
25 2 306
25 3 319
25 4 470
25 5 165
25 6 438
25 7 346
25 8 407
25 9 490
25 10 611
25 11 384
25 12 461
25 13 351
25 14 343
25 15 11
25 16 444
25 17 266
25 18 582
25 19 308
25 20 378
25 21 489
25 22 581
25 23 241
25 24 502
25 26 469
25 27 532
25 28 492
25 29 163
25 30 225
25 31 342
25 32 460
25 33 135
25 34 58
25 35 533
25 36 405
25 37 179
25 38 389
25 39 183
25 40 517
25 41 484
25 42 547
25 43 461
25 44 530
25 45 341
25 46 431
25 47 323
25 48 476
25 49 531
25 50 533
25 51 498
25 52 181
25 53 274
25 54 562
25 55 243
25 56 436
25 57 480
25 58 474
25 59 412
25 60 467
25 61 379
25 62 333
25 63 268
25 64 483
25 65 432
25 66 234
25 67 385
25 68 245
25 69 530
25 70 453
25 71 276
25 72 492
25 73 700
25 74 325
25 75 491
25 76 351
25 77 367
25 78 463
25 79 496
25 80 588
25 81 156
25 82 412
25 83 508
25 84 468
25 85 472
25 86 221
25 87 482
25 88 486
25 89 223
25 90 442
25 91 380
25 92 434
25 93 106
25 94 385
25 95 110
25 96 79
25 97 526
25 98 623
25 99 515
25 100 267
26 1 1055
26 2 771
26 3 348
26 4 452
26 5 480
26 6 895
26 7 574
26 8 794
26 9 474
26 10 429
26 11 330
26 12 642
26 13 198
26 14 259
26 15 475
26 16 390
26 17 626
26 18 596
26 19 714
26 20 183
26 21 447
26 22 134
26 23 551
26 24 526
26 25 469
26 27 80
26 28 949
26 29 428
26 30 501
26 31 790
26 32 99
26 33 564
26 34 521
26 35 1001
26 36 243
26 37 293
26 38 316
26 39 342
26 40 435
26 41 903
26 42 1005
26 43 511
26 44 671
26 45 709
26 46 409
26 47 156
26 48 687
26 49 890
26 50 576
26 51 942
26 52 601
26 53 626
26 54 749
26 55 627
26 56 87
26 57 243
26 58 86
26 59 204
26 60 725
26 61 378
26 62 262
26 63 711
26 64 945
26 65 204
26 66 501
26 67 688
26 68 709
26 69 206
26 70 469
26 71 266
26 72 804
26 73 305
26 74 176
26 75 238
26 76 809
26 77 790
26 78 182
26 79 953
26 80 308
26 81 395
26 82 378
26 83 976
26 84 929
26 85 929
26 86 385
26 87 885
26 88 296
26 89 367
26 90 292
26 91 644
26 92 651
26 93 404
26 94 314
26 95 568
26 96 547
26 97 984
26 98 912
26 99 220
26 100 208
27 1 1120
27 2 837
27 3 428
27 4 442
27 5 524
27 6 949
27 7 654
27 8 870
27 9 462
27 10 387
27 11 408
27 12 722
27 13 223
27 14 277
27 15 539
27 16 382
27 17 703
27 18 670
27 19 758
27 20 200
27 21 521
27 22 54
27 23 588
27 24 602
27 25 532
27 26 80
27 28 1002
27 29 504
27 30 579
27 31 860
27 32 169
27 33 617
27 34 582
27 35 1064
27 36 319
27 37 361
27 38 394
27 39 389
27 40 415
27 41 947
27 42 1074
27 43 508
27 44 673
27 45 786
27 46 485
27 47 231
27 48 700
27 49 921
27 50 567
27 51 1014
27 52 652
27 53 703
27 54 755
27 55 670
27 56 104
27 57 310
27 58 152
27 59 203
27 60 744
27 61 456
27 62 282
27 63 763
27 64 1012
27 65 278
27 66 579
27 67 767
27 68 775
27 69 159
27 70 464
27 71 302
27 72 829
27 73 227
27 74 218
27 75 303
27 76 877
27 77 863
27 78 162
27 79 1022
27 80 256
27 81 442
27 82 455
27 83 1040
27 84 997
27 85 982
27 86 464
27 87 926
27 88 364
27 89 404
27 90 280
27 91 723
27 92 731
27 93 458
27 94 392
27 95 635
27 96 609
27 97 1052
27 98 930
27 99 180
27 100 280
28 1 235
28 2 265
28 3 784
28 4 762
28 5 486
28 6 54
28 7 689
28 8 506
28 9 769
28 10 947
28 11 853
28 12 782
28 13 792
28 14 757
28 15 488
28 16 774
28 17 532
28 18 972
28 19 271
28 20 819
28 21 927
28 22 1046
28 23 450
28 24 909
28 25 492
28 26 949
28 27 1002
28 29 613
28 30 616
28 31 341
28 32 950
28 33 386
28 34 435
28 35 169
28 36 890
28 37 668
28 38 861
28 39 614
28 40 826
28 41 164
28 42 314
28 43 706
28 44 643
28 45 528
28 46 877
28 47 811
28 48 547
28 49 324
28 50 740
28 51 364
28 52 352
28 53 543
28 54 603
28 55 352
28 56 900
28 57 966
28 58 963
28 59 840
28 60 485
28 61 833
28 62 748
28 63 240
28 64 269
28 65 921
28 66 624
28 67 629
28 68 308
28 69 958
28 70 729
28 71 708
28 72 405
28 73 1130
28 74 785
28 75 977
28 76 291
28 77 418
28 78 896
28 79 301
28 80 982
28 81 563
28 82 867
28 83 177
28 84 267
28 85 20
28 86 682
28 87 209
28 88 965
28 89 612
28 90 829
28 91 670
28 92 738
28 93 545
28 94 858
28 95 423
28 96 414
28 97 305
28 98 484
28 99 936
28 100 755
29 1 660
29 2 380
29 3 172
29 4 575
29 5 316
29 6 561
29 7 206
29 8 367
29 9 598
29 10 684
29 11 241
29 12 316
29 13 382
29 14 401
29 15 159
29 16 536
29 17 200
29 18 420
29 19 465
29 20 404
29 21 330
29 22 557
29 23 399
29 24 340
29 25 163
29 26 428
29 27 504
29 28 613
29 30 90
29 31 374
29 32 386
29 33 295
29 34 210
29 35 617
29 36 287
29 37 165
29 38 249
29 39 270
29 40 610
29 41 631
29 42 591
29 43 583
29 44 675
29 45 284
29 46 274
29 47 273
29 48 630
29 49 691
29 50 659
29 51 521
29 52 340
29 53 201
29 54 715
29 55 405
29 56 426
29 57 361
29 58 404
29 59 446
29 60 627
29 61 225
29 62 391
29 63 413
29 64 537
29 65 324
29 66 95
29 67 284
29 68 320
29 69 550
29 70 565
29 71 332
29 72 654
29 73 707
29 74 338
29 75 374
29 76 403
29 77 364
29 78 486
29 79 540
29 80 628
29 81 273
29 82 258
29 83 588
29 84 521
29 85 594
29 86 69
29 87 634
29 88 354
29 89 327
29 90 504
29 91 259
29 92 298
29 93 226
29 94 246
29 95 191
29 96 215
29 97 570
29 98 786
29 99 542
29 100 227
30 1 630
30 2 364
30 3 194
30 4 663
30 5 388
30 6 567
30 7 122
30 8 295
30 9 685
30 10 773
30 11 259
30 12 237
30 13 470
30 14 490
30 15 218
30 16 624
30 17 131
30 18 372
30 19 505
30 20 491
30 21 312
30 22 633
30 23 466
30 24 299
30 25 225
30 26 501
30 27 579
30 28 616
30 29 90
30 31 336
30 32 448
30 33 346
30 34 259
30 35 595
30 36 327
30 37 254
30 38 271
30 39 357
30 40 698
30 41 657
30 42 548
30 43 667
30 44 752
30 45 210
30 46 265
30 47 349
30 48 700
30 49 734
30 50 743
30 51 470
30 52 387
30 53 128
30 54 786
30 55 457
30 56 508
30 57 397
30 58 466
30 59 534
30 60 692
30 61 227
30 62 480
30 63 441
30 64 501
30 65 370
30 66 10
30 67 196
30 68 310
30 69 635
30 70 651
30 71 421
30 72 709
30 73 788
30 74 424
30 75 411
30 76 373
30 77 309
30 78 572
30 79 499
30 80 716
30 81 356
30 82 259
30 83 565
30 84 486
30 85 598
30 86 117
30 87 666
30 88 377
30 89 413
30 90 593
30 91 170
30 92 213
30 93 306
30 94 269
30 95 209
30 96 255
30 97 529
30 98 841
30 99 629
30 100 308
31 1 296
31 2 96
31 3 528
31 4 782
31 5 451
31 6 308
31 7 372
31 8 168
31 9 798
31 10 942
31 11 594
31 12 452
31 13 691
31 14 683
31 15 333
31 16 768
31 17 219
31 18 653
31 19 389
31 20 718
31 21 635
31 22 912
31 23 479
31 24 599
31 25 342
31 26 790
31 27 860
31 28 341
31 29 374
31 30 336
31 32 758
31 33 338
31 34 310
31 35 268
31 36 656
31 37 500
31 38 606
31 39 521
31 40 837
31 41 449
31 42 217
31 43 753
31 44 767
31 45 191
31 46 595
31 47 635
31 48 684
31 49 582
31 50 814
31 51 156
31 52 345
31 53 228
31 54 764
31 55 406
31 56 770
31 57 729
31 58 775
31 59 753
31 60 644
31 61 562
31 62 673
31 63 301
31 64 165
31 65 696
31 66 342
31 67 292
31 68 119
31 69 871
31 70 758
31 71 617
31 72 611
31 73 1040
31 74 663
31 75 742
31 76 50
31 77 79
31 78 804
31 79 166
31 80 928
31 81 485
31 82 593
31 83 238
31 84 150
31 85 329
31 86 436
31 87 478
31 88 712
31 89 552
31 90 780
31 91 340
31 92 406
31 93 442
31 94 603
31 95 233
31 96 280
31 97 197
31 98 729
31 99 856
31 100 582
32 1 1036
32 2 752
32 3 275
32 4 531
32 5 504
32 6 897
32 7 505
32 8 743
32 9 554
32 10 524
32 11 244
32 12 563
32 13 264
32 14 326
32 15 465
32 16 470
32 17 577
32 18 502
32 19 733
32 20 256
32 21 353
32 22 217
32 23 583
32 24 434
32 25 460
32 26 99
32 27 169
32 28 950
32 29 386
32 30 448
32 31 758
32 33 572
32 34 516
32 35 987
32 36 154
32 37 283
32 38 230
32 39 369
32 40 521
32 41 922
32 42 975
32 43 584
32 44 739
32 45 657
32 46 319
32 47 141
32 48 745
32 49 925
32 50 653
32 51 907
32 52 613
32 53 576
32 54 812
32 55 649
32 56 175
32 57 145
32 58 20
32 59 286
32 60 776
32 61 294
32 62 325
32 63 718
32 64 919
32 65 110
32 66 446
32 67 625
32 68 689
32 69 304
32 70 544
32 71 313
32 72 847
32 73 395
32 74 225
32 75 140
32 76 783
32 77 749
32 78 275
32 79 924
32 80 405
32 81 419
32 82 290
32 83 960
32 84 903
32 85 930
32 86 333
32 87 909
32 88 198
32 89 407
32 90 377
32 91 576
32 92 576
32 93 416
32 94 229
32 95 549
32 96 539
32 97 955
32 98 962
32 99 316
32 100 196
33 1 524
33 2 268
33 3 454
33 4 447
33 5 119
33 6 333
33 7 460
33 8 452
33 9 462
33 10 614
33 11 518
33 12 575
33 13 410
33 14 382
33 15 138
33 16 438
33 17 348
33 18 712
33 19 173
33 20 438
33 21 623
33 22 662
33 23 147
33 24 634
33 25 135
33 26 564
33 27 617
33 28 386
33 29 295
33 30 346
33 31 338
33 32 572
33 34 87
33 35 461
33 36 534
33 37 293
33 38 522
33 39 231
33 40 504
33 41 354
33 42 511
33 43 416
33 44 445
33 45 406
33 46 565
33 47 431
33 48 375
33 49 397
33 50 479
33 51 483
33 52 46
33 53 358
33 54 460
33 55 112
33 56 515
33 57 608
33 58 583
33 59 463
33 60 354
33 61 514
33 62 373
33 63 148
33 64 444
33 65 557
33 66 355
33 67 474
33 68 220
33 69 583
33 70 421
33 71 327
33 72 364
33 73 756
33 74 400
33 75 618
33 76 327
33 77 388
33 78 519
33 79 464
33 80 621
33 81 181
33 82 546
33 83 441
33 84 429
33 85 366
33 86 356
33 87 349
33 88 617
33 89 238
33 90 467
33 91 482
33 92 543
33 93 160
33 94 519
33 95 156
33 96 95
33 97 491
33 98 496
33 99 563
33 100 376
34 1 540
34 2 262
34 3 373
34 4 480
34 5 156
34 6 382
34 7 375
34 8 397
34 9 499
34 10 633
34 11 439
34 12 491
34 13 391
34 14 376
34 15 56
34 16 461
34 17 273
34 18 625
34 19 256
34 20 419
34 21 539
34 22 630
34 23 216
34 24 547
34 25 58
34 26 521
34 27 582
34 28 435
34 29 210
34 30 259
34 31 310
34 32 516
34 33 87
34 35 482
34 36 462
34 37 234
34 38 444
34 39 215
34 40 532
34 41 428
34 42 507
34 43 462
34 44 513
34 45 340
34 46 482
34 47 377
34 48 451
34 49 482
34 50 531
34 51 464
34 52 131
34 53 283
34 54 537
34 55 199
34 56 483
34 57 537
34 58 529
34 59 450
34 60 435
34 61 431
34 62 366
34 63 211
34 64 441
34 65 489
34 66 269
34 67 398
34 68 203
34 69 570
34 70 459
34 71 312
34 72 450
34 73 742
34 74 370
34 75 548
34 76 312
34 77 345
34 78 503
34 79 456
34 80 621
34 81 176
34 82 464
34 83 459
34 84 426
34 85 416
34 86 273
34 87 428
34 88 542
34 89 243
34 90 471
34 91 401
34 92 460
34 93 135
34 94 440
34 95 89
34 96 31
34 97 485
34 98 582
34 99 553
34 100 321
35 1 71
35 2 237
35 3 781
35 4 882
35 5 576
35 6 185
35 7 640
35 8 409
35 9 893
35 10 1062
35 11 850
35 12 717
35 13 868
35 14 843
35 15 526
35 16 886
35 17 486
35 18 920
35 19 399
35 20 895
35 21 901
35 22 1111
35 23 562
35 24 867
35 25 533
35 26 1001
35 27 1064
35 28 169
35 29 617
35 30 595
35 31 268
35 32 987
35 33 461
35 34 482
35 36 903
35 37 710
35 38 860
35 39 688
35 40 945
35 41 332
35 42 153
35 43 834
35 44 792
35 45 455
35 46 858
35 47 853
35 48 697
35 49 492
35 50 877
35 51 224
35 52 441
35 53 495
35 54 759
35 55 465
35 56 965
35 57 977
35 58 1001
35 59 922
35 60 639
35 61 821
35 62 833
35 63 338
35 64 130
35 65 939
35 66 602
35 67 555
35 68 299
35 69 1043
35 70 852
35 71 786
35 72 567
35 73 1216
35 74 851
35 75 990
35 76 225
35 77 330
35 78 978
35 79 157
35 80 1080
35 81 640
35 82 854
35 83 31
35 84 137
35 85 175
35 86 684
35 87 377
35 88 967
35 89 699
35 90 926
35 91 606
35 92 670
35 93 611
35 94 857
35 95 439
35 96 455
35 97 150
35 98 652
35 99 1024
35 100 797
36 1 945
36 2 666
36 3 136
36 4 613
36 5 497
36 6 838
36 7 363
36 8 617
36 9 637
36 10 644
36 11 92
36 12 411
36 13 345
36 14 400
36 15 407
36 16 556
36 17 457
36 18 356
36 19 705
36 20 349
36 21 206
36 22 369
36 23 584
36 24 284
36 25 405
36 26 243
36 27 319
36 28 890
36 29 287
36 30 327
36 31 656
36 32 154
36 33 534
36 34 462
36 35 903
36 37 251
36 38 77
36 39 379
36 40 618
36 41 888
36 42 871
36 43 653
36 44 793
36 45 531
36 46 166
36 47 168
36 48 780
36 49 917
36 50 728
36 51 796
36 52 579
36 53 453
36 54 856
36 55 629
36 56 299
36 57 76
36 58 172
36 59 389
36 60 799
36 61 142
36 62 396
36 63 673
36 64 820
36 65 48
36 66 322
36 67 486
36 68 605
36 69 439
36 70 619
36 71 361
36 72 855
36 73 546
36 74 294
36 75 88
36 76 687
36 77 635
36 78 395
36 79 821
36 80 538
36 81 418
36 82 137
36 83 874
36 84 805
36 85 871
36 86 221
36 87 882
36 88 89
36 89 431
36 90 477
36 91 434
36 92 427
36 93 397
36 94 76
36 95 471
36 96 479
36 97 852
36 98 979
36 99 445
36 100 193
37 1 763
37 2 479
37 3 216
37 4 428
37 5 247
37 6 615
37 7 362
37 8 524
37 9 452
37 10 522
37 11 262
37 12 463
37 13 217
37 14 239
37 15 184
37 16 382
37 17 359
37 18 517
37 19 460
37 20 240
37 21 391
37 22 413
37 23 334
37 24 433
37 25 179
37 26 293
37 27 361
37 28 668
37 29 165
37 30 254
37 31 500
37 32 283
37 33 293
37 34 234
37 35 710
37 36 251
37 38 260
37 39 139
37 40 455
37 41 646
37 42 713
37 43 448
37 44 565
37 45 444
37 46 332
37 47 144
37 48 540
37 49 667
37 50 525
37 51 654
37 52 336
37 53 362
37 54 620
37 55 380
37 56 272
37 57 321
37 58 296
37 59 282
37 60 553
37 61 279
37 62 230
37 63 438
37 64 652
37 65 267
37 66 257
37 67 449
37 68 416
37 69 388
37 70 423
37 71 172
37 72 605
37 73 549
37 74 174
37 75 330
37 76 517
37 77 507
37 78 322
37 79 662
37 80 464
37 81 170
37 82 305
37 83 684
37 84 636
37 85 648
37 86 163
37 87 637
37 88 339
37 89 198
37 90 341
37 91 421
37 92 453
37 93 147
37 94 257
37 95 275
37 96 258
37 97 692
37 98 730
37 99 379
37 100 88
38 1 898
38 2 624
38 3 79
38 4 657
38 5 503
38 6 809
38 7 292
38 8 553
38 9 681
38 10 703
38 11 16
38 12 335
38 13 396
38 14 446
38 15 388
38 16 602
38 17 398
38 18 290
38 19 695
38 20 404
38 21 144
38 22 444
38 23 591
38 24 213
38 25 389
38 26 316
38 27 394
38 28 861
38 29 249
38 30 271
38 31 606
38 32 230
38 33 522
38 34 444
38 35 860
38 36 77
38 37 260
38 39 397
38 40 668
38 41 871
38 42 819
38 43 691
38 44 821
38 45 468
38 46 95
38 47 218
38 48 800
38 49 914
38 50 767
38 51 740
38 52 568
38 53 393
38 54 879
38 55 624
38 56 365
38 57 130
38 58 248
38 59 446
38 60 813
38 61 66
38 62 440
38 63 654
38 64 770
38 65 123
38 66 265
38 67 416
38 68 566
38 69 506
38 70 659
38 71 398
38 72 860
38 73 620
38 74 343
38 75 145
38 76 640
38 77 578
38 78 458
38 79 769
38 80 604
38 81 430
38 82 64
38 83 831
38 84 755
38 85 842
38 86 180
38 87 870
38 88 107
38 89 454
38 90 531
38 91 362
38 92 352
38 93 401
38 94 4
38 95 439
38 96 456
38 97 799
38 98 988
38 99 511
38 100 226
39 1 748
39 2 476
39 3 355
39 4 306
39 5 138
39 6 562
39 7 475
39 8 586
39 9 328
39 10 431
39 11 400
39 12 584
39 13 181
39 14 162
39 15 193
39 16 270
39 17 435
39 18 655
39 19 372
39 20 208
39 21 530
39 22 432
39 23 215
39 24 571
39 25 183
39 26 342
39 27 389
39 28 614
39 29 270
39 30 357
39 31 521
39 32 369
39 33 231
39 34 215
39 35 688
39 36 379
39 37 139
39 38 397
39 40 344
39 41 561
39 42 720
39 43 315
39 44 426
39 45 515
39 46 471
39 47 233
39 48 403
39 49 556
39 50 392
39 51 677
39 52 263
39 53 441
39 54 482
39 55 285
39 56 286
39 57 442
39 58 376
39 59 237
39 60 421
39 61 418
39 62 152
39 63 375
39 64 655
39 65 385
39 66 363
39 67 544
39 68 417
39 69 357
39 70 295
39 71 99
39 72 482
39 73 530
39 74 172
39 75 448
39 76 526
39 77 549
39 78 291
39 79 670
39 80 407
39 81 53
39 82 443
39 83 666
39 84 639
39 85 594
39 86 291
39 87 544
39 88 468
39 89 60
39 90 260
39 91 526
39 92 568
39 93 80
39 94 394
39 95 291
39 96 245
39 97 699
39 98 603
39 99 339
39 100 189
40 1 1013
40 2 772
40 3 653
40 4 66
40 5 387
40 6 781
40 7 813
40 8 923
40 9 67
40 10 122
40 11 676
40 12 917
40 13 274
40 14 224
40 15 527
40 16 75
40 17 777
40 18 953
40 19 556
40 20 271
40 21 812
40 22 418
40 23 384
40 24 871
40 25 517
40 26 435
40 27 415
40 28 826
40 29 610
40 30 698
40 31 837
40 32 521
40 33 504
40 34 532
40 35 945
40 36 618
40 37 455
40 38 668
40 39 344
40 41 713
40 42 1014
40 43 136
40 44 290
40 45 856
40 46 758
40 47 452
40 48 352
40 49 627
40 50 163
40 51 986
40 52 511
40 53 783
40 54 377
40 55 481
40 56 349
40 57 653
40 58 515
40 59 236
40 60 414
40 61 710
40 62 231
40 63 608
40 64 946
40 65 600
40 66 704
40 67 887
40 68 722
40 69 266
40 70 100
40 71 284
40 72 516
40 73 382
40 74 326
40 75 652
40 76 830
40 77 877
40 78 256
40 79 967
40 80 212
40 81 362
40 82 727
40 83 930
40 84 932
40 85 809
40 86 617
40 87 677
40 88 697
40 89 295
