nnodes nedges type capacity P s t
100  4950  graph  1000 100 1 100 
nodename posx posy itemvalue itemweight
1 586 205 0 0
2 35 661 18 10
3 842 166 10 37
4 545 323 65 33
5 592 260 64 30
6 609 644 18 20
7 884 8 73 36
8 828 47 35 40
9 94 386 85 41
10 477 321 35 13
11 899 570 37 24
12 668 225 38 20
13 510 913 94 11
14 956 152 74 43
15 925 243 97 44
16 942 863 13 45
17 800 329 31 32
18 524 643 4 41
19 496 422 68 18
20 966 440 75 32
21 34 576 100 43
22 84 271 3 24
23 936 264 80 37
24 318 31 63 15
25 2 796 29 49
26 704 901 79 18
27 366 373 72 16
28 126 228 87 17
29 638 435 79 12
30 381 915 61 25
31 678 675 6 23
32 779 478 70 38
33 4 655 54 23
34 473 852 28 22
35 429 440 93 3
36 644 464 5 42
37 368 80 47 7
38 735 304 15 26
39 345 53 95 29
40 687 347 42 26
41 201 392 77 21
42 601 567 45 48
43 117 727 88 31
44 148 107 16 16
45 514 881 95 26
46 375 192 41 2
47 556 154 49 12
48 23 912 39 4
49 161 496 34 19
50 117 591 27 28
51 936 761 73 33
52 55 304 69 19
53 842 790 41 33
54 961 539 96 38
55 843 0 11 38
56 238 397 63 37
57 744 839 10 9
58 316 861 86 47
59 919 464 41 1
60 969 433 63 35
61 345 696 29 5
62 626 253 38 29
63 850 649 68 27
64 166 363 82 3
65 145 635 95 11
66 954 434 31 19
67 396 9 43 49
68 90 590 37 34
69 151 403 82 32
70 129 347 71 44
71 404 368 21 35
72 744 148 83 30
73 207 60 43 20
74 362 126 79 33
75 525 683 73 43
76 560 222 70 1
77 379 538 47 7
78 476 581 29 14
79 539 994 35 12
80 944 36 66 31
81 629 899 22 48
82 470 377 99 15
83 260 913 47 37
84 968 412 100 30
85 316 449 71 20
86 759 72 23 41
87 817 855 54 7
88 221 377 73 48
89 915 935 77 1
90 503 792 82 49
91 618 415 43 1
92 15 997 1 41
93 305 843 10 29
94 578 844 6 44
95 189 522 42 23
96 881 170 25 14
97 773 703 71 25
98 547 34 80 17
99 968 867 62 29
100 798 637 0 0
endpoint1 endpoint2 weight
1 2 716
1 3 259
1 4 125
1 5 56
1 6 440
1 7 358
1 8 290
1 9 525
1 10 160
1 11 481
1 12 85
1 13 713
1 14 374
1 15 342
1 16 749
1 17 248
1 18 443
1 19 235
1 20 447
1 21 666
1 22 507
1 23 355
1 24 320
1 25 831
1 26 706
1 27 277
1 28 461
1 29 236
1 30 740
1 31 479
1 32 335
1 33 736
1 34 657
1 35 283
1 36 266
1 37 252
1 38 179
1 39 285
1 40 175
1 41 429
1 42 363
1 43 702
1 44 449
1 45 680
1 46 212
1 47 60
1 48 904
1 49 516
1 50 608
1 51 657
1 52 541
1 53 639
1 54 503
1 55 329
1 56 398
1 57 654
1 58 710
1 59 422
1 60 446
1 61 547
1 62 63
1 63 517
1 64 449
1 65 616
1 66 434
1 67 273
1 68 628
1 69 478
1 70 479
1 71 245
1 72 168
1 73 406
1 74 238
1 75 482
1 76 32
1 77 393
1 78 392
1 79 791
1 80 396
1 81 696
1 82 208
1 83 780
1 84 435
1 85 364
1 86 219
1 87 690
1 88 404
1 89 801
1 90 593
1 91 213
1 92 977
1 93 698
1 94 640
1 95 509
1 96 298
1 97 532
1 98 176
1 99 765
1 100 482
2 1 716
2 3 947
2 4 612
2 5 687
2 6 575
2 7 1072
2 8 1003
2 9 282
2 10 558
2 11 869
2 12 769
2 13 538
2 14 1053
2 15 984
2 16 930
2 17 834
2 18 490
2 19 520
2 20 957
2 21 86
2 22 394
2 23 985
2 24 691
2 25 139
2 26 711
2 27 439
2 28 443
2 29 644
2 30 430
2 31 644
2 32 767
2 33 32
2 34 478
2 35 452
2 36 641
2 37 670
2 38 786
2 39 683
2 40 724
2 41 317
2 42 574
2 43 106
2 44 566
2 45 528
2 46 580
2 47 727
2 48 252
2 49 208
2 50 108
2 51 907
2 52 358
2 53 818
2 54 935
2 55 1044
2 56 334
2 57 732
2 58 345
2 59 906
2 60 962
2 61 312
2 62 719
2 63 816
2 64 326
2 65 114
2 66 947
2 67 746
2 68 90
2 69 283
2 70 328
2 71 472
2 72 876
2 73 626
2 74 628
2 75 491
2 76 685
2 77 366
2 78 449
2 79 605
2 80 1104
2 81 640
2 82 520
2 83 338
2 84 966
2 85 353
2 86 934
2 87 806
2 88 340
2 89 922
2 90 486
2 91 633
2 92 337
2 93 326
2 94 574
2 95 208
2 96 979
2 97 740
2 98 810
2 99 956
2 100 764
3 1 259
3 2 947
3 4 336
3 5 268
3 6 532
3 7 164
3 8 120
3 9 780
3 10 397
3 11 409
3 12 184
3 13 818
3 14 115
3 15 114
3 16 705
3 17 169
3 18 574
3 19 431
3 20 301
3 21 907
3 22 766
3 23 136
3 24 542
3 25 1050
3 26 748
3 27 520
3 28 719
3 29 338
3 30 880
3 31 535
3 32 319
3 33 971
3 34 779
3 35 496
3 36 358
3 37 482
3 38 175
3 39 510
3 40 239
3 41 680
3 42 468
3 43 917
3 44 697
3 45 787
3 46 468
3 47 287
3 48 1108
3 49 757
3 50 841
3 51 603
3 52 800
3 53 624
3 54 392
3 55 167
3 56 647
3 57 681
3 58 872
3 59 308
3 60 296
3 61 727
3 62 233
3 63 484
3 64 705
3 65 841
3 66 291
3 67 473
3 68 864
3 69 731
3 70 736
3 71 483
3 72 100
3 73 644
3 74 482
3 75 607
3 76 288
3 77 594
3 78 554
3 79 882
3 80 166
3 81 764
3 82 428
3 83 947
3 84 277
3 85 598
3 86 126
3 87 690
3 88 656
3 89 773
3 90 712
3 91 335
3 92 1173
3 93 865
3 94 728
3 95 744
3 96 40
3 97 542
3 98 324
3 99 713
3 100 474
4 1 125
4 2 612
4 3 336
4 5 79
4 6 328
4 7 463
4 8 396
4 9 456
4 10 69
4 11 432
4 12 158
4 13 592
4 14 446
4 15 389
4 16 671
4 17 256
4 18 321
4 19 111
4 20 437
4 21 571
4 22 464
4 23 396
4 24 370
4 25 721
4 26 600
4 27 186
4 28 430
4 29 146
4 30 615
4 31 377
4 32 281
4 33 635
4 34 534
4 35 165
4 36 173
4 37 301
4 38 191
4 39 337
4 40 145
4 41 351
4 42 251
4 43 589
4 44 452
4 45 559
4 46 215
4 47 170
4 48 788
4 49 422
4 50 505
4 51 588
4 52 491
4 53 554
4 54 469
4 55 440
4 56 316
4 57 554
4 58 585
4 59 400
4 60 439
4 61 424
4 62 108
4 63 447
4 64 382
4 65 508
4 66 424
4 67 348
4 68 528
4 69 403
4 70 417
4 71 149
4 72 266
4 73 429
4 74 269
4 75 361
4 76 103
4 77 272
4 78 268
4 79 672
4 80 492
4 81 583
4 82 93
4 83 656
4 84 433
4 85 262
4 86 330
4 87 598
4 88 329
4 89 716
4 90 471
4 91 118
4 92 858
4 93 573
4 94 523
4 95 408
4 96 370
4 97 444
4 98 290
4 99 690
4 100 404
5 1 56
5 2 687
5 3 268
5 4 79
5 6 385
5 7 386
5 8 318
5 9 514
5 10 131
5 11 437
5 12 84
5 13 659
5 14 380
5 15 334
5 16 698
5 17 220
5 18 389
5 19 189
5 20 416
5 21 642
5 22 509
5 23 345
5 24 358
5 25 798
5 26 651
5 27 253
5 28 468
5 29 181
5 30 689
5 31 424
5 32 288
5 33 709
5 34 604
5 35 243
5 36 211
5 37 288
5 38 150
5 39 323
5 40 129
5 41 413
5 42 308
5 43 667
5 44 470
5 45 626
5 46 228
5 47 112
5 48 866
5 49 492
5 50 579
5 51 608
5 52 539
5 53 587
5 54 463
5 55 362
5 56 380
5 57 599
5 58 662
5 59 386
5 60 415
5 61 502
5 62 35
5 63 467
5 64 439
5 65 584
5 66 402
5 67 319
5 68 601
5 69 464
5 70 472
5 71 217
5 72 189
5 73 434
5 74 267
5 75 429
5 76 50
5 77 351
5 78 342
5 79 736
5 80 418
5 81 641
5 82 170
5 83 733
5 84 406
5 85 335
5 86 252
5 87 637
5 88 390
5 89 749
5 90 540
5 91 158
5 92 937
5 93 650
5 94 585
5 95 481
5 96 303
5 97 479
5 98 231
5 99 715
5 100 430
6 1 440
6 2 575
6 3 532
6 4 328
6 5 385
6 7 693
6 8 636
6 9 577
6 10 349
6 11 300
6 12 424
6 13 287
6 14 603
6 15 511
6 16 399
6 17 369
6 18 86
6 19 250
6 20 412
6 21 580
6 22 645
6 23 502
6 24 679
6 25 626
6 26 274
6 27 364
6 28 638
6 29 212
6 30 355
6 31 76
6 32 238
6 33 606
6 34 249
6 35 273
6 36 184
6 37 614
6 38 363
6 39 648
6 40 308
6 41 480
6 42 78
6 43 499
6 44 708
6 45 256
6 46 509
6 47 493
6 48 645
6 49 472
6 50 495
6 51 348
6 52 651
6 53 275
6 54 368
6 55 686
6 56 446
6 57 238
6 58 365
6 59 359
6 60 418
6 61 270
6 62 392
6 63 242
6 64 525
6 65 465
6 66 404
6 67 670
6 68 522
6 69 518
6 70 565
6 71 344
6 72 515
6 73 709
6 74 574
6 75 93
6 76 425
6 77 254
6 78 148
6 79 357
6 80 695
6 81 256
6 82 302
6 83 441
6 84 428
6 85 352
6 86 592
6 87 297
6 88 471
6 89 423
6 90 183
6 91 230
6 92 691
6 93 364
6 94 203
6 95 438
6 96 547
6 97 175
6 98 614
6 99 423
6 100 190
7 1 358
7 2 1072
7 3 164
7 4 463
7 5 386
7 6 693
7 8 69
7 9 876
7 10 514
7 11 563
7 12 307
7 13 980
7 14 161
7 15 239
7 16 857
7 17 332
7 18 730
7 19 568
7 20 440
7 21 1023
7 22 843
7 23 262
7 24 567
7 25 1183
7 26 911
7 27 634
7 28 790
7 29 493
7 30 1038
7 31 699
7 32 482
7 33 1093
7 34 939
7 35 628
7 36 516
7 37 521
7 38 332
7 39 541
7 40 393
7 41 784
7 42 627
7 43 1052
7 44 743
7 45 949
7 46 542
7 47 360
7 48 1249
7 49 873
7 50 964
7 51 755
7 52 881
7 53 784
7 54 537
7 55 42
7 56 755
7 57 843
7 58 1025
7 59 458
7 60 434
7 61 874
7 62 356
7 63 642
7 64 801
7 65 970
7 66 432
7 67 489
7 68 985
7 69 833
7 70 828
7 71 600
7 72 198
7 73 679
7 74 536
7 75 765
7 76 389
7 77 733
7 78 704
7 79 1045
7 80 67
7 81 927
7 82 555
7 83 1100
7 84 413
7 85 720
7 86 141
7 87 850
7 88 759
7 89 928
7 90 872
7 91 487
7 92 1317
7 93 1017
7 94 891
7 95 865
7 96 163
7 97 704
7 98 339
7 99 864
7 100 635
8 1 290
8 2 1003
8 3 120
8 4 396
8 5 318
8 6 636
8 7 69
8 9 809
8 10 446
8 11 528
8 12 240
8 13 923
8 14 166
8 15 219
8 16 824
8 17 284
8 18 670
8 19 501
8 20 417
8 21 955
8 22 777
8 23 243
8 24 511
8 25 1116
8 26 863
8 27 566
8 28 725
8 29 433
8 30 977
8 31 646
8 32 434
8 33 1025
8 34 880
8 35 561
8 36 456
8 37 462
8 38 274
8 39 484
8 40 332
8 41 716
8 42 568
8 43 984
8 44 683
8 45 892
8 46 476
8 47 293
8 48 1182
8 49 805
8 50 896
8 51 723
8 52 815
8 53 744
8 54 510
8 55 50
8 56 687
8 57 797
8 58 962
8 59 427
8 60 411
8 61 810
8 62 289
8 63 603
8 64 734
8 65 902
8 66 407
8 67 434
8 68 917
8 69 765
8 70 761
8 71 532
8 72 132
8 73 622
8 74 473
8 75 705
8 76 321
8 77 666
8 78 640
8 79 991
8 80 117
8 81 875
8 82 487
8 83 1036
8 84 391
8 85 651
8 86 74
8 87 809
8 88 691
8 89 893
8 90 813
8 91 424
8 92 1251
8 93 953
8 94 836
8 95 797
8 96 134
8 97 659
8 98 282
8 99 832
8 100 591
9 1 525
9 2 282
9 3 780
9 4 456
9 5 514
9 6 577
9 7 876
9 8 809
9 10 389
9 11 826
9 12 597
9 13 672
9 14 894
9 15 844
9 16 973
9 17 709
9 18 501
9 19 404
9 20 874
9 21 200
9 22 116
9 23 851
9 24 420
9 25 421
9 26 799
9 27 273
9 28 162
9 29 547
9 30 602
9 31 652
9 32 692
9 33 284
9 34 601
9 35 340
9 36 556
9 37 411
9 38 647
9 39 418
9 40 595
9 41 108
9 42 539
9 43 342
9 44 285
9 45 650
9 46 342
9 47 517
9 48 531
9 49 129
9 50 207
9 51 922
9 52 91
9 53 851
9 54 881
9 55 843
9 56 145
9 57 793
9 58 525
9 59 829
9 60 877
9 61 399
9 62 549
9 63 801
9 64 76
9 65 255
9 66 862
9 67 484
9 68 205
9 69 60
9 70 53
9 71 311
9 72 693
9 73 346
9 74 374
9 75 524
9 76 495
9 77 323
9 78 429
9 79 754
9 80 920
9 81 742
9 82 377
9 83 553
9 84 875
9 85 231
9 86 736
9 87 862
9 88 128
9 89 988
9 90 577
9 91 525
9 92 617
9 93 504
9 94 667
9 95 166
9 96 817
9 97 750
9 98 574
9 99 998
9 100 748
10 1 160
10 2 558
10 3 397
10 4 69
10 5 131
10 6 349
10 7 514
10 8 446
10 9 389
10 11 490
10 12 214
10 13 593
10 14 508
10 15 455
10 16 715
10 17 324
10 18 326
10 19 103
10 20 504
10 21 512
10 22 397
10 23 463
10 24 331
10 25 672
10 26 623
10 27 123
10 28 364
10 29 198
10 30 602
10 31 408
10 32 341
10 33 580
10 34 532
10 35 129
10 36 220
10 37 265
10 38 259
10 39 299
10 40 212
10 41 285
10 42 276
10 43 543
10 44 393
10 45 562
10 46 165
10 47 185
10 48 746
10 49 362
10 50 450
10 51 636
10 52 423
10 53 595
10 54 531
10 55 487
10 56 251
10 57 583
10 58 564
10 59 465
10 60 505
10 61 398
10 62 164
10 63 497
10 64 314
10 65 457
10 66 491
10 67 323
10 68 472
10 69 337
10 70 349
10 71 87
10 72 319
10 73 376
10 74 227
10 75 366
10 76 130
10 77 239
10 78 261
10 79 676
10 80 548
10 81 598
10 82 57
10 83 631
10 84 500
10 85 206
10 86 377
10 87 634
10 88 263
10 89 755
10 90 472
10 91 170
10 92 819
10 93 550
10 94 533
10 95 352
10 96 432
10 97 484
10 98 296
10 99 735
10 100 451
11 1 481
11 2 869
11 3 409
11 4 432
11 5 437
11 6 300
11 7 563
11 8 528
11 9 826
11 10 490
11 12 416
11 13 519
11 14 422
11 15 329
11 16 297
11 17 261
11 18 383
11 19 430
11 20 147
11 21 866
11 22 869
11 23 309
11 24 793
11 25 926
11 26 385
11 27 569
11 28 846
11 29 294
11 30 623
11 31 245
11 32 152
11 33 900
11 34 511
11 35 488
11 36 277
11 37 723
11 38 313
11 39 758
11 40 308
11 41 721
11 42 299
11 43 798
11 44 883
11 45 495
11 46 647
11 47 540
11 48 941
11 49 742
11 50 783
11 51 195
11 52 885
11 53 228
11 54 70
11 55 573
11 56 684
11 57 311
11 58 652
11 59 108
11 60 154
11 61 569
11 62 419
11 63 93
11 64 762
11 65 757
11 66 147
11 67 754
11 68 810
11 69 767
11 70 802
11 71 535
11 72 450
11 73 860
11 74 697
11 75 391
11 76 486
11 77 521
11 78 424
11 79 557
11 80 536
11 81 426
11 82 471
11 83 726
11 84 173
11 85 596
11 86 518
11 87 297
11 88 705
11 89 366
11 90 454
11 91 321
11 92 982
11 93 654
11 94 423
11 95 712
11 96 401
11 97 184
11 98 642
11 99 305
11 100 122
12 1 85
12 2 769
12 3 184
12 4 158
12 5 84
12 6 424
12 7 307
12 8 240
12 9 597
12 10 214
12 11 416
12 13 706
12 14 298
12 15 258
12 16 695
12 17 169
12 18 443
12 19 262
12 20 368
12 21 725
12 22 586
12 23 271
12 24 401
12 25 878
12 26 677
12 27 337
12 28 543
12 29 213
12 30 748
12 31 451
12 32 277
12 33 792
12 34 657
12 35 322
12 36 241
12 37 334
12 38 104
12 39 366
12 40 124
12 41 496
12 42 349
12 43 746
12 44 534
12 45 674
12 46 295
12 47 133
12 48 943
12 49 575
12 50 662
12 51 600
12 52 619
12 53 592
12 54 430
12 55 286
12 56 464
12 57 619
12 58 727
12 59 347
12 60 366
12 61 572
12 62 51
12 63 462
12 64 521
12 65 665
12 66 355
12 67 348
12 68 684
12 69 547
12 70 553
12 71 301
12 72 109
12 73 490
12 74 322
12 75 480
12 76 109
12 77 427
12 78 405
12 79 780
12 80 335
12 81 676
12 82 250
12 83 800
12 84 354
12 85 418
12 86 179
12 87 648
12 88 473
12 89 752
12 90 591
12 91 197
12 92 1012
12 93 717
12 94 626
12 95 564
12 96 220
12 97 490
12 98 227
12 99 709
12 100 433
13 1 713
13 2 538
13 3 818
13 4 592
13 5 659
13 6 287
13 7 980
13 8 923
13 9 672
13 10 593
13 11 519
13 12 706
13 14 883
13 15 789
13 16 435
13 17 653
13 18 271
13 19 492
13 20 658
13 21 584
13 22 771
13 23 777
13 24 903
13 25 522
13 26 195
13 27 559
13 28 786
13 29 495
13 30 130
13 31 292
13 32 512
13 33 568
13 34 72
13 35 480
13 36 469
13 37 846
13 38 650
13 39 876
13 40 594
13 41 606
13 42 358
13 43 435
13 44 884
13 45 33
13 46 734
13 47 761
13 48 488
13 49 544
13 50 509
13 51 453
13 52 761
13 53 355
13 54 586
13 55 972
13 56 584
13 57 246
13 58 201
13 59 608
13 60 665
13 61 273
13 62 671
13 63 431
13 64 649
13 65 459
13 66 654
13 67 912
13 68 530
13 69 624
13 70 683
13 71 556
13 72 800
13 73 906
13 74 801
13 75 231
13 76 693
13 77 398
13 78 334
13 79 87
13 80 979
13 81 120
13 82 538
13 83 250
13 84 679
13 85 503
13 86 878
13 87 313
13 88 609
13 89 406
13 90 122
13 91 510
13 92 503
13 93 217
13 94 97
13 95 506
13 96 831
13 97 337
13 98 880
13 99 461
13 100 399
14 1 374
14 2 1053
14 3 115
14 4 446
14 5 380
14 6 603
14 7 161
14 8 166
14 9 894
14 10 508
14 11 422
14 12 298
14 13 883
14 15 97
14 16 712
14 17 236
14 18 654
14 19 534
14 20 289
14 21 1015
14 22 881
14 23 114
14 24 650
14 25 1152
14 26 791
14 27 631
14 28 834
14 29 426
14 30 956
14 31 593
14 32 371
14 33 1077
14 34 851
14 35 601
14 36 442
14 37 593
14 38 269
14 39 619
14 40 333
14 41 793
14 42 547
14 43 1018
14 44 810
14 45 853
14 46 583
14 47 401
14 48 1204
14 49 867
14 50 947
14 51 610
14 52 914
14 53 649
14 54 388
14 55 190
14 56 759
14 57 719
14 58 956
14 59 315
14 60 282
14 61 819
14 62 346
14 63 509
14 64 818
14 65 944
14 66 283
14 67 578
14 68 971
14 69 844
14 70 850
14 71 593
14 72 213
14 73 755
14 74 595
14 75 684
14 76 403
14 77 695
14 78 644
14 79 940
14 80 117
14 81 816
14 82 536
14 83 1032
14 84 261
14 85 706
14 86 213
14 87 717
14 88 769
14 89 785
14 90 785
14 91 429
14 92 1265
14 93 950
14 94 789
14 95 852
14 96 78
14 97 581
14 98 426
14 99 716
14 100 511
15 1 342
15 2 984
15 3 114
15 4 389
15 5 334
15 6 511
15 7 239
15 8 219
15 9 844
15 10 455
15 11 329
15 12 258
15 13 789
15 14 97
15 16 621
15 17 152
15 18 567
15 19 465
15 20 202
15 21 952
15 22 842
15 23 24
15 24 643
15 25 1076
15 26 695
15 27 574
15 28 800
15 29 346
15 30 865
15 31 498
15 32 277
15 33 1009
15 34 759
15 35 534
15 36 358
15 37 581
15 38 200
15 39 611
15 40 260
15 41 740
15 42 459
15 43 942
15 44 789
15 45 759
15 46 553
15 47 380
15 48 1124
15 49 805
15 50 880
15 51 519
15 52 873
15 53 554
15 54 299
15 55 257
15 56 705
15 57 623
15 58 868
15 59 222
15 60 196
15 61 736
15 62 300
15 63 413
15 64 769
15 65 873
15 66 194
15 67 579
15 68 905
15 69 791
15 70 803
15 71 536
15 72 205
15 73 741
15 74 576
15 75 595
15 76 366
15 77 621
15 78 563
15 79 845
15 80 208
15 81 720
15 82 475
15 83 944
15 84 175
15 85 643
15 86 239
15 87 622
15 88 717
15 89 693
15 90 693
15 91 352
15 92 1182
15 93 863
15 94 694
15 95 788
15 96 86
15 97 485
15 98 432
15 99 626
15 100 414
16 1 749
16 2 930
16 3 705
16 4 671
16 5 698
16 6 399
16 7 857
16 8 824
16 9 973
16 10 715
16 11 297
16 12 695
16 13 435
16 14 712
16 15 621
16 17 553
16 18 473
16 19 628
16 20 424
16 21 953
16 22 1043
16 23 600
16 24 1040
16 25 943
16 26 242
16 27 757
16 28 1034
16 29 525
16 30 564
16 31 325
16 32 419
16 33 961
16 34 470
16 35 665
16 36 499
16 37 971
16 38 597
16 39 1007
16 40 576
16 41 879
16 42 452
16 43 837
16 44 1097
16 45 429
16 46 879
16 47 808
16 48 921
16 49 863
16 50 869
16 51 103
16 52 1049
16 53 124
16 54 325
16 55 869
16 56 845
16 57 200
16 58 627
16 59 400
16 60 431
16 61 620
16 62 687
16 63 233
16 64 924
16 65 829
16 66 430
16 67 1014
16 68 895
16 69 916
16 70 963
16 71 732
16 72 742
16 73 1089
16 74 938
16 75 455
16 76 747
16 77 651
16 78 545
16 79 424
16 80 828
16 81 316
16 82 678
16 83 684
16 84 452
16 85 751
16 86 812
16 87 126
16 88 870
16 89 77
16 90 445
16 91 553
16 92 937
16 93 638
16 94 365
16 95 827
16 96 696
16 97 233
16 98 919
16 99 27
16 100 268
17 1 248
17 2 834
17 3 169
17 4 256
17 5 220
17 6 369
17 7 332
17 8 284
17 9 709
17 10 324
17 11 261
17 12 169
17 13 653
17 14 236
17 15 152
17 16 553
17 18 419
17 19 318
17 20 200
17 21 805
17 22 719
17 23 151
17 24 567
17 25 925
17 26 580
17 27 437
17 28 682
17 29 194
17 30 721
17 31 367
17 32 151
17 33 861
17 34 617
17 35 388
17 36 207
17 37 499
17 38 70
17 39 533
17 40 115
17 41 603
17 42 311
17 43 791
17 44 689
17 45 622
17 46 447
17 47 301
17 48 972
17 49 661
17 50 732
17 51 453
17 52 746
17 53 463
17 54 265
17 55 332
17 56 567
17 57 514
17 58 720
17 59 180
17 60 199
17 61 585
17 62 190
17 63 324
17 64 635
17 65 723
17 66 187
17 67 516
17 68 757
17 69 654
17 70 672
17 71 398
17 72 190
17 73 652
17 74 483
17 75 449
17 76 263
17 77 471
17 78 411
17 79 715
17 80 327
17 81 596
17 82 334
17 83 796
17 84 188
17 85 499
17 86 261
17 87 527
17 88 581
17 89 617
17 90 551
17 91 202
17 92 1031
17 93 714
17 94 561
17 95 641
17 96 179
17 97 375
17 98 389
17 99 564
17 100 309
18 1 443
18 2 490
18 3 574
18 4 321
18 5 389
18 6 86
18 7 730
18 8 670
18 9 501
18 10 326
18 11 383
18 12 443
18 13 271
18 14 654
18 15 567
18 16 473
18 17 419
18 19 223
18 20 487
18 21 495
18 22 577
18 23 560
18 24 646
18 25 544
18 26 315
18 27 313
18 28 576
18 29 238
18 30 308
18 31 158
18 32 304
18 33 521
18 34 216
18 35 225
18 36 216
18 37 585
18 38 400
18 39 617
18 40 338
18 41 410
18 42 109
18 43 416
18 44 655
18 45 239
18 46 475
18 47 491
18 48 569
18 49 392
18 50 411
18 51 429
18 52 579
18 53 351
18 54 450
18 55 718
18 56 378
18 57 295
18 58 302
18 59 434
18 60 493
18 61 187
18 62 404
18 63 327
18 64 455
18 65 380
18 66 479
18 67 647
18 68 438
18 69 444
18 70 494
18 71 301
18 72 542
18 73 664
18 74 542
18 75 41
18 76 423
18 77 180
18 78 79
18 79 352
18 80 739
18 81 277
18 82 272
18 83 378
18 84 501
18 85 285
18 86 618
18 87 362
18 88 404
18 89 489
18 90 151
18 91 247
18 92 620
18 93 297
18 94 209
18 95 357
18 96 593
18 97 257
18 98 610
18 99 498
18 100 275
19 1 235
19 2 520
19 3 431
19 4 111
19 5 189
19 6 250
19 7 568
19 8 501
19 9 404
19 10 103
19 11 430
19 12 262
19 13 492
19 14 534
19 15 465
19 16 628
19 17 318
19 18 223
19 20 471
19 21 487
19 22 439
19 23 468
19 24 430
19 25 620
19 26 523
19 27 139
19 28 418
19 29 143
19 30 507
19 31 312
19 32 289
19 33 545
19 34 431
19 35 70
19 36 154
19 37 366
19 38 267
19 39 399
19 40 206
19 41 297
19 42 180
19 43 487
19 44 470
19 45 460
19 46 260
19 47 275
19 48 682
19 49 344
19 50 415
19 51 556
19 52 457
19 53 506
19 54 480
19 55 547
19 56 260
19 57 486
19 58 475
19 59 426
19 60 474
19 61 313
19 62 214
19 63 421
19 64 336
19 65 411
19 66 459
19 67 425
19 68 440
19 69 346
19 70 375
19 71 107
19 72 370
19 73 464
19 74 325
19 75 263
19 76 210
19 77 165
19 78 161
19 79 574
19 80 592
19 81 496
19 82 52
19 83 545
19 84 473
19 85 183
19 86 438
19 87 540
19 88 279
19 89 663
19 90 371
19 91 123
19 92 750
19 93 463
19 94 430
19 95 323
19 96 461
19 97 395
19 98 392
19 99 649
19 100 371
20 1 447
20 2 957
20 3 301
20 4 437
20 5 416
20 6 412
20 7 440
20 8 417
20 9 874
20 10 504
20 11 147
20 12 368
20 13 658
20 14 289
20 15 202
20 16 424
20 17 200
20 18 487
20 19 471
20 21 942
20 22 899
20 23 179
20 24 767
20 25 1028
20 26 531
20 27 604
20 28 867
20 29 329
20 30 754
20 31 372
20 32 191
20 33 986
20 34 643
20 35 537
20 36 323
20 37 698
20 38 269
20 39 732
20 40 295
20 41 767
20 42 387
20 43 897
20 44 884
20 45 632
20 46 641
20 47 500
20 48 1055
20 49 807
20 50 863
20 51 323
20 52 922
20 53 372
20 54 100
20 55 457
20 56 730
20 57 457
20 58 775
20 59 53
20 60 8
20 61 672
20 62 389
20 63 240
20 64 804
20 65 844
20 66 14
20 67 715
20 68 889
20 69 816
20 70 843
20 71 567
20 72 367
20 73 849
20 74 681
20 75 504
20 76 461
20 77 596
20 78 510
20 79 700
20 80 405
20 81 570
20 82 500
20 83 850
20 84 29
20 85 651
20 86 423
20 87 441
20 88 748
20 89 498
20 90 582
20 91 349
20 92 1103
20 93 775
20 94 561
20 95 782
20 96 284
20 97 327
20 98 584
20 99 428
20 100 259
21 1 666
21 2 86
21 3 907
21 4 571
21 5 642
21 6 580
21 7 1023
21 8 955
21 9 200
21 10 512
21 11 866
21 12 725
21 13 584
21 14 1015
21 15 952
21 16 953
21 17 805
21 18 495
21 19 487
21 20 942
21 22 310
21 23 955
21 24 615
21 25 223
21 26 745
21 27 390
21 28 360
21 29 621
21 30 486
21 31 652
21 32 752
21 33 85
21 34 519
21 35 418
21 36 621
21 37 598
21 38 752
21 39 609
21 40 692
21 41 249
21 42 568
21 43 173
21 44 483
21 45 569
21 46 514
21 47 672
21 48 337
21 49 151
21 50 85
21 51 921
21 52 273
21 53 836
21 54 928
21 55 994
21 56 272
21 57 758
21 58 401
21 59 893
21 60 946
21 61 334
21 62 675
21 63 820
21 64 251
21 65 126
21 66 931
21 67 673
21 68 58
21 69 209
21 70 248
21 71 425
21 72 830
21 73 545
21 74 557
21 75 503
21 76 635
21 77 348
21 78 443
21 79 656
21 80 1059
21 81 678
21 82 480
21 83 406
21 84 949
21 85 310
21 86 883
21 87 832
21 88 274
21 89 952
21 90 517
21 91 606
21 92 422
21 93 381
21 94 607
21 95 165
21 96 940
21 97 750
21 98 747
21 99 979
21 100 767
22 1 507
22 2 394
22 3 766
22 4 464
22 5 509
22 6 645
22 7 843
22 8 777
22 9 116
22 10 397
22 11 869
22 12 586
22 13 771
22 14 881
22 15 842
22 16 1043
22 17 719
22 18 577
22 19 439
22 20 899
22 21 310
22 23 853
22 24 336
22 25 532
22 26 884
22 27 300
22 28 61
22 29 578
22 30 710
22 31 719
22 32 726
22 33 393
22 34 700
22 35 385
22 36 593
22 37 343
22 38 652
22 39 341
22 40 608
22 41 169
22 42 596
22 43 458
22 44 177
22 45 747
22 46 302
22 47 487
22 48 644
22 49 238
22 50 322
22 51 983
22 52 44
22 53 919
22 54 918
22 55 806
22 56 199
22 57 871
22 58 634
22 59 858
22 60 900
22 61 499
22 62 543
22 63 855
22 64 124
22 65 370
22 66 886
22 67 408
22 68 320
22 69 149
22 70 89
22 71 335
22 72 672
22 73 245
22 74 314
22 75 604
22 76 479
22 77 398
22 78 500
22 79 855
22 80 892
22 81 832
22 82 401
22 83 666
22 84 896
22 85 293
22 86 704
22 87 938
22 88 174
22 89 1064
22 90 669
22 91 554
22 92 730
22 93 614
22 94 757
22 95 273
22 96 804
22 97 814
22 98 521
22 99 1067
22 100 803
23 1 355
23 2 985
23 3 136
23 4 396
23 5 345
23 6 502
23 7 262
23 8 243
23 9 851
23 10 463
23 11 309
23 12 271
23 13 777
23 14 114
23 15 24
23 16 600
23 17 151
23 18 560
23 19 468
23 20 179
23 21 955
23 22 853
23 24 661
23 25 1075
23 26 678
23 27 581
23 28 811
23 29 344
23 30 856
23 31 486
23 32 266
23 33 1011
23 34 749
23 35 537
23 36 354
23 37 598
23 38 205
23 39 628
23 40 263
23 41 747
23 42 452
23 43 941
23 44 804
23 45 748
23 46 566
23 47 396
23 48 1120
23 49 809
23 50 882
23 51 497
23 52 882
23 53 535
23 54 277
23 55 280
23 56 711
23 57 607
23 58 861
23 59 201
23 60 173
23 61 733
23 62 311
23 63 395
23 64 777
23 65 874
23 66 171
23 67 598
23 68 907
23 69 798
23 70 812
23 71 543
23 72 225
23 73 758
23 74 591
23 75 587
23 76 379
23 77 621
23 78 559
23 79 831
23 80 229
23 81 706
23 82 480
23 83 938
23 84 152
23 85 648
23 86 262
23 87 603
23 88 724
23 89 672
23 90 683
23 91 353
23 92 1178
23 93 857
23 94 682
23 95 791
23 96 109
23 97 469
23 98 452
23 99 604
23 100 398
24 1 320
24 2 691
24 3 542
24 4 370
24 5 358
24 6 679
24 7 567
24 8 511
24 9 420
24 10 331
24 11 793
24 12 401
24 13 903
24 14 650
24 15 643
24 16 1040
24 17 567
24 18 646
24 19 430
24 20 767
24 21 615
24 22 336
24 23 661
24 25 828
24 26 952
24 27 346
24 28 276
24 29 516
24 30 887
24 31 738
24 32 643
24 33 699
24 34 836
24 35 424
24 36 543
24 37 71
24 38 499
24 39 35
24 40 486
24 41 380
24 42 607
24 43 725
24 44 187
24 45 873
24 46 171
24 47 268
24 48 930
24 49 491
24 50 595
24 51 957
24 52 380
24 53 923
24 54 820
24 55 526
24 56 375
24 57 914
24 58 831
24 59 741
24 60 766
24 61 666
24 62 380
24 63 816
24 64 366
24 65 629
24 66 753
24 67 82
24 68 604
24 69 408
24 70 369
24 71 348
24 72 442
24 73 115
24 74 105
24 75 685
24 76 309
24 77 511
24 78 573
24 79 989
24 80 627
24 81 923
24 82 378
24 83 884
24 84 754
24 85 419
24 86 443
24 87 964
24 88 360
24 89 1084
24 90 784
24 91 488
24 92 1013
24 93 813
24 94 854
24 95 508
24 96 580
24 97 812
24 98 230
24 99 1059
24 100 774
25 1 831
25 2 139
25 3 1050
25 4 721
25 5 798
25 6 626
25 7 1183
25 8 1116
25 9 421
25 10 672
25 11 926
25 12 878
25 13 522
25 14 1152
25 15 1076
25 16 943
25 17 925
25 18 544
25 19 620
25 20 1028
25 21 223
25 22 532
25 23 1075
25 24 828
25 26 710
25 27 559
25 28 582
25 29 732
25 30 398
25 31 687
25 32 840
25 33 142
25 34 475
25 35 556
25 36 723
25 37 805
25 38 883
25 39 819
25 40 820
25 41 451
25 42 642
25 43 135
25 44 705
25 45 520
25 46 710
25 47 848
25 48 118
25 49 340
25 50 236
25 51 935
25 52 495
25 53 841
25 54 993
25 55 1158
25 56 464
25 57 744
25 58 321
25 59 976
25 60 1033
25 61 358
25 62 828
25 63 861
25 64 464
25 65 216
25 66 1019
25 67 881
25 68 225
25 69 421
25 70 467
25 71 588
25 72 986
25 73 765
25 74 761
25 75 536
25 76 801
25 77 457
25 78 521
25 79 573
25 80 1211
25 81 636
25 82 629
25 83 284
25 84 1040
25 85 468
25 86 1048
25 87 818
25 88 473
25 89 924
25 90 502
25 91 725
25 92 202
25 93 307
25 94 578
25 95 332
25 96 1080
25 97 777
25 98 937
25 99 969
25 100 812
26 1 706
26 2 711
26 3 748
26 4 600
26 5 651
26 6 274
26 7 911
26 8 863
26 9 799
26 10 623
26 11 385
26 12 677
26 13 195
26 14 791
26 15 695
26 16 242
26 17 580
26 18 315
26 19 523
26 20 531
26 21 745
26 22 884
26 23 678
26 24 952
26 25 710
26 27 627
26 28 888
26 29 471
26 30 324
26 31 228
26 32 430
26 33 742
26 34 237
26 35 537
26 36 442
26 37 888
26 38 598
26 39 921
26 40 555
26 41 716
26 42 350
26 43 613
26 44 970
26 45 192
26 46 782
26 47 762
26 48 682
26 49 678
26 50 664
26 51 271
26 52 882
26 53 178
26 54 444
26 55 912
26 56 687
26 57 74
26 58 391
26 59 488
26 60 538
26 61 414
26 62 653
26 63 292
26 64 761
26 65 620
26 66 530
26 67 944
26 68 689
26 69 745
26 70 799
26 71 612
26 72 755
26 73 977
26 74 848
26 75 283
26 76 695
26 77 488
26 78 393
26 79 190
26 80 898
26 81 76
26 82 574
26 83 445
26 84 556
26 85 596
26 86 831
26 87 123
26 88 713
26 89 214
26 90 229
26 91 494
26 92 696
26 93 404
26 94 139
26 95 640
26 96 753
26 97 210
26 98 882
26 99 267
26 100 281
27 1 277
27 2 439
27 3 520
27 4 186
27 5 253
27 6 364
27 7 634
27 8 566
27 9 273
27 10 123
27 11 569
27 12 337
27 13 559
27 14 631
27 15 574
27 16 757
27 17 437
27 18 313
27 19 139
27 20 604
27 21 390
27 22 300
27 23 581
27 24 346
27 25 559
27 26 627
27 28 281
27 29 279
27 30 543
27 31 435
27 32 427
27 33 459
27 34 491
27 35 92
27 36 293
27 37 294
27 38 376
27 39 321
27 40 323
27 41 167
27 42 305
27 43 433
27 44 344
27 45 530
27 46 182
27 47 290
27 48 639
27 49 240
27 50 331
27 51 690
27 52 319
27 53 633
27 54 618
27 55 606
27 56 131
27 57 601
27 58 491
27 59 561
27 60 606
27 61 324
27 62 287
27 63 558
27 64 201
27 65 343
27 66 592
27 67 366
27 68 352
27 69 218
27 70 239
27 71 39
27 72 440
27 73 352
27 74 248
27 75 349
27 76 246
27 77 166
27 78 236
27 79 645
27 80 670
27 81 589
27 82 105
27 83 551
27 84 604
27 85 91
27 86 496
27 87 661
27 88 146
27 89 786
27 90 441
27 91 256
27 92 716
27 93 474
27 94 517
27 95 232
27 96 554
27 97 524
27 98 385
27 99 779
27 100 507
28 1 461
28 2 443
28 3 719
28 4 430
28 5 468
28 6 638
28 7 790
28 8 725
28 9 162
28 10 364
28 11 846
28 12 543
28 13 786
28 14 834
28 15 800
28 16 1034
28 17 682
28 18 576
28 19 418
28 20 867
28 21 360
28 22 61
28 23 811
28 24 276
28 25 582
28 26 888
28 27 281
28 29 553
28 30 733
28 31 711
28 32 700
28 33 445
28 34 714
28 35 370
28 36 570
28 37 284
28 38 614
28 39 281
28 40 574
28 41 181
28 42 584
28 43 500
28 44 123
28 45 760
28 46 252
28 47 437
28 48 692
28 49 271
28 50 364
28 51 970
28 52 105
28 53 911
28 54 892
28 55 753
28 56 203
28 57 870
28 58 661
28 59 828
28 60 868
28 61 517
28 62 501
28 63 838
28 64 141
28 65 408
28 66 854
28 67 348
28 68 364
28 69 177
28 70 120
28 71 312
28 72 624
28 73 187
28 74 258
28 75 606
28 76 435
28 77 401
28 78 498
28 79 871
28 80 841
28 81 839
28 82 375
28 83 698
28 84 862
28 85 292
28 86 652
28 87 934
28 88 177
28 89 1060
28 90 679
28 91 527
28 92 777
28 93 641
28 94 765
28 95 301
28 96 758
28 97 803
28 98 464
28 99 1058
28 100 787
29 1 236
29 2 644
29 3 338
29 4 146
29 5 181
29 6 212
29 7 493
29 8 433
29 9 547
29 10 198
29 11 294
29 12 213
29 13 495
29 14 426
29 15 346
29 16 525
29 17 194
29 18 238
29 19 143
29 20 329
29 21 621
29 22 578
29 23 344
29 24 516
29 25 732
29 26 471
29 27 279
29 28 553
29 30 545
29 31 244
29 32 148
29 33 672
29 34 449
29 35 210
29 36 30
29 37 447
29 38 164
29 39 482
29 40 101
29 41 440
29 42 138
29 43 598
29 44 590
29 45 463
29 46 359
29 47 293
29 48 779
29 49 481
29 50 544
29 51 442
29 52 598
29 53 410
29 54 340
29 55 481
29 56 402
29 57 418
29 58 535
29 59 283
29 60 332
29 61 393
29 62 183
29 63 302
29 64 478
29 65 533
29 66 317
29 67 490
29 68 570
29 69 489
29 70 517
29 71 244
29 72 306
29 73 572
29 74 415
29 75 273
29 76 227
29 77 279
29 78 219
29 79 568
29 80 503
29 81 465
29 82 178
29 83 610
29 84 331
29 85 323
29 86 383
29 87 457
29 88 422
29 89 572
29 90 382
29 91 29
29 92 840
29 93 527
29 94 414
29 95 458
29 96 360
29 97 301
29 98 412
29 99 544
29 100 258
30 1 740
30 2 430
30 3 880
30 4 615
30 5 689
30 6 355
30 7 1038
30 8 977
30 9 602
30 10 602
30 11 623
30 12 748
30 13 130
30 14 956
30 15 865
30 16 564
30 17 721
30 18 308
30 19 507
30 20 754
30 21 486
30 22 710
30 23 856
30 24 887
30 25 398
30 26 324
30 27 543
30 28 733
30 29 545
30 31 382
30 32 592
30 33 458
30 34 112
30 35 478
30 36 523
30 37 836
30 38 707
30 39 863
30 40 646
30 41 554
30 42 412
30 43 325
30 44 841
30 45 138
30 46 724
30 47 781
30 48 359
30 49 474
30 50 418
30 51 576
30 52 693
30 53 478
30 54 692
30 55 1026
30 56 538
30 57 371
30 58 85
30 59 703
30 60 761
30 61 222
30 62 706
30 63 540
30 64 593
30 65 367
30 66 749
30 67 907
30 68 437
30 69 562
30 70 622
30 71 548
30 72 849
30 73 873
30 74 790
30 75 274
30 76 716
30 77 378
30 78 348
30 79 177
30 80 1044
30 81 249
30 82 546
30 83 122
30 84 774
30 85 471
30 86 924
30 87 441
30 88 562
30 89 535
30 90 174
30 91 554
30 92 376
30 93 105
30 94 210
30 95 438
30 96 898
30 97 446
30 98 897
30 99 589
30 100 502
31 1 479
31 2 644
31 3 535
31 4 377
31 5 424
31 6 76
31 7 699
31 8 646
31 9 652
31 10 408
31 11 245
31 12 451
31 13 292
31 14 593
31 15 498
31 16 325
31 17 367
31 18 158
31 19 312
31 20 372
31 21 652
31 22 719
31 23 486
31 24 738
31 25 687
31 26 228
31 27 435
31 28 711
31 29 244
31 30 382
31 32 222
31 33 675
31 34 271
31 35 343
31 36 214
31 37 671
31 38 376
31 39 706
31 40 329
31 41 555
31 42 133
31 43 564
31 44 777
31 45 264
31 46 571
31 47 536
31 48 697
31 49 548
31 50 568
31 51 272
31 52 726
31 53 201
31 54 314
31 55 695
31 56 521
31 57 177
31 58 407
31 59 321
31 60 379
31 61 334
31 62 426
31 63 174
31 64 600
31 65 535
31 66 367
31 67 724
31 68 595
31 69 594
31 70 640
31 71 412
31 72 532
31 73 775
31 74 634
31 75 154
31 76 469
31 77 329
31 78 223
31 79 348
31 80 693
31 81 230
31 82 364
31 83 482
31 84 392
31 85 427
31 86 609
31 87 228
31 88 546
31 89 352
31 90 211
31 91 267
31 92 738
31 93 410
31 94 197
31 95 513
31 96 545
31 97 100
31 98 655
31 99 348
31 100 126
32 1 335
32 2 767
32 3 319
32 4 281
32 5 288
32 6 238
32 7 482
32 8 434
32 9 692
32 10 341
32 11 152
32 12 277
32 13 512
32 14 371
32 15 277
32 16 419
32 17 151
32 18 304
32 19 289
32 20 191
32 21 752
32 22 726
32 23 266
32 24 643
32 25 840
32 26 430
32 27 427
32 28 700
32 29 148
32 30 592
32 31 222
32 33 795
32 34 484
32 35 353
32 36 136
32 37 573
32 38 180
32 39 608
32 40 161
32 41 585
32 42 200
32 43 708
32 44 732
32 45 483
32 46 495
32 47 394
32 48 872
32 49 619
32 50 672
32 51 324
32 52 745
32 53 319
32 54 192
32 55 483
32 56 548
32 57 363
32 58 601
32 59 141
32 60 196
32 61 486
32 62 273
32 63 186
32 64 624
32 65 654
32 66 181
32 67 606
32 68 699
32 69 633
32 70 664
32 71 391
32 72 332
32 73 709
32 74 546
32 75 327
32 76 337
32 77 405
32 78 321
32 79 570
32 80 472
32 81 447
32 82 326
32 83 678
32 84 201
32 85 464
32 86 407
32 87 379
32 88 568
32 89 477
32 90 419
32 91 173
32 92 924
32 93 599
32 94 418
32 95 592
32 96 325
32 97 226
32 98 501
32 99 433
32 100 161
33 1 736
33 2 32
33 3 971
33 4 635
33 5 709
33 6 606
33 7 1093
33 8 1025
33 9 284
33 10 580
33 11 900
33 12 792
33 13 568
33 14 1077
33 15 1009
33 16 961
33 17 861
33 18 521
33 19 545
33 20 986
33 21 85
33 22 393
33 23 1011
33 24 699
33 25 142
33 26 742
33 27 459
33 28 445
33 29 672
33 30 458
33 31 675
33 32 795
33 34 509
33 35 477
33 36 668
33 37 681
33 38 811
33 39 692
33 40 750
33 41 329
33 42 604
33 43 134
33 44 567
33 45 558
33 46 594
33 47 746
33 48 258
33 49 224
33 50 130
33 51 939
33 52 355
33 53 849
33 54 965
33 55 1065
33 56 349
33 57 763
33 58 374
33 59 935
33 60 991
33 61 344
33 62 741
33 63 847
33 64 334
33 65 143
33 66 976
33 67 756
33 68 108
33 69 292
33 70 333
33 71 493
33 72 898
33 73 629
33 74 639
33 75 522
33 76 705
33 77 393
33 78 478
33 79 634
33 80 1126
33 81 671
33 82 543
33 83 364
33 84 995
33 85 374
33 86 954
33 87 838
33 88 353
33 89 954
33 90 518
33 91 660
33 92 343
33 93 355
33 94 605
33 95 228
33 96 1003
33 97 771
33 98 825
33 99 988
33 100 795
34 1 657
34 2 478
34 3 779
34 4 534
34 5 604
34 6 249
34 7 939
34 8 880
34 9 601
34 10 532
34 11 511
34 12 657
34 13 72
34 14 851
34 15 759
34 16 470
34 17 617
34 18 216
34 19 431
34 20 643
34 21 519
34 22 700
34 23 749
34 24 836
34 25 475
34 26 237
34 27 491
34 28 714
34 29 449
34 30 112
34 31 271
34 32 484
34 33 509
34 35 415
34 36 425
34 37 780
34 38 608
34 39 810
34 40 549
34 41 535
34 42 313
34 43 378
34 44 813
34 45 51
34 46 668
34 47 703
34 48 454
34 49 474
34 50 442
34 51 472
34 52 690
34 53 375
34 54 580
34 55 929
34 56 513
34 57 272
34 58 158
34 59 592
34 60 650
34 61 202
34 62 619
34 63 429
34 64 578
34 65 394
34 66 638
34 67 847
34 68 465
34 69 553
34 70 612
34 71 489
34 72 755
34 73 836
34 74 735
34 75 177
34 76 636
34 77 328
34 78 272
34 79 157
34 80 943
34 81 163
34 82 476
34 83 222
34 84 663
34 85 433
34 86 831
34 87 345
34 88 538
34 89 450
34 90 68
34 91 461
34 92 481
34 93 169
34 94 106
34 95 436
34 96 795
34 97 335
34 98 822
34 99 496
34 100 390
35 1 283
35 2 452
35 3 496
35 4 165
35 5 243
35 6 273
35 7 628
35 8 561
35 9 340
35 10 129
35 11 488
35 12 322
35 13 480
35 14 601
35 15 534
35 16 665
35 17 388
35 18 225
35 19 70
35 20 537
35 21 418
35 22 385
35 23 537
35 24 424
35 25 556
35 26 537
35 27 92
35 28 370
35 29 210
35 30 478
35 31 343
35 32 353
35 33 477
35 34 415
35 36 217
35 37 366
35 38 335
35 39 397
35 40 275
35 41 233
35 42 214
35 43 424
35 44 436
35 45 450
35 46 254
35 47 313
35 48 623
35 49 274
35 50 347
35 51 601
35 52 398
35 53 542
35 54 542
35 55 605
35 56 196
35 57 509
35 58 436
35 59 491
35 60 541
35 61 270
35 62 272
35 63 471
35 64 275
35 65 345
35 66 526
35 67 433
35 68 371
35 69 281
35 70 315
35 71 77
35 72 430
35 73 441
35 74 322
35 75 262
35 76 255
35 77 111
35 78 149
35 79 565
35 80 655
35 81 501
35 82 76
35 83 503
35 84 540
35 85 114
35 86 495
35 87 569
35 88 218
35 89 694
35 90 360
35 91 191
35 92 695
35 93 422
35 94 431
35 95 254
35 96 527
35 97 434
35 98 423
35 99 688
35 100 419
36 1 266
36 2 641
36 3 358
36 4 173
36 5 211
36 6 184
36 7 516
36 8 456
36 9 556
36 10 220
36 11 277
36 12 241
36 13 469
36 14 442
36 15 358
36 16 499
36 17 207
36 18 216
36 19 154
36 20 323
36 21 621
36 22 593
36 23 354
36 24 543
36 25 723
36 26 442
36 27 293
36 28 570
36 29 30
36 30 523
36 31 214
36 32 136
36 33 668
36 34 425
36 35 217
36 37 473
36 38 185
36 39 509
36 40 125
36 41 449
36 42 112
36 43 589
36 44 612
36 45 437
36 46 383
36 47 323
36 48 766
36 49 485
36 50 543
36 51 417
36 52 611
36 53 382
36 54 326
36 55 505
36 56 412
36 57 389
36 58 515
36 59 275
36 60 327
36 61 379
36 62 212
36 63 277
36 64 489
36 65 528
36 66 312
36 67 519
36 68 569
36 69 497
36 70 529
36 71 259
36 72 332
36 73 596
36 74 441
36 75 250
36 76 257
36 77 276
36 78 205
36 79 541
36 80 523
36 81 436
36 82 195
36 83 591
36 84 329
36 85 329
36 86 409
36 87 428
36 88 432
36 89 544
36 90 358
36 91 56
36 92 825
36 93 509
36 94 386
36 95 459
36 96 378
36 97 272
36 98 441
36 99 518
36 100 232
37 1 252
37 2 670
37 3 482
37 4 301
37 5 288
37 6 614
37 7 521
37 8 462
37 9 411
37 10 265
37 11 723
37 12 334
37 13 846
37 14 593
37 15 581
37 16 971
37 17 499
37 18 585
37 19 366
37 20 698
37 21 598
37 22 343
37 23 598
37 24 71
37 25 805
37 26 888
37 27 294
37 28 284
37 29 447
37 30 836
37 31 671
37 32 573
37 33 681
37 34 780
37 35 366
37 36 473
37 38 430
37 39 36
37 40 416
37 41 354
37 42 540
37 43 694
37 44 222
37 45 815
37 46 113
37 47 203
37 48 901
37 49 465
37 50 570
37 51 887
37 52 385
37 53 854
37 54 750
37 55 482
37 56 343
37 57 848
37 58 783
37 59 672
37 60 698
37 61 617
37 62 311
37 63 746
37 64 348
37 65 599
37 66 685
37 67 77
37 68 581
37 69 390
37 70 359
37 71 291
37 72 383
37 73 163
37 74 47
37 75 624
37 76 239
37 77 459
37 78 513
37 79 930
37 80 578
37 81 860
37 82 315
37 83 840
37 84 686
37 85 373
37 86 392
37 87 896
37 88 332
37 89 1016
37 90 725
37 91 419
37 92 983
37 93 766
37 94 793
37 95 477
37 96 521
37 97 744
37 98 185
37 99 990
37 100 704
38 1 179
38 2 786
38 3 175
38 4 191
38 5 150
38 6 363
38 7 332
38 8 274
38 9 647
38 10 259
38 11 313
38 12 104
38 13 650
38 14 269
38 15 200
38 16 597
38 17 70
38 18 400
38 19 267
38 20 269
38 21 752
38 22 652
38 23 205
38 24 499
38 25 883
38 26 598
38 27 376
38 28 614
38 29 164
38 30 707
38 31 376
38 32 180
38 33 811
38 34 608
38 35 335
38 36 185
38 37 430
38 39 464
38 40 65
38 41 542
38 42 296
38 43 749
38 44 620
38 45 618
38 46 378
38 47 234
38 48 937
38 49 606
38 50 682
38 51 500
38 52 680
38 53 498
38 54 327
38 55 323
38 56 506
38 57 536
38 58 698
38 59 244
38 60 268
38 61 553
38 62 121
38 63 364
38 64 573
38 65 677
38 66 255
38 67 450
38 68 706
38 69 593
38 70 608
38 71 338
38 72 157
38 73 582
38 74 414
38 75 434
38 76 194
38 77 427
38 78 380
38 79 718
38 80 340
38 81 605
38 82 275
38 83 773
38 84 257
38 85 444
38 86 234
38 87 558
38 88 520
38 89 657
38 90 541
38 91 162
38 92 1000
38 93 690
38 94 563
38 95 588
38 96 199
38 97 401
38 98 330
38 99 610
38 100 339
39 1 285
39 2 683
39 3 510
39 4 337
39 5 323
39 6 648
39 7 541
39 8 484
39 9 418
39 10 299
39 11 758
39 12 366
39 13 876
39 14 619
39 15 611
39 16 1007
39 17 533
39 18 617
39 19 399
39 20 732
39 21 609
39 22 341
39 23 628
39 24 35
39 25 819
39 26 921
39 27 321
39 28 281
39 29 482
39 30 863
39 31 706
39 32 608
39 33 692
39 34 810
39 35 397
39 36 509
39 37 36
39 38 464
39 40 451
39 41 369
39 42 575
39 43 712
39 44 205
39 45 846
39 46 143
39 47 234
39 48 918
39 49 480
39 50 585
39 51 923
39 52 384
39 53 889
39 54 785
39 55 501
39 56 361
39 57 882
39 58 809
39 59 706
39 60 731
39 61 643
39 62 345
39 63 782
39 64 358
39 65 616
39 66 719
39 67 68
39 68 595
39 69 401
39 70 365
39 71 321
39 72 411
39 73 139
39 74 75
39 75 656
39 76 274
39 77 487
39 78 545
39 79 961
39 80 600
39 81 893
39 82 348
39 83 865
39 84 720
39 85 398
39 86 415
39 87 931
39 88 347
39 89 1051
39 90 756
39 91 454
39 92 1001
39 93 792
39 94 825
39 95 495
39 96 549
39 97 779
39 98 203
39 99 1026
39 100 740
40 1 175
40 2 724
40 3 239
40 4 145
40 5 129
40 6 308
40 7 393
40 8 332
40 9 595
40 10 212
40 11 308
40 12 124
40 13 594
40 14 333
40 15 260
40 16 576
40 17 115
40 18 338
40 19 206
40 20 295
40 21 692
40 22 608
40 23 263
40 24 486
40 25 820
40 26 555
40 27 323
40 28 574
40 29 101
40 30 646
40 31 329
40 32 161
40 33 750
40 34 549
40 35 275
40 36 125
40 37 416
40 38 65
40 39 451
40 41 489
40 42 237
40 43 686
40 44 591
40 45 562
40 46 349
40 47 234
40 48 872
40 49 547
40 50 621
40 51 484
40 52 634
40 53 470
40 54 335
40 55 381
40 56 452
40 57 496
40 58 634
40 59 260
40 60 295
40 61 489
40 62 113
40 63 344
40 64 522
40 65 614
40 66 281
40 67 447
40 68 645
40 69 539
40 70 558
40 71 284
40 72 208
40 73 560
40 74 394
40 75 374
40 76 179
40 77 363
40 78 316
40 79 664
40 80 404
40 81 556
40 82 220
