nnodes nedges type capacity P s t
100  4950  graph  1000 100 1 100 
nodename posx posy itemvalue itemweight
1 473 924 0 0
2 765 952 43 96
3 800 259 34 24
4 315 854 31 44
5 896 639 7 33
6 866 81 37 46
7 160 126 36 46
8 269 616 50 9
9 490 206 26 82
10 310 737 45 81
11 175 88 22 41
12 654 364 11 34
13 313 190 38 16
14 984 924 38 14
15 995 505 4 41
16 52 820 46 71
17 781 818 29 88
18 124 581 16 13
19 77 440 14 48
20 787 325 8 70
21 431 5 31 94
22 406 591 17 68
23 131 27 41 66
24 559 622 27 16
25 234 869 50 71
26 711 761 46 73
27 957 365 11 9
28 125 623 7 1
29 908 109 24 96
30 547 903 16 27
31 614 951 36 61
32 76 747 49 67
33 769 200 1 14
34 328 198 29 16
35 992 467 13 86
36 876 423 37 45
37 473 282 31 3
38 14 604 13 73
39 310 573 21 89
40 578 896 40 20
41 795 290 11 88
42 657 104 44 74
43 7 782 46 50
44 727 915 26 71
45 243 626 48 91
46 171 210 49 85
47 578 247 4 97
48 957 699 1 56
49 447 638 12 81
50 250 792 23 74
51 105 126 18 59
52 215 930 21 48
53 408 582 13 83
54 887 70 22 33
55 507 465 23 12
56 966 302 4 85
57 107 975 1 48
58 759 115 8 46
59 109 486 49 35
60 382 705 18 46
61 465 553 28 16
62 915 43 33 33
63 152 224 14 33
64 94 952 38 25
65 214 344 14 10
66 744 672 50 31
67 470 311 20 20
68 602 231 31 32
69 893 489 4 54
70 653 401 17 28
71 307 620 15 20
72 55 414 13 67
73 947 814 17 22
74 881 57 12 16
75 653 264 7 31
76 762 118 13 86
77 169 29 46 95
78 513 674 18 61
79 605 607 30 57
80 626 820 35 45
81 304 722 18 87
82 492 774 27 37
83 33 446 6 57
84 5 927 20 12
85 936 659 11 88
86 328 595 39 27
87 631 735 8 51
88 9 930 44 26
89 550 243 23 57
90 339 203 43 81
91 507 453 38 58
92 321 28 18 85
93 482 186 2 35
94 702 88 46 83
95 793 680 41 82
96 260 97 27 60
97 402 104 18 54
98 224 788 46 26
99 550 581 12 67
100 715 838 0 0
endpoint1 endpoint2 weight
1 2 294
1 3 742
1 4 173
1 5 511
1 6 931
1 7 858
1 8 370
1 9 719
1 10 249
1 11 888
1 12 589
1 13 752
1 14 511
1 15 670
1 16 434
1 17 326
1 18 490
1 19 626
1 20 677
1 21 920
1 22 340
1 23 960
1 24 315
1 25 246
1 26 289
1 27 740
1 28 461
1 29 924
1 30 77
1 31 144
1 32 435
1 33 783
1 34 741
1 35 692
1 36 643
1 37 642
1 38 560
1 39 388
1 40 109
1 41 712
1 42 841
1 43 488
1 44 255
1 45 377
1 46 776
1 47 686
1 48 534
1 49 288
1 50 260
1 51 879
1 52 259
1 53 349
1 54 950
1 55 461
1 56 794
1 57 370
1 58 859
1 59 570
1 60 238
1 61 372
1 62 986
1 63 771
1 64 381
1 65 636
1 66 371
1 67 614
1 68 705
1 69 605
1 70 554
1 71 347
1 72 660
1 73 487
1 74 959
1 75 685
1 76 857
1 77 946
1 78 254
1 79 344
1 80 185
1 81 264
1 82 152
1 83 650
1 84 469
1 85 534
1 86 360
1 87 247
1 88 465
1 89 686
1 90 734
1 91 473
1 92 909
1 93 739
1 94 867
1 95 403
1 96 854
1 97 824
1 98 284
1 99 352
1 100 257
2 1 294
2 3 694
2 4 461
2 5 340
2 6 877
2 7 1024
2 8 600
2 9 796
2 10 504
2 11 1047
2 12 599
2 13 886
2 14 221
2 15 503
2 16 726
2 17 135
2 18 741
2 19 858
2 20 628
2 21 1005
2 22 510
2 23 1122
2 24 390
2 25 538
2 26 199
2 27 618
2 28 720
2 29 856
2 30 224
2 31 152
2 32 719
2 33 753
2 34 872
2 35 536
2 36 541
2 37 731
2 38 828
2 39 593
2 40 196
2 41 663
2 42 855
2 43 777
2 44 54
2 45 616
2 46 951
2 47 730
2 48 318
2 49 447
2 50 540
2 51 1058
2 52 551
2 53 515
2 54 891
2 55 552
2 56 681
2 57 659
2 58 838
2 59 805
2 60 456
2 61 500
2 62 922
2 63 952
2 64 671
2 65 821
2 66 281
2 67 706
2 68 740
2 69 481
2 70 563
2 71 566
2 72 891
2 73 229
2 74 903
2 75 698
2 76 835
2 77 1099
2 78 376
2 79 381
2 80 192
2 81 516
2 82 326
2 83 890
2 84 761
2 85 340
2 86 565
2 87 256
2 88 757
2 89 741
2 90 862
2 91 562
2 92 1026
2 93 817
2 94 867
2 95 274
2 96 994
2 97 923
2 98 566
2 99 429
2 100 125
3 1 742
3 2 694
3 4 768
3 5 392
3 6 190
3 7 654
3 8 640
3 9 315
3 10 685
3 11 648
3 12 180
3 13 492
3 14 690
3 15 314
3 16 935
3 17 560
3 18 749
3 19 746
3 20 68
3 21 448
3 22 516
3 23 709
3 24 436
3 25 833
3 26 510
3 27 190
3 28 767
3 29 185
3 30 692
3 31 717
3 32 874
3 33 67
3 34 476
3 35 284
3 36 181
3 37 328
3 38 859
3 39 582
3 40 675
3 41 32
3 42 211
3 43 950
3 44 661
3 45 668
3 46 631
3 47 223
3 48 468
3 49 518
3 50 766
3 51 708
3 52 891
3 53 508
3 54 209
3 55 359
3 56 172
3 57 997
3 58 150
3 59 728
3 60 612
3 61 446
3 62 245
3 63 649
3 64 990
3 65 593
3 66 417
3 67 335
3 68 200
3 69 249
3 70 205
3 71 612
3 72 761
3 73 575
3 74 218
3 75 148
3 76 147
3 77 672
3 78 505
3 79 399
3 80 588
3 81 679
3 82 601
3 83 790
3 84 1039
3 85 423
3 86 580
3 87 506
3 88 1038
3 89 251
3 90 465
3 91 352
3 92 532
3 93 327
3 94 198
3 95 422
3 96 564
3 97 428
3 98 783
3 99 408
3 100 586
4 1 173
4 2 461
4 3 768
4 5 620
4 6 950
4 7 745
4 8 243
4 9 672
4 10 118
4 11 779
4 12 596
4 13 665
4 14 673
4 15 765
4 16 266
4 17 468
4 18 334
4 19 478
4 20 709
4 21 857
4 22 279
4 23 848
4 24 337
4 25 83
4 26 407
4 27 808
4 28 300
4 29 953
4 30 238
4 31 315
4 32 262
4 33 797
4 34 657
4 35 780
4 36 708
4 37 594
4 38 392
4 39 282
4 40 267
4 41 741
4 42 825
4 43 317
4 44 417
4 45 240
4 46 660
4 47 662
4 48 661
4 49 254
4 50 90
4 51 758
4 52 126
4 53 288
4 54 971
4 55 434
4 56 854
4 57 241
4 58 863
4 59 422
4 60 164
4 61 337
4 62 1009
4 63 651
4 64 242
4 65 520
4 66 467
4 67 565
4 68 686
4 69 684
4 70 566
4 71 235
4 72 512
4 73 634
4 74 978
4 75 680
4 76 862
4 77 838
4 78 268
4 79 381
4 80 313
4 81 133
4 82 195
4 83 496
4 84 319
4 85 651
4 86 260
4 87 338
4 88 316
4 89 655
4 90 652
4 91 445
4 92 827
4 93 689
4 94 859
4 95 509
4 96 759
4 97 756
4 98 113
4 99 361
4 100 401
5 1 511
5 2 340
5 3 392
5 4 620
5 6 559
5 7 898
5 8 628
5 9 594
5 10 595
5 11 908
5 12 367
5 13 736
5 14 299
5 15 167
5 16 864
5 17 213
5 18 775
5 19 843
5 20 333
5 21 787
5 22 493
5 23 980
5 24 338
5 25 701
5 26 222
5 27 281
5 28 772
5 29 531
5 30 438
5 31 421
5 32 828
5 33 458
5 34 720
5 35 197
5 36 217
5 37 554
5 38 883
5 39 590
5 40 409
5 41 364
5 42 586
5 43 901
5 44 324
5 45 654
5 46 843
5 47 505
5 48 86
5 49 450
5 50 664
5 51 943
5 52 741
5 53 492
5 54 570
5 55 427
5 56 345
5 57 858
5 58 542
5 59 802
5 60 519
5 61 440
5 62 597
5 63 852
5 64 861
5 65 744
5 66 156
5 67 538
5 68 503
5 69 151
5 70 341
5 71 590
5 72 871
5 73 183
5 74 583
5 75 447
5 76 538
5 77 950
5 78 385
5 79 293
5 80 326
5 81 598
5 82 426
5 83 885
5 84 937
5 85 45
5 86 570
5 87 282
5 88 934
5 89 526
5 90 708
5 91 432
5 92 840
5 93 614
5 94 585
5 95 111
5 96 836
5 97 729
5 98 689
5 99 351
5 100 270
6 1 931
6 2 877
6 3 190
6 4 950
6 5 559
6 7 708
6 8 802
6 9 397
6 10 860
6 11 692
6 12 354
6 13 564
6 14 852
6 15 444
6 16 1100
6 17 742
6 18 895
6 19 867
6 20 257
6 21 442
6 22 687
6 23 737
6 24 623
6 25 1011
6 26 698
6 27 299
6 28 919
6 29 51
6 30 882
6 31 906
6 32 1034
6 33 154
6 34 551
6 35 407
6 36 343
6 37 442
6 38 1000
6 39 743
6 40 865
6 41 221
6 42 211
6 43 1109
6 44 846
6 45 828
6 46 707
6 47 333
6 48 625
6 49 698
6 50 941
6 51 763
6 52 1070
6 53 679
6 54 24
6 55 526
6 56 243
6 57 1173
6 58 113
6 59 859
6 60 790
6 61 620
6 62 63
6 63 729
6 64 1164
6 65 704
6 66 604
6 67 458
6 68 304
6 69 409
6 70 385
6 71 777
6 72 877
6 73 738
6 74 29
6 75 281
6 76 111
6 77 699
6 78 691
6 79 588
6 80 777
6 81 853
6 82 788
6 83 910
6 84 1208
6 85 583
6 86 745
6 87 695
6 88 1207
6 89 356
6 90 541
6 91 517
6 92 548
6 93 399
6 94 165
6 95 604
6 96 607
6 97 465
6 98 955
6 99 592
6 100 772
7 1 858
7 2 1024
7 3 654
7 4 745
7 5 898
7 6 708
7 8 502
7 9 340
7 10 630
7 11 41
7 12 549
7 13 166
7 14 1148
7 15 917
7 16 703
7 17 930
7 18 457
7 19 325
7 20 658
7 21 297
7 22 527
7 23 104
7 24 637
7 25 747
7 26 841
7 27 833
7 28 499
7 29 749
7 30 869
7 31 942
7 32 627
7 33 614
7 34 183
7 35 900
7 36 776
7 37 350
7 38 500
7 39 472
7 40 877
7 41 656
7 42 498
7 43 674
7 44 972
7 45 507
7 46 85
7 47 436
7 48 982
7 49 587
7 50 673
7 51 55
7 52 806
7 53 520
7 54 730
7 55 486
7 56 825
7 57 851
7 58 600
7 59 364
7 60 621
7 61 525
7 62 760
7 63 99
7 64 829
7 65 225
7 66 800
7 67 362
7 68 455
7 69 818
7 70 565
7 71 516
7 72 307
7 73 1046
7 74 725
7 75 512
7 76 603
7 77 98
7 78 652
7 79 656
7 80 836
7 81 614
7 82 729
7 83 345
7 84 816
7 85 942
7 86 499
7 87 770
7 88 819
7 89 408
7 90 195
7 91 477
7 92 189
7 93 328
7 94 544
7 95 842
7 96 105
7 97 243
7 98 666
7 99 600
7 100 903
8 1 370
8 2 600
8 3 640
8 4 243
8 5 628
8 6 802
8 7 502
8 9 466
8 10 128
8 11 537
8 12 461
8 13 429
8 14 779
8 15 735
8 16 298
8 17 551
8 18 150
8 19 261
8 20 595
8 21 633
8 22 140
8 23 605
8 24 291
8 25 256
8 26 466
8 27 733
8 28 145
8 29 816
8 30 400
8 31 481
8 32 234
8 33 651
8 34 423
8 35 739
8 36 637
8 37 392
8 38 256
8 39 60
8 40 417
8 41 619
8 42 643
8 43 311
8 44 547
8 45 28
8 46 418
8 47 482
8 48 693
8 49 180
8 50 178
8 51 517
8 52 319
8 53 144
8 54 825
8 55 282
8 56 765
8 57 394
8 58 701
8 59 207
8 60 144
8 61 206
8 62 864
8 63 410
8 64 379
8 65 278
8 66 479
8 67 366
8 68 510
8 69 637
8 70 441
8 71 39
8 72 295
8 73 707
8 74 829
8 75 521
8 76 701
8 77 596
8 78 251
8 79 337
8 80 412
8 81 112
8 82 274
8 83 291
8 84 408
8 85 669
8 86 63
8 87 382
8 88 408
8 89 468
8 90 419
8 91 289
8 92 591
8 93 480
8 94 683
8 95 528
8 96 520
8 97 529
8 98 178
8 99 284
8 100 499
9 1 719
9 2 796
9 3 315
9 4 672
9 5 594
9 6 397
9 7 340
9 8 466
9 10 561
9 11 337
9 12 228
9 13 178
9 14 872
9 15 587
9 16 755
9 17 678
9 18 525
9 19 475
9 20 320
9 21 210
9 22 395
9 23 402
9 24 422
9 25 711
9 26 598
9 27 494
9 28 555
9 29 430
9 30 700
9 31 756
9 32 682
9 33 280
9 34 163
9 35 566
9 36 443
9 37 78
9 38 621
9 39 409
9 40 696
9 41 317
9 42 196
9 43 752
9 44 748
9 45 488
9 46 320
9 47 98
9 48 680
9 49 435
9 50 634
9 51 394
9 52 775
9 53 385
9 54 420
9 55 260
9 56 486
9 57 860
9 58 284
9 59 473
9 60 511
9 61 348
9 62 456
9 63 339
9 64 845
9 65 309
9 66 531
9 67 107
9 68 115
9 69 493
9 70 255
9 71 453
9 72 483
9 73 761
9 74 419
9 75 174
9 76 286
9 77 367
9 78 469
9 79 418
9 80 629
9 81 549
9 82 569
9 83 517
9 84 869
9 85 636
9 86 422
9 87 548
9 88 870
9 89 71
9 90 152
9 91 248
9 92 246
9 93 22
9 94 243
9 95 563
9 96 255
9 97 135
9 98 640
9 99 380
9 100 671
10 1 249
10 2 504
10 3 685
10 4 118
10 5 595
10 6 860
10 7 630
10 8 128
10 9 561
10 11 663
10 12 508
10 13 548
10 14 700
10 15 724
10 16 272
10 17 478
10 18 243
10 19 378
10 20 631
10 21 742
10 22 175
10 23 733
10 24 275
10 25 153
10 26 402
10 27 747
10 28 218
10 29 868
10 30 290
10 31 372
10 32 235
10 33 707
10 34 540
10 35 734
10 36 648
10 37 484
10 38 325
10 39 164
10 40 312
10 41 660
10 42 722
10 43 307
10 44 454
10 45 130
10 46 546
10 47 559
10 48 649
10 49 170
10 50 82
10 51 645
10 52 216
10 53 184
10 54 882
10 55 336
10 56 788
10 57 313
10 58 768
10 59 322
10 60 79
10 61 241
10 62 921
10 63 537
10 64 305
10 65 405
10 66 439
10 67 456
10 68 585
10 69 634
10 70 481
10 71 118
10 72 412
10 73 642
10 74 888
10 75 585
10 76 767
10 77 722
10 78 213
10 79 323
10 80 327
10 81 17
10 82 186
10 83 402
10 84 360
10 85 631
10 86 144
10 87 322
10 88 358
10 89 550
10 90 535
10 91 346
10 92 710
10 93 578
10 94 759
10 95 487
10 96 642
10 97 640
10 98 100
10 99 287
10 100 418
11 1 888
11 2 1047
11 3 648
11 4 779
11 5 908
11 6 692
11 7 41
11 8 537
11 9 337
11 10 663
11 12 553
11 13 172
11 14 1164
11 15 920
11 16 743
11 17 949
11 18 496
11 19 366
11 20 657
11 21 270
11 22 554
11 23 76
11 24 658
11 25 784
11 26 861
11 27 830
11 28 538
11 29 734
11 30 896
11 31 969
11 32 667
11 33 605
11 34 189
11 35 901
11 36 777
11 37 356
11 38 541
11 39 504
11 40 903
11 41 653
11 42 483
11 43 715
11 44 995
11 45 543
11 46 123
11 47 434
11 48 993
11 49 614
11 50 708
11 51 80
11 52 843
11 53 547
11 54 713
11 55 503
11 56 820
11 57 890
11 58 585
11 59 404
11 60 651
11 61 549
11 62 742
11 63 138
11 64 868
11 65 259
11 66 816
11 67 370
11 68 451
11 69 823
11 70 572
11 71 549
11 72 348
11 73 1060
11 74 707
11 75 510
11 76 588
11 77 60
11 78 677
11 79 674
11 80 860
11 81 647
11 82 756
11 83 386
11 84 857
11 85 952
11 86 530
11 87 792
11 88 859
11 89 406
11 90 201
11 91 494
11 92 158
11 93 323
11 94 527
11 95 856
11 96 86
11 97 228
11 98 702
11 99 620
11 100 925
12 1 589
12 2 599
12 3 180
12 4 596
12 5 367
12 6 354
12 7 549
12 8 461
12 9 228
12 10 508
12 11 553
12 13 383
12 14 650
12 15 370
12 16 756
12 17 472
12 18 573
12 19 582
12 20 139
12 21 423
12 22 337
12 23 623
12 24 275
12 25 657
12 26 402
12 27 304
12 28 590
12 29 360
12 30 550
12 31 589
12 32 694
12 33 201
12 34 366
12 35 354
12 36 230
12 37 199
12 38 684
12 39 403
12 40 538
12 41 160
12 42 261
12 43 771
12 44 556
12 45 488
12 46 507
12 47 140
12 48 452
12 49 344
12 50 589
12 51 599
12 52 717
12 53 329
12 54 376
12 55 179
12 56 319
12 57 821
12 58 271
12 59 559
12 60 437
12 61 268
12 62 414
12 63 522
12 64 812
12 65 441
12 66 321
12 67 192
12 68 143
12 69 270
12 70 38
12 71 432
12 72 602
12 73 537
12 74 382
12 75 101
12 76 269
12 77 590
12 78 341
12 79 248
12 80 457
12 81 501
12 82 441
12 83 627
12 84 860
12 85 409
12 86 400
12 87 372
12 88 859
12 89 160
12 90 354
12 91 172
12 92 474
12 93 248
12 94 281
12 95 346
12 96 476
12 97 363
12 98 604
12 99 241
12 100 478
13 1 752
13 2 886
13 3 492
13 4 665
13 5 736
13 6 564
13 7 166
13 8 429
13 9 178
13 10 548
13 11 172
13 12 383
13 14 995
13 15 752
13 16 682
13 17 784
13 18 435
13 19 344
13 20 493
13 21 220
13 22 412
13 23 245
13 24 498
13 25 684
13 26 697
13 27 668
13 28 473
13 29 601
13 30 751
13 31 819
13 32 606
13 33 457
13 34 17
13 35 734
13 36 610
13 37 185
13 38 511
13 39 384
13 40 755
13 41 493
13 42 355
13 43 667
13 44 835
13 45 442
13 46 144
13 47 272
13 48 821
13 49 468
13 50 606
13 51 218
13 52 747
13 53 404
13 54 587
13 55 337
13 56 663
13 57 812
13 58 453
13 59 360
13 60 520
13 61 394
13 62 620
13 63 165
13 64 793
13 65 184
13 66 647
13 67 199
13 68 292
13 69 653
13 70 401
13 71 431
13 72 342
13 73 890
13 74 584
13 75 348
13 76 455
13 77 217
13 78 524
13 79 510
13 80 704
13 81 533
13 82 611
13 83 380
13 84 799
13 85 780
13 86 406
13 87 631
13 88 801
13 89 243
13 90 30
13 91 327
13 92 163
13 93 170
13 94 403
13 95 686
13 96 108
13 97 124
13 98 605
13 99 458
13 100 763
14 1 511
14 2 221
14 3 690
14 4 673
14 5 299
14 6 852
14 7 1148
14 8 779
14 9 872
14 10 700
14 11 1164
14 12 650
14 13 995
14 15 420
14 16 938
14 17 230
14 18 926
14 19 1029
14 20 631
14 21 1073
14 22 668
14 23 1238
14 24 522
14 25 753
14 26 318
14 27 560
14 28 911
14 29 819
14 30 438
14 31 371
14 32 926
14 33 756
14 34 979
14 35 458
14 36 513
14 37 821
14 38 1022
14 39 760
14 40 407
14 41 662
14 42 883
14 43 988
14 44 258
14 45 799
14 46 1083
14 47 790
14 48 227
14 49 609
14 50 746
14 51 1188
14 52 770
14 53 670
14 54 860
14 55 662
14 56 623
14 57 879
14 58 840
14 59 979
14 60 641
14 61 638
14 62 884
14 63 1088
14 64 891
14 65 965
14 66 348
14 67 800
14 68 792
14 69 445
14 70 619
14 71 743
14 72 1060
14 73 117
14 74 874
14 75 739
14 76 837
14 77 1211
14 78 534
14 79 495
14 80 373
14 81 710
14 82 515
14 83 1065
14 84 980
14 85 270
14 86 734
14 87 401
14 88 976
14 89 808
14 90 968
14 91 671
14 92 1115
14 93 893
14 94 883
14 95 310
14 96 1100
14 97 1006
14 98 773
14 99 554
14 100 283
15 1 670
15 2 503
15 3 314
15 4 765
15 5 167
15 6 444
15 7 917
15 8 735
15 9 587
15 10 724
15 11 920
15 12 370
15 13 752
15 14 420
15 16 995
15 17 380
15 18 875
15 19 921
15 20 276
15 21 754
15 22 596
15 23 988
15 24 452
15 25 844
15 26 383
15 27 146
15 28 878
15 29 406
15 30 600
15 31 587
15 32 951
15 33 380
15 34 735
15 35 39
15 36 145
15 37 568
15 38 986
15 39 689
15 40 572
15 41 294
15 42 525
15 43 1027
15 44 490
15 45 762
15 46 876
15 47 491
15 48 198
15 49 564
15 50 799
15 51 968
15 52 889
15 53 593
15 54 449
15 55 490
15 56 206
15 57 1005
15 58 456
15 59 887
15 60 645
15 61 533
15 62 469
15 63 889
15 64 1006
15 65 798
15 66 302
15 67 560
15 68 480
15 69 104
15 70 358
15 71 698
15 72 945
15 73 313
15 74 463
15 75 419
15 76 452
15 77 954
15 78 511
15 79 404
15 80 486
15 81 725
15 82 571
15 83 964
15 84 1077
15 85 165
15 86 674
15 87 431
15 88 1074
15 89 517
15 90 723
15 91 491
15 92 826
15 93 605
15 94 510
15 95 268
15 96 841
15 97 716
15 98 822
15 99 452
15 100 436
16 1 434
16 2 726
16 3 935
16 4 266
16 5 864
16 6 1100
16 7 703
16 8 298
16 9 755
16 10 272
16 11 743
16 12 756
16 13 682
16 14 938
16 15 995
16 17 730
16 18 250
16 19 381
16 20 887
16 21 899
16 22 422
16 23 797
16 24 545
16 25 189
16 26 662
16 27 1013
16 28 211
16 29 1113
16 30 502
16 31 578
16 32 77
16 33 948
16 34 681
16 35 1005
16 36 915
16 37 684
16 38 220
16 39 358
16 40 532
16 41 913
16 42 938
16 43 59
16 44 682
16 45 273
16 46 622
16 47 778
16 48 914
16 49 435
16 50 200
16 51 697
16 52 197
16 53 429
16 54 1123
16 55 578
16 56 1051
16 57 165
16 58 999
16 59 339
16 60 350
16 61 492
16 62 1162
16 63 605
16 64 139
16 65 503
16 66 708
16 67 659
16 68 806
16 69 904
16 70 733
16 71 325
16 72 407
16 73 896
16 74 1127
16 75 819
16 76 999
16 77 800
16 78 484
16 79 593
16 80 574
16 81 271
16 82 443
16 83 375
16 84 117
16 85 899
16 86 357
16 87 586
16 88 119
16 89 763
16 90 681
16 91 585
16 92 837
16 93 767
16 94 979
16 95 755
16 96 753
16 97 797
16 98 175
16 99 553
16 100 664
17 1 326
17 2 135
17 3 560
17 4 468
17 5 213
17 6 742
17 7 930
17 8 551
17 9 678
17 10 478
17 11 949
17 12 472
17 13 784
17 14 230
17 15 380
17 16 730
17 18 699
17 19 800
17 20 494
17 21 886
17 22 439
17 23 1024
17 24 297
17 25 550
17 26 91
17 27 486
17 28 685
17 29 721
17 30 249
17 31 214
17 32 709
17 33 619
17 34 768
17 35 410
17 36 407
17 37 619
17 38 797
17 39 531
17 40 218
17 41 529
17 42 725
17 43 775
17 44 112
17 45 572
17 46 862
17 47 607
17 48 213
17 49 380
17 50 532
17 51 968
17 52 577
17 53 442
17 54 756
17 55 447
17 56 549
17 57 693
17 58 704
17 59 750
17 60 415
17 61 413
17 62 787
17 63 866
17 64 700
17 65 740
17 66 151
17 67 595
17 68 614
17 69 348
17 70 437
17 71 514
17 72 831
17 73 167
17 74 768
17 75 569
17 76 701
17 77 999
17 78 305
17 79 275
17 80 156
17 81 487
17 82 293
17 83 836
17 84 784
17 85 223
17 86 505
17 87 172
17 88 781
17 89 620
17 90 758
17 91 457
17 92 915
17 93 700
17 94 735
17 95 139
17 96 890
17 97 809
17 98 558
17 99 331
17 100 69
18 1 490
18 2 741
18 3 749
18 4 334
18 5 775
18 6 895
18 7 457
18 8 150
18 9 525
18 10 243
18 11 496
18 12 573
18 13 435
18 14 926
18 15 875
18 16 250
18 17 699
18 19 149
18 20 711
18 21 653
18 22 283
18 23 555
18 24 437
18 25 309
18 26 614
18 27 861
18 28 43
18 29 916
18 30 532
18 31 615
18 32 173
18 33 750
18 34 434
18 35 876
18 36 769
18 37 460
18 38 113
18 39 187
18 40 553
18 41 732
18 42 716
18 43 233
18 44 690
18 45 128
18 46 374
18 47 564
18 48 842
18 49 328
18 50 246
18 51 456
18 52 361
18 53 285
18 54 919
18 55 401
18 56 888
18 57 395
18 58 788
18 59 97
18 60 287
18 61 343
18 62 957
18 63 359
18 64 373
18 65 254
18 66 627
18 67 439
18 68 593
18 69 775
18 70 559
18 71 188
18 72 181
18 73 856
18 74 921
18 75 617
18 76 789
18 77 554
18 78 400
18 79 482
18 80 556
18 81 229
18 82 416
18 83 163
18 84 366
18 85 816
18 86 205
18 87 530
18 88 368
18 89 544
18 90 435
18 91 404
18 92 588
18 93 534
18 94 760
18 95 677
18 96 503
18 97 553
18 98 230
18 99 426
18 100 645
19 1 626
19 2 858
19 3 746
19 4 478
19 5 843
19 6 867
19 7 325
19 8 261
19 9 475
19 10 378
19 11 366
19 12 582
19 13 344
19 14 1029
19 15 921
19 16 381
19 17 800
19 18 149
19 20 720
19 21 561
19 22 362
19 23 417
19 24 516
19 25 457
19 26 711
19 27 884
19 28 190
19 29 895
19 30 660
19 31 742
19 32 308
19 33 733
19 34 349
19 35 916
19 36 800
19 37 427
19 38 176
19 39 269
19 40 678
19 41 734
19 42 671
19 43 350
19 44 806
19 45 250
19 46 249
19 47 537
19 48 918
19 49 420
19 50 393
19 51 316
19 52 510
19 53 361
19 54 891
19 55 431
19 56 900
19 57 536
19 58 756
19 59 57
19 60 405
19 61 405
19 62 928
19 63 229
19 64 513
19 65 168
19 66 707
19 67 414
19 68 566
19 69 818
19 70 578
19 71 293
19 72 35
19 73 947
19 74 891
19 75 603
19 76 757
19 77 422
19 78 495
19 79 554
19 80 668
19 81 363
19 82 533
19 83 45
19 84 493
19 85 887
19 86 296
19 87 628
19 88 495
19 89 513
19 90 354
19 91 431
19 92 479
19 93 479
19 94 718
19 95 756
19 96 389
19 97 468
19 98 378
19 99 494
19 100 752
20 1 677
20 2 628
20 3 68
20 4 709
20 5 333
20 6 257
20 7 658
20 8 595
20 9 320
20 10 631
20 11 657
20 12 139
20 13 493
20 14 631
20 15 276
20 16 887
20 17 494
20 18 711
20 19 720
20 21 479
20 22 465
20 23 721
20 24 375
20 25 776
20 26 443
20 27 175
20 28 726
20 29 248
20 30 626
20 31 650
20 32 827
20 33 127
20 34 477
20 35 250
20 36 133
20 37 317
20 38 822
20 39 538
20 40 609
20 41 36
20 42 257
20 43 905
20 44 594
20 45 622
20 46 627
20 47 224
20 48 411
20 49 463
20 50 712
20 51 711
20 52 833
20 53 458
20 54 274
20 55 314
20 56 181
20 57 941
20 58 212
20 59 697
20 60 556
20 61 395
20 62 310
20 63 643
20 64 935
20 65 574
20 66 350
20 67 318
20 68 208
20 69 196
20 70 155
20 71 564
20 72 738
20 73 515
20 74 285
20 75 148
20 76 209
20 77 686
20 78 444
20 79 336
20 80 521
20 81 626
20 82 538
20 83 764
20 84 987
20 85 366
20 86 533
20 87 439
20 88 986
20 89 251
20 90 465
20 91 308
20 92 553
20 93 336
20 94 252
20 95 356
20 96 575
20 97 444
20 98 729
20 99 349
20 100 519
21 1 920
21 2 1005
21 3 448
21 4 857
21 5 787
21 6 442
21 7 297
21 8 633
21 9 210
21 10 742
21 11 270
21 12 423
21 13 220
21 14 1073
21 15 754
21 16 899
21 17 886
21 18 653
21 19 561
21 20 479
21 22 587
21 23 301
21 24 631
21 25 887
21 26 807
21 27 638
21 28 690
21 29 489
21 30 906
21 31 964
21 32 823
21 33 391
21 34 219
21 35 727
21 36 611
21 37 281
21 38 730
21 39 581
21 40 904
21 41 463
21 42 247
21 43 886
21 44 957
21 45 649
21 46 332
21 47 284
21 48 871
21 49 634
21 50 808
21 51 348
21 52 950
21 53 578
21 54 461
21 55 467
21 56 612
21 57 1023
21 58 346
21 59 579
21 60 702
21 61 550
21 62 486
21 63 355
21 64 1006
21 65 403
21 66 737
21 67 309
21 68 284
21 69 670
21 70 454
21 71 628
21 72 556
21 73 960
21 74 453
21 75 342
21 76 350
21 77 264
21 78 675
21 79 627
21 80 839
21 81 729
21 82 772
21 83 595
21 84 1016
21 85 827
21 86 599
21 87 757
21 88 1017
21 89 267
21 90 219
21 91 455
21 92 113
21 93 189
21 94 284
21 95 766
21 96 195
21 97 104
21 98 810
21 99 589
21 100 881
22 1 340
22 2 510
22 3 516
22 4 279
22 5 493
22 6 687
22 7 527
22 8 140
22 9 395
22 10 175
22 11 554
22 12 337
22 13 412
22 14 668
22 15 596
22 16 422
22 17 439
22 18 283
22 19 362
22 20 465
22 21 587
22 23 628
22 24 157
22 25 327
22 26 350
22 27 596
22 28 283
22 29 696
22 30 343
22 31 416
22 32 366
22 33 534
22 34 401
22 35 599
22 36 500
22 37 317
22 38 393
22 39 98
22 40 351
22 41 492
22 42 548
22 43 443
22 44 457
22 45 167
22 46 448
22 47 385
22 48 562
22 49 63
22 50 255
22 51 554
22 52 390
22 53 10
22 54 710
22 55 162
22 56 631
22 57 487
22 58 593
22 59 316
22 60 117
22 61 71
22 62 748
22 63 447
22 64 478
22 65 313
22 66 348
22 67 288
22 68 410
22 69 498
22 70 312
22 71 104
22 72 394
22 73 586
22 74 715
22 75 410
22 76 593
22 77 610
22 78 136
22 79 200
22 80 318
22 81 167
22 82 203
22 83 401
22 84 524
22 85 535
22 86 79
22 87 268
22 88 523
22 89 377
22 90 394
22 91 172
22 92 570
22 93 413
22 94 584
22 95 398
22 96 516
22 97 488
22 98 269
22 99 145
22 100 396
23 1 960
23 2 1122
23 3 709
23 4 848
23 5 980
23 6 737
23 7 104
23 8 605
23 9 402
23 10 733
23 11 76
23 12 623
23 13 245
23 14 1238
23 15 988
23 16 797
23 17 1024
23 18 555
23 19 417
23 20 721
23 21 301
23 22 628
23 24 733
23 25 849
23 26 936
23 27 893
23 28 597
23 29 782
23 30 970
23 31 1043
23 32 723
23 33 662
23 34 261
23 35 967
23 36 844
23 37 427
23 38 589
23 39 575
23 40 978
23 41 715
23 42 532
23 43 766
23 44 1070
23 45 610
23 46 188
23 47 499
23 48 1065
23 49 688
23 50 775
23 51 103
23 52 907
23 53 621
23 54 758
23 55 578
23 56 880
23 57 949
23 58 635
23 59 460
23 60 723
23 61 624
23 62 785
23 63 199
23 64 926
23 65 328
23 66 890
23 67 443
23 68 514
23 69 892
23 70 643
23 71 619
23 72 395
23 73 1134
23 74 751
23 75 574
23 76 638
23 77 39
23 78 752
23 79 750
23 80 935
23 81 717
23 82 830
23 83 431
23 84 909
23 85 1024
23 86 602
23 87 867
23 88 912
23 89 472
23 90 273
23 91 569
23 92 191
23 93 386
23 94 575
23 95 930
23 96 147
23 97 282
23 98 767
23 99 695
23 100 1000
24 1 315
24 2 390
24 3 436
24 4 337
24 5 338
24 6 623
24 7 637
24 8 291
24 9 422
24 10 275
24 11 658
24 12 275
24 13 498
24 14 522
24 15 452
24 16 545
24 17 297
24 18 437
24 19 516
24 20 375
24 21 631
24 22 157
24 23 733
24 25 409
24 26 206
24 27 474
24 28 435
24 29 621
24 30 282
24 31 334
24 32 499
24 33 472
24 34 483
24 35 460
24 36 375
24 37 351
24 38 546
24 39 254
24 40 275
24 41 408
24 42 528
24 43 575
24 44 338
24 45 317
24 46 566
24 47 376
24 48 406
24 49 114
24 50 353
24 51 673
24 52 462
24 53 157
24 54 643
24 55 166
24 56 518
24 57 574
24 58 546
24 59 471
24 60 196
24 61 117
24 62 680
24 63 570
24 64 571
24 65 444
24 66 192
24 67 324
24 68 394
24 69 360
24 70 241
24 71 253
24 72 546
24 73 433
24 74 651
24 75 371
24 76 544
24 77 710
24 78 70
24 79 49
24 80 210
24 81 274
24 82 167
24 83 555
24 84 633
24 85 379
24 86 233
24 87 134
24 88 631
24 89 380
24 90 474
24 91 177
24 92 640
24 93 443
24 94 553
24 95 242
24 96 605
24 97 542
24 98 374
24 99 42
24 100 267
25 1 246
25 2 538
25 3 833
25 4 83
25 5 701
25 6 1011
25 7 747
25 8 256
25 9 711
25 10 153
25 11 784
25 12 657
25 13 684
25 14 753
25 15 844
25 16 189
25 17 550
25 18 309
25 19 457
25 20 776
25 21 887
25 22 327
25 23 849
25 24 409
25 26 490
25 27 882
25 28 270
25 29 1016
25 30 315
25 31 389
25 32 200
25 33 857
25 34 678
25 35 859
25 36 782
25 37 634
25 38 345
25 39 306
25 40 346
25 41 807
25 42 875
25 43 244
25 44 496
25 45 244
25 46 663
25 47 711
25 48 743
25 49 315
25 50 79
25 51 755
25 52 64
25 53 336
25 54 1032
25 55 488
25 56 926
25 57 166
25 58 919
25 59 403
25 60 221
25 61 392
25 62 1071
25 63 651
25 64 163
25 65 526
25 66 547
25 67 606
25 68 737
25 69 761
25 70 629
25 71 260
25 72 489
25 73 716
25 74 1039
25 75 736
25 76 919
25 77 843
25 78 341
25 79 455
25 80 396
25 81 163
25 82 275
25 83 469
25 84 237
25 85 733
25 86 290
25 87 420
25 88 234
25 89 702
25 90 675
25 91 498
25 92 846
25 93 727
25 94 911
25 95 591
25 96 773
25 97 784
25 98 82
25 99 428
25 100 482
26 1 289
26 2 199
26 3 510
26 4 407
26 5 222
26 6 698
26 7 841
26 8 466
26 9 598
26 10 402
26 11 861
26 12 402
26 13 697
26 14 318
26 15 383
26 16 662
26 17 91
26 18 614
26 19 711
26 20 443
26 21 807
26 22 350
26 23 936
26 24 206
26 25 490
26 27 467
26 28 603
26 29 682
26 30 217
26 31 214
26 32 636
26 33 564
26 34 681
26 35 407
26 36 377
26 37 535
26 38 715
26 39 443
26 40 190
26 41 479
26 42 660
26 43 705
26 44 155
26 45 488
26 46 772
26 47 531
26 48 254
26 49 292
26 50 463
26 51 878
26 52 525
26 53 352
26 54 714
26 55 360
26 56 526
26 57 641
26 58 648
26 59 662
26 60 334
26 61 323
26 62 747
26 63 776
26 64 646
26 65 649
26 66 95
26 67 511
26 68 542
26 69 328
26 70 365
26 71 428
26 72 743
26 73 242
26 74 725
26 75 501
26 76 646
26 77 911
26 78 217
26 79 187
26 80 104
26 81 409
26 82 220
26 83 748
26 84 726
26 85 248
26 86 418
26 87 85
26 88 723
26 89 543
26 90 671
26 91 370
26 92 831
26 93 619
26 94 674
26 95 116
26 96 803
26 97 727
26 98 488
26 99 242
26 100 78
27 1 740
27 2 618
27 3 190
27 4 808
27 5 281
27 6 299
27 7 833
27 8 733
27 9 494
27 10 747
27 11 830
27 12 304
27 13 668
27 14 560
27 15 146
27 16 1013
27 17 486
27 18 861
27 19 884
27 20 175
27 21 638
27 22 596
27 23 893
27 24 474
27 25 882
27 26 467
27 28 872
27 29 261
27 30 677
27 31 680
27 32 961
27 33 251
27 34 651
27 35 108
27 36 100
27 37 492
27 38 973
27 39 680
27 40 653
27 41 179
27 42 398
27 43 1038
27 44 597
27 45 761
27 46 802
27 47 397
27 48 334
27 49 579
27 50 826
27 51 885
27 52 933
27 53 591
27 54 304
27 55 461
27 56 64
27 57 1047
27 58 319
27 59 857
27 60 669
27 61 527
27 62 325
27 63 818
27 64 1044
27 65 744
27 66 374
27 67 490
27 68 380
27 69 140
27 70 307
27 71 699
27 72 904
27 73 450
27 74 318
27 75 321
27 76 315
27 77 857
27 78 541
27 79 428
27 80 563
27 81 745
27 82 620
27 83 928
27 84 1106
27 85 295
27 86 670
27 87 494
27 88 1104
27 89 425
27 90 639
27 91 459
27 92 720
27 93 508
27 94 377
27 95 356
27 96 747
27 97 614
27 98 847
27 99 461
27 100 532
28 1 461
28 2 720
28 3 767
28 4 300
28 5 772
28 6 919
28 7 499
28 8 145
28 9 555
28 10 218
28 11 538
28 12 590
28 13 473
28 14 911
28 15 878
28 16 211
28 17 685
28 18 43
28 19 190
28 20 726
28 21 690
28 22 283
28 23 597
28 24 435
28 25 270
28 26 603
28 27 872
28 29 937
28 30 507
28 31 589
28 32 134
28 33 771
28 34 471
28 35 881
28 36 778
28 37 488
28 38 113
28 39 192
28 40 529
28 41 749
28 42 744
28 43 199
28 44 670
28 45 119
28 46 416
28 47 589
28 48 836
28 49 323
28 50 211
28 51 498
28 52 320
28 53 286
28 54 942
28 55 414
28 56 901
28 57 353
28 58 813
28 59 138
28 60 270
28 61 348
28 62 981
28 63 400
28 64 331
28 65 293
28 66 621
28 67 466
28 68 618
28 69 780
28 70 573
28 71 183
28 72 221
28 73 844
28 74 945
28 75 639
28 76 813
28 77 596
28 78 392
28 79 481
28 80 539
28 81 205
28 82 397
28 83 200
28 84 327
28 85 812
28 86 205
28 87 519
28 88 329
28 89 571
28 90 472
28 91 419
28 92 627
28 93 565
28 94 787
28 95 671
28 96 544
28 97 589
28 98 193
28 99 428
28 100 628
29 1 924
29 2 856
29 3 185
29 4 953
29 5 531
29 6 51
29 7 749
29 8 816
29 9 430
29 10 868
29 11 734
29 12 360
29 13 601
29 14 819
29 15 406
29 16 1113
29 17 721
29 18 916
29 19 895
29 20 248
29 21 489
29 22 696
29 23 782
29 24 621
29 25 1016
29 26 682
29 27 261
29 28 937
29 30 873
29 31 892
29 32 1049
29 33 167
29 34 587
29 35 368
29 36 316
29 37 469
29 38 1022
29 39 757
29 40 854
29 41 214
29 42 252
29 43 1125
29 44 827
29 45 843
29 46 744
29 47 358
29 48 593
29 49 702
29 50 949
29 51 804
29 52 1075
29 53 689
29 54 45
29 55 537
29 56 202
29 57 1180
29 58 150
29 59 884
29 60 795
29 61 628
29 62 67
29 63 765
29 64 1172
29 65 733
29 66 587
29 67 483
29 68 330
29 69 381
29 70 388
29 71 789
29 72 906
29 73 707
29 74 59
29 75 299
29 76 147
29 77 744
29 78 690
29 79 583
29 80 765
29 81 861
29 82 785
29 83 938
29 84 1219
29 85 551
29 86 757
29 87 685
29 88 1218
29 89 383
29 90 577
29 91 529
29 92 593
29 93 433
29 94 208
29 95 583
29 96 649
29 97 507
29 98 964
29 99 593
29 100 755
30 1 77
30 2 224
30 3 692
30 4 238
30 5 438
30 6 882
30 7 869
30 8 400
30 9 700
30 10 290
30 11 896
30 12 550
30 13 751
30 14 438
30 15 600
30 16 502
30 17 249
30 18 532
30 19 660
30 20 626
30 21 906
30 22 343
30 23 970
30 24 282
30 25 315
30 26 217
30 27 677
30 28 507
30 29 873
30 31 83
30 32 497
30 33 738
30 34 739
30 35 623
30 36 582
30 37 626
30 38 612
30 39 407
30 40 32
30 41 662
30 42 807
30 43 554
30 44 181
30 45 412
30 46 789
30 47 657
30 48 458
30 49 284
30 50 318
30 51 894
30 52 334
30 53 350
30 54 900
30 55 440
30 56 733
30 57 446
30 58 817
30 59 605
30 60 258
30 61 360
30 62 936
30 63 786
30 64 456
30 65 651
30 66 304
30 67 597
30 68 675
30 69 540
30 70 514
30 71 372
30 72 694
30 73 410
30 74 910
30 75 648
30 76 814
30 77 953
30 78 232
30 79 302
30 80 115
30 81 304
30 82 141
30 83 688
30 84 543
30 85 460
30 86 378
30 87 188
30 88 539
30 89 661
30 90 731
30 91 452
30 92 904
30 93 720
30 94 830
30 95 333
30 96 856
30 97 813
30 98 343
30 99 323
30 100 181
31 1 144
31 2 152
31 3 717
31 4 315
31 5 421
31 6 906
31 7 942
31 8 481
31 9 756
31 10 372
31 11 969
31 12 589
31 13 819
31 14 371
31 15 587
31 16 578
31 17 214
31 18 615
31 19 742
31 20 650
31 21 964
31 22 416
31 23 1043
31 24 334
31 25 389
31 26 214
31 27 680
31 28 589
31 29 892
31 30 83
31 32 576
31 33 767
31 34 806
31 35 615
31 36 590
31 37 684
31 38 694
31 39 486
31 40 66
31 41 686
31 42 849
31 43 631
31 44 119
31 45 494
31 46 864
31 47 705
31 48 426
31 49 355
31 50 398
31 51 970
31 52 400
31 53 423
31 54 923
31 55 498
31 56 739
31 57 508
31 58 849
31 59 687
31 60 339
31 61 425
31 62 957
31 63 862
31 64 521
31 65 727
31 66 308
31 67 656
31 68 721
31 69 540
31 70 552
31 71 452
31 72 776
31 73 361
31 74 934
31 75 689
31 76 847
31 77 1024
31 78 295
31 79 345
31 80 132
31 81 386
31 82 215
31 83 770
31 84 610
31 85 435
31 86 457
31 87 217
31 88 606
31 89 711
31 90 797
31 91 510
31 92 969
31 93 777
31 94 868
31 95 325
31 96 925
31 97 874
31 98 423
31 99 376
31 100 152
32 1 435
32 2 719
32 3 874
32 4 262
32 5 828
32 6 1034
32 7 627
32 8 234
32 9 682
32 10 235
32 11 667
32 12 694
32 13 606
32 14 926
32 15 951
32 16 77
32 17 709
32 18 173
32 19 308
32 20 827
32 21 823
32 22 366
32 23 723
32 24 499
32 25 200
32 26 636
32 27 961
32 28 134
32 29 1049
32 30 497
32 31 576
32 33 883
32 34 605
32 35 958
32 36 864
32 37 612
32 38 156
32 39 292
32 40 524
32 41 852
32 42 867
32 43 78
32 44 673
32 45 207
32 46 546
32 47 709
32 48 883
32 49 387
32 50 180
32 51 622
32 52 230
32 53 371
32 54 1057
32 55 516
32 56 996
32 57 231
32 58 931
32 59 264
32 60 309
32 61 435
32 62 1096
32 63 529
32 64 206
32 65 426
32 66 673
32 67 588
32 68 737
32 69 857
32 70 673
32 71 264
32 72 334
32 73 874
32 74 1061
32 75 753
32 76 931
32 77 724
32 78 444
32 79 548
32 80 555
32 81 230
32 82 417
32 83 305
32 84 194
32 85 865
32 86 295
32 87 556
32 88 195
32 89 692
32 90 605
32 91 522
32 92 760
32 93 693
32 94 909
32 95 721
32 96 676
32 97 721
32 98 154
32 99 503
32 100 646
33 1 783
33 2 753
33 3 67
33 4 797
33 5 458
33 6 154
33 7 614
33 8 651
33 9 280
33 10 707
33 11 605
33 12 201
33 13 457
33 14 756
33 15 380
33 16 948
33 17 619
33 18 750
33 19 733
33 20 127
33 21 391
33 22 534
33 23 662
33 24 472
33 25 857
33 26 564
33 27 251
33 28 771
33 29 167
33 30 738
33 31 767
33 32 883
33 34 442
33 35 348
33 36 248
33 37 308
33 38 857
33 39 592
33 40 722
33 41 94
33 42 148
33 43 959
33 44 717
33 45 677
33 46 599
33 47 197
33 48 534
33 49 544
33 50 788
33 51 669
33 52 917
33 53 526
33 54 176
33 55 373
33 56 222
33 57 1020
33 58 86
33 59 720
33 60 637
33 61 466
33 62 215
33 63 618
33 64 1011
33 65 574
33 66 473
33 67 319
33 68 170
33 69 315
33 70 233
33 71 625
33 72 746
33 73 640
33 74 182
33 75 133
33 76 83
33 77 624
33 78 539
33 79 439
33 80 637
33 81 700
33 82 638
33 83 777
33 84 1055
33 85 489
33 86 593
33 87 553
33 88 1054
33 89 224
33 90 431
33 91 365
33 92 480
33 93 288
33 94 131
33 95 481
33 96 520
33 97 380
33 98 802
33 99 440
33 100 641
34 1 741
34 2 872
34 3 476
34 4 657
34 5 720
34 6 551
34 7 183
34 8 423
34 9 163
34 10 540
34 11 189
34 12 366
34 13 17
34 14 979
34 15 735
34 16 681
34 17 768
34 18 434
34 19 349
34 20 477
34 21 219
34 22 401
34 23 261
34 24 483
34 25 678
34 26 681
34 27 651
34 28 471
34 29 587
34 30 739
34 31 806
34 32 605
34 33 442
34 35 717
34 36 593
34 37 168
34 38 514
34 39 376
34 40 742
34 41 476
34 42 343
34 43 667
34 44 821
34 45 437
34 46 158
34 47 255
34 48 805
34 49 456
34 50 600
34 51 235
34 52 741
34 53 393
34 54 574
34 55 322
34 56 647
34 57 808
34 58 439
34 59 362
34 60 510
34 61 381
34 62 608
34 63 178
34 64 790
34 65 186
34 66 631
34 67 182
34 68 276
34 69 636
34 70 384
34 71 423
34 72 349
34 73 874
34 74 571
34 75 332
34 76 442
34 77 233
34 78 511
34 79 494
34 80 690
34 81 525
34 82 599
34 83 386
34 84 798
34 85 764
34 86 397
34 87 617
34 88 799
34 89 227
34 90 13
34 91 312
34 92 171
34 93 155
34 94 390
34 95 670
34 96 122
34 97 120
34 98 600
34 99 443
34 100 748
35 1 692
35 2 536
35 3 284
35 4 780
35 5 197
35 6 407
35 7 900
35 8 739
35 9 566
35 10 734
35 11 901
35 12 354
35 13 734
35 14 458
35 15 39
35 16 1005
35 17 410
35 18 876
35 19 916
35 20 250
35 21 727
35 22 599
35 23 967
35 24 460
35 25 859
35 26 407
35 27 108
35 28 881
35 29 368
35 30 623
35 31 615
35 32 958
35 33 348
35 34 717
35 36 125
35 37 551
35 38 988
35 39 691
35 40 597
35 41 265
35 42 494
35 43 1035
35 44 521
35 45 766
35 46 861
35 47 469
35 48 235
35 49 572
35 50 811
35 51 951
35 52 905
35 53 596
35 54 411
35 55 486
35 56 168
35 57 1021
35 58 423
35 59 884
35 60 655
35 61 534
35 62 431
35 63 875
35 64 1021
35 65 788
35 66 322
35 67 545
35 68 456
35 69 102
35 70 346
35 71 702
35 72 939
35 73 350
35 74 425
35 75 396
35 76 418
35 77 933
35 78 522
35 79 412
35 80 509
35 81 734
35 82 587
35 83 960
35 84 1089
35 85 200
35 86 677
35 87 450
35 88 1087
35 89 496
35 90 705
35 91 486
35 92 802
35 93 583
35 94 478
35 95 292
35 96 821
35 97 693
35 98 833
35 99 457
35 100 464
36 1 643
36 2 541
36 3 181
36 4 708
36 5 217
36 6 343
36 7 776
36 8 637
36 9 443
36 10 648
36 11 777
36 12 230
36 13 610
36 14 513
36 15 145
36 16 915
36 17 407
36 18 769
36 19 800
36 20 133
36 21 611
36 22 500
36 23 844
36 24 375
36 25 782
36 26 377
36 27 100
36 28 778
36 29 316
36 30 582
36 31 590
36 32 864
36 33 248
36 34 593
36 35 125
36 37 427
36 38 881
36 39 586
36 40 560
36 41 156
36 42 387
36 43 941
36 44 515
36 45 665
36 46 737
36 47 347
36 48 288
36 49 480
36 50 727
36 51 827
36 52 834
36 53 495
36 54 354
36 55 372
36 56 151
36 57 947
36 58 330
36 59 770
36 60 569
36 61 432
36 62 382
36 63 751
36 64 945
36 65 667
36 66 282
36 67 422
36 68 335
36 69 69
36 70 225
36 71 603
36 72 822
36 73 398
36 74 367
36 75 274
36 76 326
36 77 810
36 78 442
36 79 328
36 80 470
36 81 646
36 82 521
36 83 844
36 84 1007
36 85 244
36 86 575
36 87 397
36 88 1005
36 89 373
36 90 581
36 91 371
36 92 682
36 93 460
36 94 378
36 95 271
36 96 697
36 97 572
36 98 748
36 99 363
36 100 446
37 1 642
37 2 731
37 3 328
37 4 594
37 5 554
37 6 442
37 7 350
37 8 392
37 9 78
37 10 484
37 11 356
37 12 199
37 13 185
37 14 821
37 15 568
37 16 684
37 17 619
37 18 460
37 19 427
37 20 317
37 21 281
37 22 317
37 23 427
37 24 351
37 25 634
37 26 535
37 27 492
37 28 488
37 29 469
37 30 626
37 31 684
37 32 612
37 33 308
37 34 168
37 35 551
37 36 427
37 38 561
37 39 334
37 40 623
37 41 323
37 42 257
37 43 684
37 44 683
37 45 414
37 46 311
37 47 111
37 48 639
37 49 357
37 50 557
37 51 400
37 52 698
37 53 307
37 54 466
37 55 187
37 56 494
37 57 784
37 58 332
37 59 418
37 60 433
37 61 272
37 62 503
37 63 327
37 64 770
37 65 267
37 66 475
37 67 30
37 68 139
37 69 469
37 70 216
37 71 377
37 72 439
37 73 713
37 74 466
37 75 181
37 76 333
37 77 396
37 78 395
37 79 351
37 80 560
37 81 472
37 82 493
37 83 470
37 84 797
37 85 598
37 86 345
37 87 480
37 88 797
37 89 87
37 90 156
37 91 175
37 92 297
37 93 97
37 94 301
37 95 511
37 96 283
37 97 192
37 98 564
37 99 309
37 100 607
38 1 560
38 2 828
38 3 859
38 4 392
38 5 883
38 6 1000
38 7 500
38 8 256
38 9 621
38 10 325
38 11 541
38 12 684
38 13 511
38 14 1022
38 15 986
38 16 220
38 17 797
38 18 113
38 19 176
38 20 822
38 21 730
38 22 393
38 23 589
38 24 546
38 25 345
38 26 715
38 27 973
38 28 113
38 29 1022
38 30 612
38 31 694
38 32 156
38 33 857
38 34 514
38 35 988
38 36 881
38 37 561
38 39 298
38 40 636
38 41 842
38 42 815
38 43 179
38 44 778
38 45 231
38 46 425
38 47 668
38 48 948
38 49 435
38 50 302
38 51 487
38 52 383
38 53 395
38 54 1024
38 55 513
38 56 999
38 57 383
38 58 892
38 59 152
38 60 382
38 61 454
38 62 1062
38 63 405
38 64 358
38 65 329
38 66 734
38 67 543
38 68 697
38 69 887
38 70 671
38 71 294
38 72 195
38 73 957
38 74 1026
38 75 724
38 76 893
38 77 596
38 78 504
38 79 592
38 80 649
38 81 314
38 82 508
38 83 160
38 84 324
38 85 924
38 86 315
38 87 631
38 88 327
38 89 647
38 90 517
38 91 516
38 92 653
38 93 628
38 94 860
38 95 783
38 96 564
38 97 633
38 98 280
38 99 537
38 100 740
39 1 388
39 2 593
39 3 582
39 4 282
39 5 590
39 6 743
39 7 472
39 8 60
39 9 409
39 10 164
39 11 504
39 12 403
39 13 384
39 14 760
39 15 689
39 16 358
39 17 531
39 18 187
39 19 269
39 20 538
39 21 581
39 22 98
39 23 575
39 24 254
39 25 306
39 26 443
39 27 680
39 28 192
39 29 757
39 30 407
39 31 486
39 32 292
39 33 592
39 34 376
39 35 691
39 36 586
39 37 334
39 38 298
39 40 420
39 41 562
39 42 584
39 43 369
39 44 540
39 45 86
39 46 389
39 47 423
39 48 660
39 49 152
39 50 228
39 51 492
39 52 370
39 53 99
39 54 766
39 55 225
39 56 710
39 57 451
39 58 642
39 59 220
39 60 151
39 61 157
39 62 805
39 63 384
39 64 437
39 65 249
39 66 446
39 67 307
39 68 450
39 69 590
39 70 384
39 71 48
39 72 301
39 73 682
39 74 770
39 75 462
39 76 642
39 77 562
39 78 227
39 79 297
39 80 402
39 81 150
39 82 272
39 83 305
39 84 468
39 85 632
39 86 29
39 87 360
39 88 467
39 89 409
39 90 372
39 91 231
39 92 546
39 93 424
39 94 624
39 95 495
39 96 479
39 97 478
39 98 232
39 99 241
39 100 484
40 1 109
40 2 196
40 3 675
40 4 267
40 5 409
40 6 865
40 7 877
40 8 417
40 9 696
40 10 312
40 11 903
40 12 538
40 13 755
40 14 407
40 15 572
40 16 532
40 17 218
40 18 553
40 19 678
40 20 609
40 21 904
40 22 351
40 23 978
40 24 275
40 25 346
40 26 190
40 27 653
40 28 529
40 29 854
40 30 32
40 31 66
40 32 524
40 33 722
40 34 742
40 35 597
40 36 560
40 37 623
40 38 636
40 39 420
40 41 644
40 42 796
40 43 583
40 44 151
40 45 431
40 46 798
40 47 649
40 48 428
40 49 290
40 50 345
40 51 904
40 52 365
40 53 358
40 54 882
40 55 437
40 56 710
40 57 478
40 58 802
40 59 623
40 60 274
40 61 362
40 62 918
40 63 796
40 64 488
40 65 662
40 66 279
40 67 595
40 68 666
40 69 515
40 70 501
40 71 387
40 72 712
40 73 379
40 74 893
40 75 637
40 76 800
40 77 959
40 78 232
40 79 291
40 80 90
