nnodes nedges type capacity P s t
100  4950  graph  1000 100 1 100 
nodename posx posy itemvalue itemweight
1 75 184 0 0
2 773 647 146 58
3 614 484 185 81
4 746 623 227 12
5 430 322 220 19
6 341 223 75 28
7 586 153 248 39
8 577 893 193 93
9 507 307 103 55
10 703 24 128 96
11 300 569 208 92
12 576 965 107 64
13 128 845 45 39
14 185 464 137 12
15 127 601 198 98
16 663 554 64 31
17 785 436 201 9
18 202 399 141 88
19 921 948 42 19
20 375 703 99 11
21 270 716 137 25
22 278 208 140 36
23 222 855 64 32
24 102 729 128 18
25 514 805 138 55
26 754 166 163 95
27 726 682 47 22
28 132 207 60 43
29 527 669 62 47
30 671 654 4 9
31 270 335 94 19
32 209 408 242 95
33 123 763 230 32
34 159 396 32 21
35 63 534 202 32
36 99 685 31 90
37 603 378 6 73
38 894 825 175 71
39 585 996 206 52
40 554 452 189 94
41 153 660 159 53
42 970 879 40 57
43 342 454 74 50
44 86 221 249 38
45 124 110 46 4
46 228 746 246 91
47 445 437 22 37
48 506 568 35 1
49 552 666 220 18
50 965 615 123 73
51 552 416 1 56
52 300 155 212 57
53 146 546 28 86
54 980 84 177 83
55 542 887 40 67
56 536 47 76 100
57 899 858 170 68
58 927 594 106 45
59 313 365 67 6
60 815 789 82 64
61 475 43 59 80
62 887 272 56 82
63 832 394 166 91
64 841 736 35 88
65 60 158 110 7
66 351 964 10 61
67 574 4 162 22
68 120 721 219 41
69 550 452 209 47
70 805 445 24 100
71 691 693 214 51
72 492 591 149 85
73 551 771 168 6
74 185 216 79 86
75 489 352 61 63
76 357 964 151 71
77 396 245 44 7
78 237 580 5 61
79 991 430 149 39
80 317 51 48 8
81 588 668 47 8
82 15 162 220 11
83 24 487 131 88
84 235 927 101 91
85 940 40 185 74
86 724 983 41 48
87 85 216 75 41
88 574 989 132 94
89 340 111 147 12
90 205 829 32 9
91 464 915 176 32
92 145 212 30 71
93 160 382 240 36
94 792 151 132 38
95 812 109 174 79
96 554 752 248 70
97 130 921 88 17
98 267 506 30 70
99 761 502 155 31
100 433 701 0 0
endpoint1 endpoint2 weight
1 2 838
1 3 617
1 4 802
1 5 381
1 6 269
1 7 512
1 8 869
1 9 450
1 10 649
1 11 446
1 12 928
1 13 664
1 14 301
1 15 421
1 16 695
1 17 754
1 18 250
1 19 1140
1 20 600
1 21 567
1 22 205
1 23 687
1 24 546
1 25 761
1 26 680
1 27 820
1 28 62
1 29 663
1 30 760
1 31 247
1 32 262
1 33 581
1 34 229
1 35 351
1 36 502
1 37 563
1 38 1041
1 39 959
1 40 549
1 41 483
1 42 1134
1 43 380
1 44 39
1 45 89
1 46 583
1 47 449
1 48 578
1 49 679
1 50 989
1 51 531
1 52 227
1 53 369
1 54 911
1 55 844
1 56 481
1 57 1065
1 58 946
1 59 300
1 60 956
1 61 425
1 62 817
1 63 786
1 64 945
1 65 31
1 66 828
1 67 531
1 68 539
1 69 546
1 70 776
1 71 800
1 72 583
1 73 756
1 74 115
1 75 447
1 76 830
1 77 327
1 78 428
1 79 949
1 80 277
1 81 706
1 82 64
1 83 308
1 84 761
1 85 877
1 86 1030
1 87 34
1 88 948
1 89 275
1 90 658
1 91 829
1 92 76
1 93 216
1 94 718
1 95 741
1 96 744
1 97 740
1 98 375
1 99 757
1 100 629
2 1 838
2 3 228
2 4 37
2 5 473
2 6 606
2 7 529
2 8 315
2 9 432
2 10 627
2 11 480
2 12 375
2 13 675
2 14 616
2 15 648
2 16 145
2 17 212
2 18 623
2 19 336
2 20 402
2 21 508
2 22 662
2 23 589
2 24 676
2 25 304
2 26 482
2 27 59
2 28 778
2 29 247
2 30 103
2 31 592
2 32 613
2 33 661
2 34 664
2 35 719
2 36 676
2 37 319
2 38 216
2 39 397
2 40 294
2 41 621
2 42 305
2 43 473
2 44 809
2 45 843
2 46 554
2 47 390
2 48 279
2 49 222
2 50 195
2 51 320
2 52 683
2 53 636
2 54 600
2 55 334
2 56 646
2 57 246
2 58 163
2 59 540
2 60 149
2 61 674
2 62 392
2 63 260
2 64 113
2 65 865
2 66 528
2 67 674
2 68 658
2 69 297
2 70 205
2 71 95
2 72 287
2 73 255
2 74 730
2 75 410
2 76 524
2 77 552
2 78 541
2 79 308
2 80 751
2 81 187
2 82 900
2 83 766
2 84 607
2 85 630
2 86 340
2 87 812
2 88 396
2 89 690
2 90 597
2 91 410
2 92 764
2 93 668
2 94 497
2 95 540
2 96 243
2 97 699
2 98 526
2 99 146
2 100 345
3 1 617
3 2 228
3 4 192
3 5 246
3 6 378
3 7 333
3 8 411
3 9 207
3 10 469
3 11 326
3 12 483
3 13 606
3 14 430
3 15 501
3 16 86
3 17 178
3 18 421
3 19 557
3 20 325
3 21 415
3 22 435
3 23 540
3 24 568
3 25 337
3 26 348
3 27 228
3 28 556
3 29 205
3 30 180
3 31 375
3 32 413
3 33 565
3 34 464
3 35 554
3 36 553
3 37 107
3 38 442
3 39 513
3 40 68
3 41 494
3 42 532
3 43 274
3 44 590
3 45 617
3 46 467
3 47 176
3 48 137
3 49 193
3 50 375
3 51 93
3 52 455
3 53 473
3 54 543
3 55 410
3 56 444
3 57 471
3 58 332
3 59 324
3 60 366
3 61 463
3 62 346
3 63 236
3 64 340
3 65 643
3 66 548
3 67 482
3 68 548
3 69 72
3 70 195
3 71 223
3 72 163
3 73 294
3 74 506
3 75 182
3 76 545
3 77 324
3 78 390
3 79 381
3 80 526
3 81 186
3 82 681
3 83 591
3 84 584
3 85 551
3 86 511
3 87 594
3 88 507
3 89 463
3 90 536
3 91 457
3 92 543
3 93 466
3 94 378
3 95 425
3 96 275
3 97 653
3 98 348
3 99 149
3 100 283
4 1 802
4 2 37
4 3 192
4 5 437
4 6 570
4 7 497
4 8 319
4 9 397
4 10 601
4 11 450
4 12 382
4 13 657
4 14 584
4 15 620
4 16 108
4 17 192
4 18 589
4 19 370
4 20 380
4 21 485
4 22 626
4 23 574
4 24 653
4 25 295
4 26 458
4 27 63
4 28 742
4 29 224
4 30 82
4 31 557
4 32 579
4 33 639
4 34 630
4 35 689
4 36 650
4 37 284
4 38 251
4 39 407
4 40 258
4 41 595
4 42 341
4 43 438
4 44 773
4 45 807
4 46 533
4 47 354
4 48 247
4 49 199
4 50 220
4 51 284
4 52 647
4 53 605
4 54 588
4 55 334
4 56 614
4 57 281
4 58 184
4 59 505
4 60 180
4 61 641
4 62 379
4 63 245
4 64 148
4 65 829
4 66 522
4 67 643
4 68 634
4 69 261
4 70 188
4 71 90
4 72 257
4 73 245
4 74 694
4 75 374
4 76 518
4 77 516
4 78 511
4 79 312
4 80 715
4 81 165
4 82 865
4 83 735
4 84 595
4 85 615
4 86 361
4 87 777
4 88 405
4 89 654
4 90 579
4 91 406
4 92 729
4 93 634
4 94 475
4 95 519
4 96 232
4 97 685
4 98 494
4 99 122
4 100 323
5 1 381
5 2 473
5 3 246
5 4 437
5 6 134
5 7 230
5 8 590
5 9 79
5 10 405
5 11 280
5 12 660
5 13 604
5 14 284
5 15 412
5 16 329
5 17 373
5 18 241
5 19 796
5 20 385
5 21 426
5 22 190
5 23 573
5 24 523
5 25 491
5 26 360
5 27 467
5 28 320
5 29 361
5 30 411
5 31 161
5 32 238
5 33 538
5 34 281
5 35 424
5 36 492
5 37 182
5 38 685
5 39 692
5 40 180
5 41 438
5 42 776
5 43 159
5 44 359
5 45 373
5 46 470
5 47 116
5 48 258
5 49 365
5 50 610
5 51 155
5 52 212
5 53 362
5 54 600
5 55 576
5 56 295
5 57 713
5 58 567
5 59 125
5 60 606
5 61 283
5 62 460
5 63 409
5 64 584
5 65 405
5 66 647
5 67 350
5 68 506
5 69 177
5 70 395
5 71 454
5 72 277
5 73 466
5 74 267
5 75 67
5 76 647
5 77 85
5 78 323
5 79 572
5 80 294
5 81 381
5 82 445
5 83 439
5 84 636
5 85 583
5 86 724
5 87 361
5 88 683
5 89 230
5 90 555
5 91 594
5 92 306
5 93 277
5 94 401
5 95 438
5 96 448
5 97 670
5 98 246
5 99 377
5 100 380
6 1 269
6 2 606
6 3 378
6 4 570
6 5 134
6 7 255
6 8 711
6 9 187
6 10 414
6 11 349
6 12 779
6 13 658
6 14 288
6 15 435
6 16 462
6 17 493
6 18 225
6 19 929
6 20 482
6 21 499
6 22 65
6 23 644
6 24 560
6 25 608
6 26 417
6 27 600
6 28 210
6 29 484
6 30 543
6 31 133
6 32 228
6 33 583
6 34 252
6 35 418
6 36 522
6 37 305
6 38 818
6 39 811
6 40 313
6 41 476
6 42 909
6 43 232
6 44 256
6 45 245
6 46 536
6 47 238
6 48 383
6 49 491
6 50 737
6 51 286
6 52 80
6 53 378
6 54 654
6 55 694
6 56 263
6 57 846
6 58 694
6 59 145
6 60 739
6 61 225
6 62 549
6 63 520
6 64 717
6 65 289
6 66 742
6 67 320
6 68 545
6 69 311
6 70 515
6 71 587
6 72 398
6 73 587
6 74 157
6 75 197
6 76 742
6 77 60
6 78 372
6 79 683
6 80 174
6 81 509
6 82 332
6 83 413
6 84 712
6 85 627
6 86 852
6 87 257
6 88 801
6 89 113
6 90 622
6 91 703
6 92 197
6 93 241
6 94 457
6 95 485
6 96 571
6 97 730
6 98 293
6 99 505
6 100 487
7 1 512
7 2 529
7 3 333
7 4 497
7 5 230
7 6 255
7 8 741
7 9 174
7 10 175
7 11 505
7 12 813
7 13 830
7 14 508
7 15 642
7 16 409
7 17 346
7 18 457
7 19 863
7 20 590
7 21 646
7 22 313
7 23 791
7 24 753
7 25 656
7 26 169
7 27 548
7 28 458
7 29 520
7 30 509
7 31 365
7 32 456
7 33 766
7 34 492
7 35 648
7 36 722
7 37 226
7 38 740
7 39 844
7 40 301
7 41 667
7 42 822
7 43 388
7 44 505
7 45 464
7 46 693
7 47 318
7 48 423
7 49 515
7 50 598
7 51 266
7 52 287
7 53 590
7 54 400
7 55 736
7 56 118
7 57 772
7 58 558
7 59 346
7 60 676
7 61 157
7 62 324
7 63 345
7 64 637
7 65 527
7 66 845
7 67 150
7 68 735
7 69 302
7 70 365
7 71 551
7 72 448
7 73 619
7 74 406
7 75 222
7 76 843
7 77 212
7 78 552
7 79 491
7 80 288
7 81 516
7 82 572
7 83 654
7 84 850
7 85 372
7 86 842
7 87 505
7 88 837
7 89 250
7 90 776
7 91 772
7 92 445
7 93 484
7 94 207
7 95 231
7 96 600
7 97 894
7 98 476
7 99 391
7 100 569
8 1 869
8 2 315
8 3 411
8 4 319
8 5 590
8 6 711
8 7 741
8 9 591
8 10 879
8 11 427
8 12 73
8 13 452
8 14 582
8 15 537
8 16 350
8 17 503
8 18 621
8 19 349
8 20 278
8 21 355
8 22 748
8 23 358
8 24 503
8 25 109
8 26 749
8 27 259
8 28 818
8 29 230
8 30 257
8 31 637
8 32 609
8 33 473
8 34 650
8 35 627
8 36 522
8 37 516
8 38 325
8 39 104
8 40 442
8 41 484
8 42 394
8 43 498
8 44 833
8 45 905
8 46 379
8 47 475
8 48 333
8 49 229
8 50 478
8 51 478
8 52 789
8 53 554
8 54 904
8 55 36
8 56 847
8 57 324
8 58 461
8 59 591
8 60 260
8 61 857
8 62 695
8 63 561
8 64 308
8 65 899
8 66 237
8 67 890
8 68 489
8 69 442
8 70 503
8 71 231
8 72 314
8 73 125
8 74 783
8 75 549
8 76 232
8 77 673
8 78 463
8 79 622
8 80 882
8 81 226
8 82 923
8 83 687
8 84 344
8 85 928
8 86 173
8 87 837
8 88 97
8 89 818
8 90 378
8 91 116
8 92 807
8 93 660
8 94 773
8 95 819
8 96 143
8 97 448
8 98 496
8 99 433
8 100 240
9 1 450
9 2 432
9 3 207
9 4 397
9 5 79
9 6 187
9 7 174
9 8 591
9 10 345
9 11 334
9 12 662
9 13 659
9 14 359
9 15 481
9 16 293
9 17 307
9 18 319
9 19 764
9 20 418
9 21 473
9 22 250
9 23 618
9 24 585
9 25 499
9 26 285
9 27 435
9 28 389
9 29 363
9 30 384
9 31 239
9 32 315
9 33 597
9 34 360
9 35 499
9 36 557
9 37 120
9 38 647
9 39 694
9 40 153
9 41 500
9 42 736
9 43 221
9 44 430
9 45 431
9 46 521
9 47 145
9 48 262
9 49 362
9 50 552
9 51 118
9 52 257
9 53 433
9 54 523
9 55 582
9 56 262
9 57 677
9 58 509
9 59 203
9 60 573
9 61 266
9 62 382
9 63 337
9 64 544
9 65 472
9 66 676
9 67 311
9 68 567
9 69 152
9 70 329
9 71 428
9 72 285
9 73 467
9 74 335
9 75 49
9 76 674
9 77 128
9 78 384
9 79 500
9 80 319
9 81 370
9 82 513
9 83 516
9 84 678
9 85 509
9 86 710
9 87 432
9 88 686
9 89 258
9 90 604
9 91 610
9 92 375
9 93 356
9 94 325
9 95 364
9 96 448
9 97 721
9 98 312
9 99 321
9 100 401
10 1 649
10 2 627
10 3 469
10 4 601
10 5 405
10 6 414
10 7 175
10 8 879
10 9 345
10 11 678
10 12 950
10 13 1003
10 14 680
10 15 816
10 16 532
10 17 421
10 18 626
10 19 950
10 20 755
10 21 817
10 22 464
10 23 961
10 24 927
10 25 804
10 26 151
10 27 659
10 28 600
10 29 669
10 30 631
10 31 534
10 32 626
10 33 940
10 34 660
10 35 819
10 36 896
10 37 368
10 38 824
10 39 980
10 40 454
10 41 841
10 42 896
10 43 562
10 44 648
10 45 586
10 46 865
10 47 487
10 48 579
10 49 660
10 50 647
10 51 421
10 52 424
10 53 764
10 54 284
10 55 878
10 56 169
10 57 857
10 58 613
10 59 519
10 60 774
10 61 229
10 62 309
10 63 392
10 64 726
10 65 657
10 66 1004
10 67 131
10 68 909
10 69 455
10 70 434
10 71 670
10 72 605
10 73 763
10 74 553
10 75 392
10 76 1002
10 77 379
10 78 726
10 79 498
10 80 387
10 81 655
10 82 702
10 83 822
10 84 1018
10 85 238
10 86 960
10 87 648
10 88 974
10 89 374
10 90 947
10 91 923
10 92 589
10 93 651
10 94 156
10 95 139
10 96 744
10 97 1065
10 98 650
10 99 482
10 100 729
11 1 446
11 2 480
11 3 326
11 4 450
11 5 280
11 6 349
11 7 505
11 8 427
11 9 334
11 10 678
11 12 483
11 13 326
11 14 156
11 15 176
11 16 364
11 17 503
11 18 197
11 19 728
11 20 154
11 21 151
11 22 362
11 23 297
11 24 255
11 25 319
11 26 608
11 27 441
11 28 400
11 29 249
11 30 381
11 31 236
11 32 185
11 33 263
11 34 224
11 35 240
11 36 233
11 37 359
11 38 647
11 39 514
11 40 280
11 41 173
11 42 739
11 43 123
11 44 409
11 45 492
11 46 192
11 47 197
11 48 207
11 49 271
11 50 667
11 51 295
11 52 414
11 53 156
11 54 836
11 55 400
11 56 573
11 57 666
11 58 628
11 59 205
11 60 561
11 61 555
11 62 658
11 63 561
11 64 567
11 65 476
11 66 399
11 67 628
11 68 236
11 69 277
11 70 521
11 71 411
11 72 194
11 73 323
11 74 372
11 75 288
11 76 400
11 77 338
11 78 64
11 79 705
11 80 519
11 81 305
11 82 497
11 83 288
11 84 364
11 85 831
11 86 593
11 87 414
11 88 502
11 89 460
11 90 277
11 91 383
11 92 390
11 93 234
11 94 646
11 95 689
11 96 314
11 97 391
11 98 72
11 99 466
11 100 188
12 1 928
12 2 375
12 3 483
12 4 382
12 5 660
12 6 779
12 7 813
12 8 73
12 9 662
12 10 950
12 11 483
12 13 464
12 14 636
12 15 579
12 16 421
12 17 569
12 18 679
12 19 346
12 20 331
12 21 395
12 22 814
12 23 371
12 24 530
12 25 172
12 26 819
12 27 321
12 28 879
12 29 301
12 30 326
12 31 701
12 32 668
12 33 496
12 34 706
12 35 671
12 36 554
12 37 588
12 38 348
12 39 33
12 40 514
12 41 522
12 42 404
12 43 563
12 44 891
12 45 968
12 46 412
12 47 545
12 48 404
12 49 300
12 50 524
12 51 550
12 52 856
12 53 601
12 54 970
12 55 86
12 56 919
12 57 341
12 58 511
12 59 656
12 60 297
12 61 928
12 62 760
12 63 626
12 64 351
12 65 958
12 66 226
12 67 962
12 68 518
12 69 514
12 70 569
12 71 296
12 72 384
12 73 196
12 74 845
12 75 620
12 76 220
12 77 743
12 78 513
12 79 678
12 80 950
12 81 298
12 82 980
12 83 731
12 84 344
12 85 995
12 86 150
12 87 896
12 88 25
12 89 887
12 90 396
12 91 123
12 92 868
12 93 717
12 94 843
12 95 888
12 96 215
12 97 449
12 98 554
12 99 499
12 100 301
13 1 664
13 2 675
13 3 606
13 4 657
13 5 604
13 6 658
13 7 830
13 8 452
13 9 659
13 10 1003
13 11 326
13 12 464
13 14 386
13 15 245
13 16 610
13 17 774
13 18 453
13 19 800
13 20 285
13 21 192
13 22 655
13 23 95
13 24 119
13 25 389
13 26 924
13 27 620
13 28 639
13 29 437
13 30 576
13 31 530
13 32 445
13 33 83
13 34 451
13 35 318
13 36 163
13 37 667
13 38 767
13 39 482
13 40 580
13 41 187
13 42 843
13 43 446
13 44 626
13 45 736
13 46 141
13 47 517
13 48 469
13 49 461
13 50 869
13 51 604
13 52 712
13 53 300
13 54 1143
13 55 417
13 56 897
13 57 772
13 58 838
13 59 515
13 60 690
13 61 874
13 62 952
13 63 837
13 64 722
13 65 691
13 66 253
13 67 952
13 68 125
13 69 577
13 70 787
13 71 584
13 72 444
13 73 430
13 74 632
13 75 612
13 76 259
13 77 658
13 78 287
13 79 958
13 80 817
13 81 493
13 82 693
13 83 373
13 84 135
13 85 1144
13 86 612
13 87 631
13 88 469
13 89 765
13 90 79
13 91 344
13 92 634
13 93 465
13 94 961
13 95 1005
13 96 437
13 97 77
13 98 367
13 99 720
13 100 338
14 1 301
14 2 616
14 3 430
14 4 584
14 5 284
14 6 288
14 7 508
14 8 582
14 9 359
14 10 680
14 11 156
14 12 636
14 13 386
14 15 149
14 16 487
14 17 601
14 18 68
14 19 881
14 20 306
14 21 266
14 22 273
14 23 393
14 24 278
14 25 474
14 26 643
14 27 584
14 28 263
14 29 399
14 30 522
14 31 155
14 32 61
14 33 306
14 34 73
14 35 141
14 36 238
14 37 427
14 38 796
14 39 666
14 40 370
14 41 199
14 42 888
14 43 158
14 44 263
14 45 360
14 46 286
14 47 262
14 48 338
14 49 419
14 50 795
14 51 371
14 52 330
14 53 91
14 54 882
14 55 554
14 56 546
14 57 816
14 58 754
14 59 162
14 60 709
14 61 512
14 62 728
14 63 651
14 64 711
14 65 331
14 66 527
14 67 603
14 68 266
14 69 366
14 70 621
14 71 556
14 72 333
14 73 478
14 74 248
14 75 324
14 76 529
14 77 305
14 78 128
14 79 807
14 80 434
14 81 452
14 82 347
14 83 163
14 84 466
14 85 866
14 86 749
14 87 268
14 88 654
14 89 386
14 90 366
14 91 531
14 92 256
14 93 86
14 94 683
14 95 721
14 96 469
14 97 461
14 98 93
14 99 578
14 100 344
15 1 421
15 2 648
15 3 501
15 4 620
15 5 412
15 6 435
15 7 642
15 8 537
15 9 481
15 10 816
15 11 176
15 12 579
15 13 245
15 14 149
15 16 539
15 17 679
15 18 216
15 19 867
15 20 269
15 21 184
15 22 422
15 23 272
15 24 131
15 25 438
15 26 764
15 27 605
15 28 395
15 29 406
15 30 547
15 31 303
15 32 210
15 33 163
15 34 208
15 35 93
15 36 89
15 37 526
15 38 800
15 39 605
15 40 453
15 41 65
15 42 888
15 43 261
15 44 383
15 45 492
15 46 177
15 47 358
15 48 381
15 49 430
15 50 839
15 51 464
15 52 479
15 53 59
15 54 998
15 55 505
15 56 689
15 57 814
15 58 801
15 59 301
15 60 714
15 61 658
15 62 829
15 63 735
15 64 727
15 65 449
15 66 427
15 67 746
15 68 121
15 69 449
15 70 696
15 71 572
15 72 366
15 73 457
15 74 390
15 75 440
15 76 430
15 77 447
15 78 112
15 79 881
15 80 582
15 81 466
15 82 454
15 83 154
15 84 344
15 85 988
15 86 709
15 87 388
15 88 592
15 89 535
15 90 241
15 91 461
15 92 390
15 93 222
15 94 803
15 95 844
15 96 453
15 97 321
15 98 170
15 99 642
15 100 322
16 1 695
16 2 145
16 3 86
16 4 108
16 5 329
16 6 462
16 7 409
16 8 350
16 9 293
16 10 532
16 11 364
16 12 421
16 13 610
16 14 487
16 15 539
16 17 170
16 18 487
16 19 471
16 20 325
16 21 426
16 22 518
16 23 534
16 24 588
16 25 292
16 26 399
16 27 143
16 28 635
16 29 179
16 30 101
16 31 450
16 32 477
16 33 580
16 34 529
16 35 601
16 36 580
16 37 186
16 38 357
16 39 449
16 40 150
16 41 521
16 42 448
16 43 337
16 44 667
16 45 699
16 46 476
16 47 248
16 48 158
16 49 158
16 50 309
16 51 178
16 52 540
16 53 518
16 54 567
16 55 355
16 56 523
16 57 385
16 58 268
16 59 398
16 60 280
16 61 545
16 62 361
16 63 233
16 64 255
16 65 722
16 66 516
16 67 558
16 68 569
16 69 153
16 70 180
16 71 142
16 72 175
16 73 245
16 74 586
16 75 267
16 76 512
16 77 409
16 78 427
16 79 351
16 80 611
16 81 137
16 82 758
16 83 643
16 84 568
16 85 584
16 86 434
16 87 670
16 88 445
16 89 549
16 90 535
16 91 413
16 92 621
16 93 532
16 94 424
16 95 470
16 96 227
16 97 648
16 98 399
16 99 111
16 100 273
17 1 754
17 2 212
17 3 178
17 4 192
17 5 373
17 6 493
17 7 346
17 8 503
17 9 307
17 10 421
17 11 503
17 12 569
17 13 774
17 14 601
17 15 679
17 16 170
17 18 585
17 19 530
17 20 490
17 21 587
17 22 556
17 23 702
17 24 744
17 25 458
17 26 272
17 27 253
17 28 692
17 29 348
17 30 247
17 31 525
17 32 577
17 33 739
17 34 628
17 35 729
17 36 730
17 37 192
17 38 404
17 39 595
17 40 232
17 41 671
17 42 481
17 43 444
17 44 732
17 45 738
17 46 638
17 47 341
17 48 309
17 49 328
17 50 254
17 51 234
17 52 561
17 53 649
17 54 403
17 55 513
17 56 462
17 57 438
17 58 213
17 59 478
17 60 355
17 61 501
17 62 194
17 63 64
17 64 306
17 65 777
17 66 684
17 67 481
17 68 724
17 69 236
17 70 22
17 71 274
17 72 332
17 73 409
17 74 640
17 75 308
17 76 680
17 77 434
17 78 567
17 79 207
17 80 607
17 81 305
17 82 818
17 83 763
17 84 738
17 85 426
17 86 551
17 87 734
17 88 592
17 89 552
17 90 701
17 91 577
17 92 679
17 93 628
17 94 286
17 95 329
17 96 392
17 97 816
17 98 523
17 99 71
17 100 441
18 1 250
18 2 623
18 3 421
18 4 589
18 5 241
18 6 225
18 7 457
18 8 621
18 9 319
18 10 626
18 11 197
18 12 679
18 13 453
18 14 68
18 15 216
18 16 487
18 17 585
18 19 905
18 20 350
18 21 325
18 22 206
18 23 457
18 24 345
18 25 513
18 26 600
18 27 596
18 28 205
18 29 423
18 30 534
18 31 94
18 32 12
18 33 373
18 34 44
18 35 194
18 36 304
18 37 402
18 38 813
18 39 710
18 40 356
18 41 266
18 42 906
18 43 151
18 44 213
18 45 300
18 46 348
18 47 246
18 48 348
18 49 441
18 50 793
18 51 351
18 52 263
18 53 158
18 54 840
18 55 595
18 56 486
18 57 835
18 58 751
18 59 117
18 60 727
18 61 449
18 62 697
18 63 631
18 64 723
18 65 280
18 66 585
18 67 543
18 68 333
18 69 353
18 70 605
18 71 571
18 72 348
18 73 511
18 74 184
18 75 291
18 76 586
18 77 248
18 78 185
18 79 790
18 80 367
18 81 471
18 82 302
18 83 199
18 84 530
18 85 821
18 86 784
18 87 218
18 88 698
18 89 320
18 90 431
18 91 579
18 92 196
18 93 46
18 94 641
18 95 676
18 96 499
18 97 527
18 98 126
18 99 569
18 100 381
19 1 1140
19 2 336
19 3 557
19 4 370
19 5 796
19 6 929
19 7 863
19 8 349
19 9 764
19 10 950
19 11 728
19 12 346
19 13 800
19 14 881
19 15 867
19 16 471
19 17 530
19 18 905
19 20 599
19 21 692
19 22 981
19 23 706
19 24 848
19 25 432
19 26 800
19 27 330
19 28 1083
19 29 483
19 30 386
19 31 895
19 32 894
19 33 820
19 34 941
19 35 953
19 36 864
19 37 653
19 38 126
19 39 340
19 40 618
19 41 821
19 42 85
19 43 762
19 44 1108
19 45 1157
19 46 722
19 47 699
19 48 563
19 49 465
19 50 336
19 51 648
19 52 1008
19 53 874
19 54 867
19 55 384
19 56 980
19 57 93
19 58 355
19 59 843
19 60 192
19 61 1009
19 62 677
19 63 562
19 64 227
19 65 1169
19 66 571
19 67 1006
19 68 833
19 69 620
19 70 517
19 71 344
19 72 559
19 73 411
19 74 1039
19 75 737
19 76 565
19 77 878
19 78 777
19 79 523
19 80 1082
19 81 436
19 82 1200
19 83 1009
19 84 687
19 85 909
19 86 201
19 87 1112
19 88 350
19 89 1019
19 90 726
19 91 459
19 92 1070
19 93 949
19 94 808
19 95 847
19 96 417
19 97 792
19 98 790
19 99 474
19 100 547
20 1 600
20 2 402
20 3 325
20 4 380
20 5 385
20 6 482
20 7 590
20 8 278
20 9 418
20 10 755
20 11 154
20 12 331
20 13 285
20 14 306
20 15 269
20 16 325
20 17 490
20 18 350
20 19 599
20 21 106
20 22 505
20 23 216
20 24 275
20 25 173
20 26 658
20 27 352
20 28 553
20 29 156
20 30 301
20 31 383
20 32 339
20 33 260
20 34 376
20 35 355
20 36 277
20 37 397
20 38 534
20 39 361
20 40 309
20 41 227
20 42 621
20 43 252
20 44 563
20 45 644
20 46 154
20 47 276
20 48 189
20 49 181
20 50 597
20 51 338
20 52 554
20 53 278
20 54 866
20 55 249
20 56 676
20 57 547
20 58 563
20 59 344
20 60 449
20 61 668
20 62 670
20 63 552
20 64 468
20 65 630
20 66 263
20 67 727
20 68 256
20 69 306
20 70 502
20 71 317
20 72 162
20 73 189
20 74 523
20 75 370
20 76 262
20 77 459
20 78 185
20 79 674
20 80 655
20 81 216
20 82 650
20 83 413
20 84 265
20 85 872
20 86 448
20 87 567
20 88 349
20 89 594
20 90 212
20 91 230
20 92 543
20 93 387
20 94 692
20 95 738
20 96 186
20 97 328
20 98 225
20 99 436
20 100 59
21 1 567
21 2 508
21 3 415
21 4 485
21 5 426
21 6 499
21 7 646
21 8 355
21 9 473
21 10 817
21 11 151
21 12 395
21 13 192
21 14 266
21 15 184
21 16 426
21 17 587
21 18 325
21 19 692
21 20 106
21 22 509
21 23 148
21 24 169
21 25 260
21 26 733
21 27 458
21 28 528
21 29 262
21 30 406
21 31 381
21 32 314
21 33 155
21 34 339
21 35 276
21 36 174
21 37 475
21 38 634
21 39 422
21 40 388
21 41 130
21 42 719
21 43 272
21 44 529
21 45 624
21 46 52
21 47 330
21 48 279
21 49 287
21 50 703
21 51 412
21 52 562
21 53 211
21 54 951
21 55 322
21 56 720
21 57 645
21 58 669
21 59 354
21 60 550
21 61 704
21 62 761
21 63 648
21 64 572
21 65 597
21 66 261
21 67 775
21 68 151
21 69 385
21 70 600
21 71 422
21 72 255
21 73 287
21 74 508
21 75 425
21 76 263
21 77 488
21 78 140
21 79 776
21 80 667
21 81 322
21 82 610
21 83 337
21 84 214
21 85 952
21 86 527
21 87 534
21 88 409
21 89 610
21 90 131
21 91 278
21 92 520
21 93 352
21 94 770
21 95 814
21 96 287
21 97 249
21 98 211
21 99 536
21 100 164
22 1 205
22 2 662
22 3 435
22 4 626
22 5 190
22 6 65
22 7 313
22 8 748
22 9 250
22 10 464
22 11 362
22 12 814
22 13 655
22 14 273
22 15 422
22 16 518
22 17 556
22 18 206
22 19 981
22 20 505
22 21 509
22 23 650
22 24 550
22 25 642
22 26 478
22 27 653
22 28 147
22 29 524
22 30 595
22 31 128
22 32 212
22 33 577
22 34 223
22 35 391
22 36 510
22 37 367
22 38 872
22 39 846
22 40 369
22 41 469
22 42 964
22 43 255
22 44 193
22 45 183
22 46 541
22 47 284
22 48 427
22 49 534
22 50 799
22 51 345
22 52 58
22 53 363
22 54 713
22 55 729
22 56 305
22 57 899
22 58 756
22 59 161
22 60 792
22 61 257
22 62 613
22 63 585
22 64 772
22 65 224
22 66 760
22 67 360
22 68 537
22 69 366
22 70 578
22 71 638
22 72 439
22 73 626
22 74 94
22 75 256
22 76 761
22 77 124
22 78 375
22 79 747
22 80 162
22 81 555
22 82 267
22 83 378
22 84 721
22 85 683
22 86 895
22 87 194
22 88 836
22 89 116
22 90 626
22 91 732
22 92 134
22 93 211
22 94 518
22 95 544
22 96 611
22 97 729
22 98 299
22 99 566
22 100 517
23 1 687
23 2 589
23 3 540
23 4 574
23 5 573
23 6 644
23 7 791
23 8 358
23 9 618
23 10 961
23 11 297
23 12 371
23 13 95
23 14 393
23 15 272
23 16 534
23 17 702
23 18 457
23 19 706
23 20 216
23 21 148
23 22 650
23 24 174
23 25 297
23 26 871
23 27 533
23 28 655
23 29 358
23 30 492
23 31 523
23 32 448
23 33 136
23 34 464
23 35 359
23 36 210
23 37 611
23 38 673
23 39 390
23 40 523
23 41 207
23 42 749
23 43 419
23 44 649
23 45 752
23 46 110
23 47 474
23 48 404
23 49 381
23 50 781
23 51 550
23 52 705
23 53 319
23 54 1082
23 55 322
23 56 867
23 57 678
23 58 752
23 59 499
23 60 597
23 61 851
23 62 885
23 63 765
23 64 631
23 65 716
23 66 169
23 67 921
23 68 169
23 69 520
23 70 713
23 71 497
23 72 378
23 73 340
23 74 641
23 75 570
23 76 174
23 77 635
23 78 276
23 79 879
23 80 810
23 81 412
23 82 724
23 83 418
23 84 74
23 85 1087
23 86 519
23 87 654
23 88 377
23 89 754
23 90 32
23 91 250
23 92 648
23 93 478
23 94 906
23 95 952
23 96 348
23 97 114
23 98 352
23 99 645
23 100 262
24 1 546
24 2 676
24 3 568
24 4 653
24 5 523
24 6 560
24 7 753
24 8 503
24 9 585
24 10 927
24 11 255
24 12 530
24 13 119
24 14 278
24 15 131
24 16 588
24 17 744
24 18 345
24 19 848
24 20 275
24 21 169
24 22 550
24 23 174
24 25 419
24 26 862
24 27 626
24 28 523
24 29 430
24 30 574
24 31 429
24 32 339
24 33 40
24 34 338
24 35 199
24 36 45
24 37 612
24 38 798
24 39 552
24 40 531
24 41 86
24 42 881
24 43 365
24 44 509
24 45 620
24 46 128
24 47 451
24 48 435
24 49 455
24 50 871
24 51 549
24 52 608
24 53 189
24 54 1090
24 55 468
24 56 809
24 57 808
24 58 836
24 59 421
24 60 716
24 61 781
24 62 909
24 63 804
24 64 740
24 65 573
24 66 343
24 67 866
24 68 20
24 69 527
24 70 759
24 71 591
24 72 414
24 73 451
24 74 520
24 75 541
24 76 347
24 77 567
24 78 202
24 79 938
24 80 712
24 81 490
24 82 574
24 83 255
24 84 239
24 85 1085
24 86 672
24 87 514
24 88 539
24 89 663
24 90 144
24 91 407
24 92 519
24 93 352
24 94 901
24 95 943
24 96 453
24 97 195
24 98 278
24 99 698
24 100 333
25 1 761
25 2 304
25 3 337
25 4 295
25 5 491
25 6 608
25 7 656
25 8 109
25 9 499
25 10 804
25 11 319
25 12 172
25 13 389
25 14 474
25 15 438
25 16 292
25 17 458
25 18 513
25 19 432
25 20 173
25 21 260
25 22 642
25 23 297
25 24 419
25 26 683
25 27 246
25 28 710
25 29 137
25 30 218
25 31 530
25 32 501
25 33 394
25 34 542
25 35 527
25 36 433
25 37 437
25 38 381
25 39 204
25 40 356
25 41 390
25 42 462
25 43 391
25 44 725
25 45 797
25 46 293
25 47 375
25 48 238
25 49 145
25 50 490
25 51 391
25 52 685
25 53 451
25 54 859
25 55 87
25 56 759
25 57 389
25 58 464
25 59 484
25 60 302
25 61 763
25 62 651
25 63 520
25 64 335
25 65 791
25 66 228
25 67 804
25 68 403
25 69 355
25 70 463
25 71 210
25 72 216
25 73 51
25 74 675
25 75 454
25 76 224
25 77 573
25 78 357
25 79 607
25 80 780
25 81 156
25 82 814
25 83 585
25 84 305
25 85 876
25 86 276
25 87 729
25 88 194
25 89 716
25 90 310
25 91 121
25 92 699
25 93 552
25 94 711
25 95 758
25 96 67
25 97 402
25 98 388
25 99 391
25 100 132
26 1 680
26 2 482
26 3 348
26 4 458
26 5 360
26 6 417
26 7 169
26 8 749
26 9 285
26 10 151
26 11 608
26 12 819
26 13 924
26 14 643
26 15 764
26 16 399
26 17 272
26 18 600
26 19 800
26 20 658
26 21 733
26 22 478
26 23 871
26 24 862
26 25 683
26 27 517
26 28 624
26 29 552
26 30 496
26 31 513
26 32 597
26 33 869
26 34 638
26 35 783
26 36 836
26 37 261
26 38 674
26 39 848
26 40 349
26 41 778
26 42 745
26 43 503
26 44 671
26 45 633
26 46 783
26 47 412
26 48 473
26 49 540
26 50 497
26 51 322
26 52 455
26 53 717
26 54 241
26 55 752
26 56 249
26 57 708
26 58 462
26 59 484
26 60 626
26 61 305
26 62 171
26 63 241
26 64 577
26 65 695
26 66 894
26 67 243
26 68 843
26 69 352
26 70 284
26 71 531
26 72 500
26 73 639
26 74 572
26 75 324
26 76 892
26 77 367
26 78 663
26 79 355
26 80 452
26 81 529
26 82 740
26 83 798
26 84 922
26 85 225
26 86 818
26 87 671
26 88 843
26 89 418
26 90 861
26 91 804
26 92 611
26 93 633
26 94 41
26 95 82
26 96 620
26 97 980
26 98 594
26 99 337
26 100 624
27 1 820
27 2 59
27 3 228
27 4 63
27 5 467
27 6 600
27 7 548
27 8 259
27 9 435
27 10 659
27 11 441
27 12 321
27 13 620
27 14 584
27 15 605
27 16 143
27 17 253
27 18 596
27 19 330
27 20 352
27 21 458
27 22 653
27 23 533
27 24 626
27 25 246
27 26 517
27 28 761
27 29 200
27 30 62
27 31 574
27 32 586
27 33 609
27 34 636
27 35 680
27 36 628
27 37 328
27 38 221
27 39 345
27 40 288
27 41 574
27 42 314
27 43 447
27 44 789
27 45 831
27 46 503
27 47 373
27 48 248
27 49 175
27 50 249
27 51 318
27 52 678
27 53 596
27 54 650
27 55 276
27 56 663
27 57 247
27 58 220
27 59 521
27 60 140
27 61 687
27 62 441
27 63 307
27 64 128
27 65 848
27 66 470
27 67 695
27 68 608
27 69 290
27 70 250
27 71 37
27 72 252
27 73 197
27 74 715
27 75 407
27 76 465
27 77 548
27 78 500
27 79 366
27 80 752
27 81 139
27 82 881
27 83 729
27 84 549
27 85 677
27 86 302
27 87 793
27 88 343
27 89 690
27 90 542
27 91 351
27 92 748
27 93 641
27 94 536
27 95 580
27 96 186
27 97 643
27 98 492
27 99 184
27 100 294
28 1 62
28 2 778
28 3 556
28 4 742
28 5 320
28 6 210
28 7 458
28 8 818
28 9 389
28 10 600
28 11 400
28 12 879
28 13 639
28 14 263
28 15 395
28 16 635
28 17 692
28 18 205
28 19 1083
28 20 553
28 21 528
28 22 147
28 23 655
28 24 523
28 25 710
28 26 624
28 27 761
28 29 608
28 30 701
28 31 189
28 32 216
28 33 557
28 34 191
28 35 335
28 36 480
28 37 502
28 38 982
28 39 910
28 40 488
28 41 454
28 42 1075
28 43 325
28 44 49
28 45 98
28 46 548
28 47 389
28 48 520
28 49 623
28 50 928
28 51 470
28 52 176
28 53 340
28 54 857
28 55 795
28 56 435
28 57 1007
28 58 885
28 59 241
28 60 898
28 61 381
28 62 758
28 63 725
28 64 885
28 65 88
28 66 789
28 67 487
28 68 515
28 69 485
28 70 714
28 71 741
28 72 527
28 73 703
28 74 54
28 75 386
28 76 790
28 77 267
28 78 388
28 79 888
28 80 242
28 81 649
28 82 126
28 83 301
28 84 728
28 85 826
28 86 977
28 87 48
28 88 899
28 89 230
28 90 627
28 91 782
28 92 14
28 93 178
28 94 663
28 95 688
28 96 690
28 97 715
28 98 329
28 99 695
28 100 579
29 1 663
29 2 247
29 3 205
29 4 224
29 5 361
29 6 484
29 7 520
29 8 230
29 9 363
29 10 669
29 11 249
29 12 301
29 13 437
29 14 399
29 15 406
29 16 179
29 17 348
29 18 423
29 19 483
29 20 156
29 21 262
29 22 524
29 23 358
29 24 430
29 25 137
29 26 552
29 27 200
29 28 608
29 30 145
29 31 422
29 32 412
29 33 415
29 34 459
29 35 484
29 36 429
29 37 301
29 38 399
29 39 333
29 40 219
29 41 375
29 42 491
29 43 284
29 44 629
29 45 690
29 46 309
29 47 247
29 48 104
29 49 26
29 50 442
29 51 255
29 52 562
29 53 401
29 54 740
29 55 219
29 56 623
29 57 418
29 58 407
29 59 372
29 60 312
29 61 629
29 62 536
29 63 411
29 64 322
29 65 693
29 66 344
29 67 667
29 68 411
29 69 219
29 70 358
29 71 166
29 72 86
29 73 105
29 74 568
29 75 320
29 76 341
29 77 444
29 78 304
29 79 522
29 80 653
29 81 62
29 82 721
29 83 535
29 84 390
29 85 753
29 86 371
29 87 633
29 88 324
29 89 589
29 90 360
29 91 254
29 92 596
29 93 466
29 94 582
29 95 629
29 96 88
29 97 471
29 98 307
29 99 288
29 100 100
30 1 760
30 2 103
30 3 180
30 4 82
30 5 411
30 6 543
30 7 509
30 8 257
30 9 384
30 10 631
30 11 381
30 12 326
30 13 576
30 14 522
30 15 547
30 16 101
30 17 247
30 18 534
30 19 386
30 20 301
30 21 406
30 22 595
30 23 492
30 24 574
30 25 218
30 26 496
30 27 62
30 28 701
30 29 145
30 31 513
30 32 524
30 33 559
30 34 574
30 35 620
30 36 573
30 37 285
30 38 282
30 39 353
30 40 234
30 41 519
30 42 375
30 43 386
30 44 728
30 45 772
30 46 453
30 47 314
30 48 187
30 49 120
30 50 297
30 51 267
30 52 622
30 53 536
30 54 649
30 55 267
30 56 622
30 57 306
30 58 263
30 59 461
30 60 198
30 61 642
30 62 439
30 63 306
30 64 189
30 65 787
30 66 446
30 67 658
30 68 556
30 69 236
30 70 249
30 71 44
30 72 190
30 73 168
30 74 655
30 75 353
30 76 442
30 77 493
30 78 441
30 79 391
30 80 700
30 81 85
30 82 820
30 83 669
30 84 515
30 85 671
30 86 334
30 87 732
30 88 349
30 89 636
30 90 498
30 91 334
30 92 688
30 93 579
30 94 518
30 95 563
30 96 153
30 97 604
30 98 431
30 99 177
30 100 243
31 1 247
31 2 592
31 3 375
31 4 557
31 5 161
31 6 133
31 7 365
31 8 637
31 9 239
31 10 534
31 11 236
31 12 701
31 13 530
31 14 155
31 15 303
31 16 450
31 17 525
31 18 94
31 19 895
31 20 383
31 21 381
31 22 128
31 23 523
31 24 429
31 25 530
31 26 513
31 27 574
31 28 189
31 29 422
31 30 513
31 32 96
31 33 453
31 34 127
31 35 288
31 36 390
31 37 336
31 38 794
31 39 733
31 40 308
31 41 346
31 42 887
31 43 140
31 44 217
31 45 269
31 46 414
31 47 203
31 48 332
31 49 435
31 50 750
31 51 294
31 52 183
31 53 245
31 54 754
31 55 616
31 56 393
31 57 819
31 58 707
31 59 53
31 60 710
31 61 357
31 62 621
31 63 566
31 64 698
31 65 275
31 66 635
31 67 450
31 68 415
31 69 304
31 70 547
31 71 553
31 72 339
31 73 519
31 74 147
31 75 220
31 76 635
31 77 155
31 78 248
31 79 728
31 80 288
31 81 461
31 82 309
31 83 290
31 84 594
31 85 733
31 86 792
31 87 220
31 88 722
31 89 235
31 90 499
31 91 612
31 92 176
31 93 120
31 94 554
31 95 588
31 96 505
31 97 603
31 98 172
31 99 519
31 100 401
32 1 262
32 2 613
32 3 413
32 4 579
32 5 238
32 6 228
32 7 456
32 8 609
32 9 315
32 10 626
32 11 185
32 12 668
32 13 445
32 14 61
32 15 210
32 16 477
32 17 577
32 18 12
32 19 894
32 20 339
32 21 314
32 22 212
32 23 448
32 24 339
32 25 501
32 26 597
32 27 586
32 28 216
32 29 412
32 30 524
32 31 96
32 33 366
32 34 52
32 35 193
32 36 299
32 37 396
32 38 802
32 39 698
32 40 348
32 41 259
32 42 895
32 43 141
32 44 224
32 45 310
32 46 339
32 47 238
32 48 338
32 49 430
32 50 784
32 51 344
32 52 269
32 53 152
32 54 837
32 55 584
32 56 488
32 57 824
32 58 742
32 59 113
32 60 716
32 61 452
32 62 692
32 63 624
32 64 713
32 65 292
32 66 574
32 67 545
32 68 326
32 69 344
32 70 598
32 71 560
32 72 338
32 73 499
32 74 194
32 75 286
32 76 576
32 77 249
32 78 175
32 79 783
32 80 373
32 81 460
32 82 314
32 83 202
32 84 520
32 85 819
32 86 772
32 87 229
32 88 687
32 89 325
32 90 422
32 91 568
32 92 207
32 93 56
32 94 638
32 95 674
32 96 488
32 97 520
32 98 114
32 99 560
32 100 369
33 1 581
33 2 661
33 3 565
33 4 639
33 5 538
33 6 583
33 7 766
33 8 473
33 9 597
33 10 940
33 11 263
33 12 496
33 13 83
33 14 306
33 15 163
33 16 580
33 17 739
33 18 373
33 19 820
33 20 260
33 21 155
33 22 577
33 23 136
33 24 40
33 25 394
33 26 869
33 27 609
33 28 557
33 29 415
33 30 559
33 31 453
33 32 366
33 34 369
33 35 237
33 36 82
33 37 616
33 38 774
33 39 518
33 40 532
33 41 108
33 42 855
33 43 379
33 44 544
33 45 654
33 46 107
33 47 459
33 48 430
33 49 440
33 50 855
33 51 552
33 52 634
33 53 219
33 54 1094
33 55 437
33 56 827
33 57 782
33 58 822
33 59 442
33 60 693
33 61 802
33 62 909
33 63 800
33 64 719
33 65 609
33 66 304
33 67 883
33 68 43
33 69 529
33 70 753
33 71 573
33 72 408
33 73 429
33 74 551
33 75 551
33 76 309
33 77 586
33 78 216
33 79 930
33 80 738
33 81 475
33 82 611
33 83 294
33 84 199
33 85 1091
33 86 641
33 87 549
33 88 505
33 89 688
33 90 106
33 91 374
33 92 552
33 93 383
33 94 907
33 95 950
33 96 432
33 97 159
33 98 295
33 99 690
33 100 317
34 1 229
34 2 664
34 3 464
34 4 630
34 5 281
34 6 252
34 7 492
34 8 650
34 9 360
34 10 660
34 11 224
34 12 706
34 13 451
34 14 73
34 15 208
34 16 529
34 17 628
34 18 44
34 19 941
34 20 376
34 21 339
34 22 223
34 23 464
34 24 338
34 25 542
34 26 638
34 27 636
34 28 191
34 29 459
34 30 574
34 31 127
34 32 52
34 33 369
34 35 169
34 36 296
34 37 445
34 38 852
34 39 736
34 40 399
34 41 265
34 42 944
34 43 192
34 44 190
34 45 289
34 46 357
34 47 289
34 48 388
34 49 477
34 50 836
34 51 394
34 52 280
34 53 151
34 54 879
34 55 623
34 56 514
34 57 873
34 58 794
34 59 158
34 60 765
34 61 474
34 62 739
34 63 674
34 64 763
34 65 258
34 66 600
34 67 571
34 68 328
34 69 395
34 70 648
34 71 610
34 72 386
34 73 543
34 74 182
34 75 333
34 76 602
34 77 282
34 78 200
34 79 833
34 80 380
34 81 508
34 82 275
34 83 163
34 84 537
34 85 859
34 86 815
34 87 195
34 88 724
34 89 338
34 90 436
34 91 602
34 92 185
34 93 15
34 94 679
34 95 714
34 96 532
34 97 526
34 98 155
34 99 612
34 100 411
35 1 351
35 2 719
35 3 554
35 4 689
35 5 424
35 6 418
35 7 648
35 8 627
35 9 499
35 10 819
35 11 240
35 12 671
35 13 318
35 14 141
35 15 93
35 16 601
35 17 729
35 18 194
35 19 953
35 20 355
35 21 276
35 22 391
35 23 359
35 24 199
35 25 527
35 26 783
35 27 680
35 28 335
35 29 484
35 30 620
35 31 288
35 32 193
35 33 237
35 34 169
35 36 156
35 37 563
35 38 881
35 39 698
35 40 498
35 41 155
35 42 971
35 43 291
35 44 314
35 45 429
35 46 269
35 47 395
35 48 445
35 49 507
35 50 906
35 51 504
35 52 448
35 53 84
35 54 1022
35 55 596
35 56 679
35 57 897
35 58 867
35 59 302
35 60 795
35 61 641
35 62 865
35 63 782
35 64 804
35 65 377
35 66 518
35 67 737
35 68 196
35 69 494
35 70 748
35 71 648
35 72 433
35 73 543
35 74 341
35 75 464
35 76 521
35 77 441
35 78 180
35 79 934
35 80 546
35 81 542
35 82 376
35 83 62
35 84 429
35 85 1007
35 86 800
35 87 319
35 88 685
35 89 506
35 90 328
35 91 554
35 92 333
35 93 181
35 94 824
35 95 862
35 96 538
35 97 393
35 98 206
35 99 699
35 100 406
36 1 502
36 2 676
36 3 553
36 4 650
36 5 492
36 6 522
36 7 722
36 8 522
36 9 557
36 10 896
36 11 233
36 12 554
36 13 163
36 14 238
36 15 89
36 16 580
36 17 730
36 18 304
36 19 864
36 20 277
36 21 174
36 22 510
36 23 210
36 24 45
36 25 433
36 26 836
36 27 628
36 28 480
36 29 429
36 30 573
36 31 390
36 32 299
36 33 82
36 34 296
36 35 156
36 37 591
36 38 808
36 39 577
36 40 512
36 41 60
36 42 893
36 43 336
36 44 465
36 45 576
36 46 143
36 47 426
36 48 424
36 49 454
36 50 869
36 51 527
36 52 567
36 53 147
36 54 1067
36 55 487
36 56 774
36 57 819
36 58 833
36 59 385
36 60 724
36 61 745
36 62 890
36 63 789
36 64 744
36 65 529
36 66 376
36 67 831
36 68 42
36 69 508
36 70 746
36 71 593
36 72 405
36 73 461
36 74 477
36 75 513
36 76 381
36 77 531
36 78 174
36 79 928
36 80 671
36 81 490
36 82 530
36 83 212
36 84 278
36 85 1060
36 86 693
36 87 470
36 88 564
36 89 623
36 90 179
36 91 432
36 92 476
36 93 310
36 94 875
36 95 917
36 96 460
36 97 239
36 98 246
36 99 687
36 100 335
37 1 563
37 2 319
37 3 107
37 4 284
37 5 182
37 6 305
37 7 226
37 8 516
37 9 120
37 10 368
37 11 359
37 12 588
37 13 667
37 14 427
37 15 526
37 16 186
37 17 192
37 18 402
37 19 653
37 20 397
37 21 475
37 22 367
37 23 611
37 24 612
37 25 437
37 26 261
37 27 328
37 28 502
37 29 301
37 30 285
37 31 336
37 32 396
37 33 616
37 34 445
37 35 563
37 36 591
37 38 534
37 39 619
37 40 89
37 41 532
37 42 622
37 43 272
37 44 541
37 45 549
37 46 526
37 47 169
37 48 214
37 49 293
37 50 433
37 51 64
37 52 377
37 53 487
37 54 479
37 55 513
37 56 338
37 57 564
37 58 390
37 59 291
37 60 463
37 61 359
37 62 304
37 63 230
37 64 430
37 65 586
37 66 638
37 67 376
37 68 593
37 69 92
37 70 213
37 71 328
37 72 241
37 73 397
37 74 449
37 75 117
37 76 636
37 77 247
37 78 419
37 79 392
37 80 435
37 81 291
37 82 627
37 83 590
37 84 661
37 85 478
37 86 617
37 87 543
37 88 612
37 89 375
37 90 602
37 91 555
37 92 488
37 93 444
37 94 296
37 95 341
37 96 378
37 97 721
37 98 360
37 99 201
37 100 366
38 1 1041
38 2 216
38 3 442
38 4 251
38 5 685
38 6 818
38 7 740
38 8 325
38 9 647
38 10 824
38 11 647
38 12 348
38 13 767
38 14 796
38 15 800
38 16 357
38 17 404
38 18 813
38 19 126
38 20 534
38 21 634
38 22 872
38 23 673
38 24 798
38 25 381
38 26 674
38 27 221
38 28 982
38 29 399
38 30 282
38 31 794
38 32 802
38 33 774
38 34 852
38 35 881
38 36 808
38 37 534
38 39 354
38 40 505
38 41 760
38 42 94
38 43 666
38 44 1009
38 45 1051
38 46 671
38 47 594
38 48 466
38 49 378
38 50 222
38 51 534
38 52 896
38 53 799
38 54 746
38 55 358
38 56 857
38 57 34
38 58 234
38 59 742
38 60 87
38 61 888
38 62 554
38 63 436
38 64 104
38 65 1068
38 66 561
38 67 882
38 68 781
38 69 508
38 70 391
38 71 243
38 72 466
38 73 348
38 74 935
38 75 623
38 76 555
38 77 765
38 78 702
38 79 407
38 80 966
38 81 344
38 82 1102
38 83 934
38 84 667
38 85 787
38 86 233
38 87 1013
38 88 360
38 89 904
38 90 690
38 91 440
38 92 968
38 93 858
38 94 682
38 95 721
38 96 348
38 97 771
38 98 704
38 99 350
38 100 478
39 1 959
39 2 397
39 3 513
39 4 407
39 5 692
39 6 811
39 7 844
39 8 104
39 9 694
39 10 980
39 11 514
39 12 33
39 13 482
39 14 666
39 15 605
39 16 449
39 17 595
39 18 710
39 19 340
39 20 361
39 21 422
39 22 846
39 23 390
39 24 552
39 25 204
39 26 848
39 27 345
39 28 910
39 29 333
39 30 353
39 31 733
39 32 698
39 33 518
39 34 736
39 35 698
39 36 577
39 37 619
39 38 354
39 40 545
39 41 548
39 42 403
39 43 594
39 44 922
39 45 999
39 46 436
39 47 577
39 48 436
39 49 332
39 50 539
39 51 581
39 52 888
39 53 629
39 54 994
39 55 118
39 56 951
39 57 343
39 58 528
39 59 688
39 60 310
39 61 960
39 62 785
39 63 651
39 64 365
39 65 989
39 66 237
39 67 993
39 68 541
39 69 546
39 70 594
39 71 322
39 72 416
39 73 228
39 74 877
39 75 652
39 76 231
39 77 775
39 78 543
39 79 697
39 80 983
39 81 329
39 82 1011
39 83 758
39 84 357
39 85 1020
39 86 140
39 87 927
39 88 14
39 89 919
39 90 416
39 91 146
39 92 900
39 93 747
39 94 870
39 95 916
39 96 246
39 97 462
39 98 585
39 99 525
39 100 332
40 1 549
40 2 294
40 3 68
40 4 258
40 5 180
40 6 313
40 7 301
40 8 442
40 9 153
40 10 454
40 11 280
40 12 514
40 13 580
40 14 370
40 15 453
40 16 150
40 17 232
40 18 356
40 19 618
40 20 309
40 21 388
40 22 369
40 23 523
40 24 531
40 25 356
40 26 349
40 27 288
40 28 488
40 29 219
40 30 234
40 31 308
40 32 348
40 33 532
40 34 399
40 35 498
40 36 512
40 37 89
40 38 505
40 39 545
40 41 452
40 42 597
40 43 213
40 44 522
40 45 550
40 46 439
40 47 111
40 48 126
40 49 215
40 50 443
40 51 37
40 52 391
40 53 419
40 54 563
40 55 436
40 56 406
40 57 533
40 58 400
40 59 257
40 60 427
40 61 417
40 62 379
40 63 284
40 64 404
40 65 575
40 66 551
40 67 449
40 68 511
40 69 4
40 70 252
40 71 278
40 72 153
40 73 320
40 74 439
40 75 120
40 76 549
40 77 261
40 78 342
40 79 438
40 80 466
40 81 219
40 82 613
40 83 532
