nnodes nedges type capacity P s t
100  4950  graph  1000 100 1 100 
nodename posx posy itemvalue itemweight
1 537 14 0 0
2 417 162 316 60
3 815 180 436 1
4 96 666 146 82
5 718 318 133 38
6 873 237 278 20
7 756 476 318 77
8 545 366 350 57
9 802 127 241 59
10 491 38 407 49
11 664 465 455 68
12 81 943 388 5
13 110 882 338 41
14 260 966 447 91
15 468 770 123 45
16 796 358 1 58
17 136 565 104 69
18 520 303 69 91
19 745 616 69 67
20 970 463 372 53
21 286 195 404 1
22 52 42 72 21
23 671 598 30 21
24 760 473 177 70
25 725 251 31 36
26 863 742 370 85
27 717 944 155 9
28 37 179 41 93
29 179 297 450 39
30 497 999 435 72
31 419 645 184 36
32 357 908 81 87
33 211 229 456 49
34 211 956 29 24
35 845 533 215 100
36 772 483 76 71
37 728 824 252 99
38 525 399 43 33
39 774 285 271 20
40 224 500 403 53
41 889 87 7 72
42 594 958 137 61
43 384 983 233 29
44 137 563 5 82
45 280 986 368 40
46 562 52 105 3
47 632 920 227 85
48 960 843 41 82
49 149 171 333 69
50 151 347 57 100
51 57 923 320 84
52 182 785 370 71
53 100 708 334 12
54 185 874 204 4
55 345 761 483 58
56 726 586 256 41
57 849 320 81 44
58 544 585 2 13
59 303 33 124 58
60 148 936 346 91
61 20 710 149 50
62 340 652 245 27
63 982 300 486 85
64 847 484 260 71
65 823 998 353 16
66 831 880 70 72
67 922 13 151 91
68 666 374 95 84
69 73 203 54 50
70 248 771 87 89
71 964 975 459 94
72 709 165 229 39
73 647 254 437 82
74 102 303 204 13
75 287 250 292 49
76 591 307 255 40
77 313 931 499 100
78 311 295 167 84
79 583 158 284 26
80 779 406 154 89
81 157 962 94 75
82 639 431 12 44
83 328 305 217 6
84 157 753 228 71
85 860 405 107 66
86 524 176 11 65
87 732 234 360 91
88 694 732 456 48
89 840 796 173 59
90 35 127 60 16
91 399 978 59 15
92 787 712 255 9
93 909 450 166 73
94 7 844 393 49
95 961 139 51 98
96 250 470 289 96
97 101 889 325 1
98 901 429 239 41
99 546 58 258 18
100 535 758 0 0
endpoint1 endpoint2 weight
1 2 191
1 3 324
1 4 788
1 5 354
1 6 404
1 7 512
1 8 353
1 9 289
1 10 52
1 11 469
1 12 1035
1 13 968
1 14 992
1 15 760
1 16 431
1 17 682
1 18 290
1 19 637
1 20 624
1 21 310
1 22 486
1 23 600
1 24 511
1 25 303
1 26 798
1 27 948
1 28 527
1 29 457
1 30 986
1 31 642
1 32 912
1 33 391
1 34 997
1 35 604
1 36 525
1 37 833
1 38 386
1 39 361
1 40 579
1 41 360
1 42 946
1 43 982
1 44 680
1 45 1006
1 46 46
1 47 911
1 48 931
1 49 419
1 50 510
1 51 1028
1 52 849
1 53 821
1 54 930
1 55 772
1 56 603
1 57 438
1 58 572
1 59 235
1 60 1001
1 61 868
1 62 668
1 63 529
1 64 564
1 65 1025
1 66 915
1 67 386
1 68 383
1 69 502
1 70 811
1 71 1052
1 72 229
1 73 265
1 74 523
1 75 344
1 76 298
1 77 944
1 78 361
1 79 152
1 80 461
1 81 1022
1 82 430
1 83 359
1 84 831
1 85 508
1 86 163
1 87 294
1 88 735
1 89 839
1 90 515
1 91 974
1 92 742
1 93 574
1 94 985
1 95 443
1 96 539
1 97 978
1 98 553
1 99 45
1 100 745
2 1 191
2 3 399
2 4 598
2 5 340
2 6 463
2 7 463
2 8 241
2 9 387
2 10 145
2 11 391
2 12 851
2 13 783
2 14 820
2 15 611
2 16 427
2 17 492
2 18 175
2 19 561
2 20 630
2 21 136
2 22 385
2 23 505
2 24 464
2 25 321
2 26 732
2 27 838
2 28 381
2 29 274
2 30 841
2 31 484
2 32 749
2 33 217
2 34 821
2 35 567
2 36 479
2 37 732
2 38 261
2 39 378
2 40 390
2 41 478
2 42 816
2 43 822
2 44 490
2 45 836
2 46 183
2 47 788
2 48 871
2 49 269
2 50 325
2 51 842
2 52 666
2 53 632
2 54 749
2 55 604
2 56 525
2 57 460
2 58 442
2 59 173
2 60 820
2 61 677
2 62 497
2 63 582
2 64 538
2 65 930
2 66 829
2 67 527
2 68 328
2 69 347
2 70 633
2 71 980
2 72 293
2 73 248
2 74 346
2 75 157
2 76 227
2 77 777
2 78 171
2 79 167
2 80 437
2 81 842
2 82 349
2 83 169
2 84 646
2 85 506
2 86 108
2 87 324
2 88 634
2 89 763
2 90 384
2 91 817
2 92 663
2 93 571
2 94 796
2 95 545
2 96 351
2 97 793
2 98 553
2 99 166
2 100 608
3 1 324
3 2 399
3 4 868
3 5 169
3 6 82
3 7 302
3 8 328
3 9 55
3 10 354
3 11 323
3 12 1059
3 13 995
3 14 963
3 15 685
3 16 180
3 17 781
3 18 320
3 19 442
3 20 323
3 21 530
3 22 776
3 23 443
3 24 299
3 25 115
3 26 565
3 27 771
3 28 779
3 29 647
3 30 879
3 31 611
3 32 861
3 33 606
3 34 984
3 35 355
3 36 307
3 37 650
3 38 364
3 39 113
3 40 673
3 41 119
3 42 809
3 43 912
3 44 779
3 45 968
3 46 284
3 47 763
3 48 679
3 49 667
3 50 685
3 51 1062
3 52 876
3 53 889
3 54 938
3 55 748
3 56 416
3 57 145
3 58 488
3 59 533
3 60 1009
3 61 956
3 62 670
3 63 206
3 64 306
3 65 819
3 66 701
3 67 199
3 68 245
3 69 743
3 70 820
3 71 809
3 72 108
3 73 184
3 74 724
3 75 533
3 76 258
3 77 904
3 78 517
3 79 234
3 80 229
3 81 1023
3 82 307
3 83 503
3 84 873
3 85 230
3 86 292
3 87 100
3 88 566
3 89 617
3 90 782
3 91 900
3 92 533
3 93 286
3 94 1046
3 95 152
3 96 636
3 97 1007
3 98 264
3 99 296
3 100 643
4 1 788
4 2 598
4 3 868
4 5 713
4 6 888
4 7 687
4 8 541
4 9 889
4 10 742
4 11 603
4 12 278
4 13 217
4 14 342
4 15 387
4 16 765
4 17 109
4 18 559
4 19 651
4 20 898
4 21 508
4 22 626
4 23 580
4 24 692
4 25 754
4 26 771
4 27 681
4 28 491
4 29 379
4 30 522
4 31 324
4 32 356
4 33 452
4 34 312
4 35 761
4 36 701
4 37 652
4 38 506
4 39 778
4 40 210
4 41 982
4 42 578
4 43 429
4 44 111
4 45 370
4 46 771
4 47 594
4 48 882
4 49 498
4 50 324
4 51 260
4 52 147
4 53 43
4 54 227
4 55 267
4 56 636
4 57 829
4 58 456
4 59 666
4 60 275
4 61 88
4 62 245
4 63 959
4 64 773
4 65 800
4 66 766
4 67 1053
4 68 641
4 69 464
4 70 185
4 71 922
4 72 792
4 73 689
4 74 364
4 75 458
4 76 612
4 77 343
4 78 429
4 79 704
4 80 731
4 81 303
4 82 592
4 83 430
4 84 107
4 85 808
4 86 651
4 87 769
4 88 602
4 89 756
4 90 543
4 91 435
4 92 693
4 93 842
4 94 200
4 95 1013
4 96 250
4 97 224
4 98 840
4 99 757
4 100 449
5 1 354
5 2 340
5 3 169
5 4 713
5 6 175
5 7 163
5 8 180
5 9 209
5 10 361
5 11 157
5 12 893
5 13 830
5 14 794
5 15 517
5 16 88
5 17 633
5 18 199
5 19 300
5 20 291
5 21 450
5 22 721
5 23 284
5 24 161
5 25 68
5 26 449
5 27 627
5 28 696
5 29 540
5 30 716
5 31 444
5 32 692
5 33 515
5 34 815
5 35 250
5 36 174
5 37 507
5 38 210
5 39 65
5 40 527
5 41 288
5 42 652
5 43 745
5 44 631
5 45 799
5 46 309
5 47 609
5 48 579
5 49 588
5 50 568
5 51 897
5 52 711
5 53 731
5 54 771
5 55 580
5 56 269
5 57 132
5 58 319
5 59 504
5 60 841
5 61 801
5 62 505
5 63 265
5 64 211
5 65 689
5 66 574
5 67 367
5 68 77
5 69 656
5 70 653
5 71 702
5 72 154
5 73 96
5 74 617
5 75 437
5 76 128
5 77 735
5 78 408
5 79 210
5 80 108
5 81 855
5 82 138
5 83 391
5 84 710
5 85 167
5 86 241
5 87 86
5 88 415
5 89 494
5 90 710
5 91 734
5 92 400
5 93 233
5 94 885
5 95 302
5 96 493
5 97 841
5 98 215
5 99 312
5 100 477
6 1 404
6 2 463
6 3 82
6 4 888
6 5 175
6 7 267
6 8 353
6 9 131
6 10 431
6 11 310
6 12 1061
6 13 1000
6 14 953
6 15 670
6 16 144
6 17 807
6 18 360
6 19 401
6 20 246
6 21 589
6 22 844
6 23 414
6 24 262
6 25 149
6 26 506
6 27 725
6 28 839
6 29 697
6 30 850
6 31 611
6 32 847
6 33 663
6 34 978
6 35 298
6 36 266
6 37 605
6 38 384
6 39 111
6 40 701
6 41 151
6 42 774
6 43 892
6 44 805
6 45 956
6 46 362
6 47 725
6 48 613
6 49 728
6 50 731
6 51 1067
6 52 882
6 53 906
6 54 938
6 55 744
6 56 379
6 57 87
6 58 479
6 59 606
6 60 1008
6 61 976
6 62 676
6 63 126
6 64 249
6 65 763
6 66 645
6 67 230
6 68 249
6 69 801
6 70 823
6 71 744
6 72 180
6 73 227
6 74 774
6 75 587
6 76 291
6 77 892
6 78 565
6 79 301
6 80 194
6 81 1019
6 82 304
6 83 550
6 84 883
6 85 169
6 86 355
6 87 142
6 88 527
6 89 560
6 90 846
6 91 880
6 92 483
6 93 217
6 94 1058
6 95 132
6 96 666
6 97 1011
6 98 195
6 99 373
6 100 622
7 1 512
7 2 463
7 3 302
7 4 687
7 5 163
7 6 267
7 8 238
7 9 353
7 10 512
7 11 93
7 12 821
7 13 763
7 14 698
7 15 412
7 16 125
7 17 627
7 18 293
7 19 141
7 20 215
7 21 548
7 22 828
7 23 149
7 24 5
7 25 228
7 26 287
7 27 470
7 28 778
7 29 605
7 30 584
7 31 378
7 32 589
7 33 599
7 34 727
7 35 106
7 36 18
7 37 350
7 38 244
7 39 192
7 40 533
7 41 412
7 42 509
7 43 629
7 44 626
7 45 698
7 46 467
7 47 461
7 48 420
7 49 680
7 50 619
7 51 830
7 52 652
7 53 696
7 54 697
7 55 501
7 56 115
7 57 182
7 58 239
7 59 634
7 60 763
7 61 773
7 62 452
7 63 287
7 64 92
7 65 527
7 66 411
7 67 492
7 68 137
7 69 736
7 70 588
7 71 541
7 72 315
7 73 248
7 74 677
7 75 521
7 76 237
7 77 636
7 78 481
7 79 363
7 80 74
7 81 772
7 82 126
7 83 461
7 84 660
7 85 126
7 86 380
7 87 244
7 88 264
7 89 331
7 90 802
7 91 616
7 92 239
7 93 156
7 94 835
7 95 395
7 96 507
7 97 775
7 98 153
7 99 468
7 100 359
8 1 353
8 2 241
8 3 328
8 4 541
8 5 180
8 6 353
8 7 238
8 9 351
8 10 333
8 11 155
8 12 741
8 13 675
8 14 665
8 15 412
8 16 252
8 17 455
8 18 68
8 19 321
8 20 436
8 21 311
8 22 590
8 23 265
8 24 241
8 25 214
8 26 493
8 27 604
8 28 542
8 29 373
8 30 635
8 31 307
8 32 574
8 33 362
8 34 678
8 35 344
8 36 256
8 37 494
8 38 39
8 39 243
8 40 348
8 41 443
8 42 595
8 43 638
8 44 454
8 45 675
8 46 315
8 47 561
8 48 633
8 49 442
8 50 395
8 51 741
8 52 555
8 53 562
8 54 623
8 55 443
8 56 285
8 57 308
8 58 220
8 59 412
8 60 695
8 61 628
8 62 352
8 63 442
8 64 325
8 65 691
8 66 589
8 67 517
8 68 122
8 69 500
8 70 503
8 71 740
8 72 260
8 73 152
8 74 448
8 75 283
8 76 75
8 77 611
8 78 245
8 79 212
8 80 238
8 81 712
8 82 115
8 83 226
8 84 549
8 85 318
8 86 192
8 87 229
8 88 396
8 89 522
8 90 564
8 91 630
8 92 423
8 93 374
8 94 720
8 95 474
8 96 313
8 97 687
8 98 362
8 99 309
8 100 393
9 1 289
9 2 387
9 3 55
9 4 889
9 5 209
9 6 131
9 7 353
9 8 351
9 10 324
9 11 366
9 12 1089
9 13 1025
9 14 999
9 15 725
9 16 232
9 17 798
9 18 333
9 19 493
9 20 376
9 21 521
9 22 755
9 23 489
9 24 349
9 25 146
9 26 619
9 27 822
9 28 767
9 29 646
9 30 924
9 31 645
9 32 899
9 33 600
9 34 1019
9 35 409
9 36 358
9 37 701
9 38 389
9 39 161
9 40 688
9 41 96
9 42 857
9 43 953
9 44 796
9 45 1006
9 46 252
9 47 812
9 48 734
9 49 655
9 50 688
9 51 1091
9 52 905
9 53 912
9 54 969
9 55 782
9 56 466
9 57 199
9 58 526
9 59 508
9 60 1041
9 61 976
9 62 700
9 63 250
9 64 360
9 65 872
9 66 754
9 67 166
9 68 282
9 69 733
9 70 850
9 71 864
9 72 101
9 73 201
9 74 722
9 75 530
9 76 278
9 77 942
9 78 519
9 79 222
9 80 280
9 81 1056
9 82 345
9 83 507
9 84 899
9 85 284
9 86 283
9 87 128
9 88 615
9 89 671
9 90 767
9 91 942
9 92 586
9 93 341
9 94 1071
9 95 160
9 96 650
9 97 1036
9 98 318
9 99 266
9 100 686
10 1 52
10 2 145
10 3 354
10 4 742
10 5 361
10 6 431
10 7 512
10 8 333
10 9 324
10 11 461
10 12 994
10 13 927
10 14 957
10 15 733
10 16 443
10 17 636
10 18 267
10 19 632
10 20 641
10 21 259
10 22 440
10 23 589
10 24 512
10 25 317
10 26 797
10 27 934
10 28 476
10 29 406
10 30 962
10 31 612
10 32 881
10 33 339
10 34 960
10 35 609
10 36 527
10 37 821
10 38 363
10 39 376
10 40 534
10 41 402
10 42 926
10 43 952
10 44 634
10 45 972
10 46 73
10 47 894
10 48 932
10 49 367
10 50 460
10 51 986
10 52 809
10 53 776
10 54 891
10 55 738
10 56 597
10 57 456
10 58 550
10 59 189
10 60 962
10 61 821
10 62 633
10 63 557
10 64 571
10 65 1016
10 66 909
10 67 432
10 68 379
10 69 450
10 70 773
10 71 1050
10 72 253
10 73 267
10 74 471
10 75 295
10 76 287
10 77 911
10 78 314
10 79 152
10 80 468
10 81 983
10 82 420
10 83 313
10 84 790
10 85 521
10 86 142
10 87 311
10 88 724
10 89 835
10 90 465
10 91 945
10 92 737
10 93 587
10 94 941
10 95 481
10 96 495
10 97 937
10 98 567
10 99 59
10 100 722
11 1 469
11 2 391
11 3 323
11 4 603
11 5 157
11 6 310
11 7 93
11 8 155
11 9 366
11 10 461
11 12 754
11 13 694
11 14 644
11 15 363
11 16 170
11 17 538
11 18 217
11 19 172
11 20 307
11 21 465
11 22 744
11 23 134
11 24 97
11 25 223
11 26 342
11 27 482
11 28 690
11 29 514
11 30 560
11 31 305
11 32 539
11 33 511
11 34 669
11 35 194
11 36 110
11 37 365
11 38 154
11 39 211
11 40 442
11 41 440
11 42 498
11 43 589
11 44 537
11 45 648
11 46 426
11 47 457
11 48 481
11 49 594
11 50 527
11 51 761
11 52 579
11 53 615
11 54 630
11 55 436
11 56 136
11 57 236
11 58 170
11 59 563
11 60 699
11 61 690
11 62 375
11 63 359
11 64 184
11 65 557
11 66 448
11 67 521
11 68 92
11 69 647
11 70 517
11 71 592
11 72 304
11 73 212
11 74 585
11 75 434
11 76 175
11 77 584
11 78 392
11 79 318
11 80 130
11 81 710
11 82 43
11 83 373
11 84 584
11 85 205
11 86 322
11 87 241
11 88 269
11 89 375
11 90 715
11 91 578
11 92 276
11 93 246
11 94 759
11 95 442
11 96 415
11 97 705
11 98 240
11 99 424
11 100 321
12 1 1035
12 2 851
12 3 1059
12 4 278
12 5 893
12 6 1061
12 7 821
12 8 741
12 9 1089
12 10 994
12 11 754
12 13 68
12 14 181
12 15 424
12 16 924
12 17 382
12 18 777
12 19 741
12 20 1011
12 21 776
12 22 902
12 23 684
12 24 826
12 25 946
12 26 808
12 27 637
12 28 766
12 29 654
12 30 420
12 31 451
12 32 279
12 33 726
12 34 131
12 35 868
12 36 831
12 37 658
12 38 703
12 39 956
12 40 466
12 41 1178
12 42 514
12 43 306
12 44 385
12 45 204
12 46 1013
12 47 552
12 48 885
12 49 775
12 50 601
12 51 32
12 52 188
12 53 236
12 54 125
12 55 321
12 56 738
12 57 989
12 58 586
12 59 937
12 60 68
12 61 241
12 62 390
12 63 1107
12 64 893
12 65 745
12 66 753
12 67 1254
12 68 817
12 69 741
12 70 240
12 71 884
12 72 1000
12 73 892
12 74 641
12 75 723
12 76 816
12 77 233
12 78 688
12 79 932
12 80 881
12 81 79
12 82 758
12 83 685
12 84 205
12 85 947
12 86 886
12 87 963
12 88 649
12 89 774
12 90 818
12 91 320
12 92 743
12 93 964
12 94 124
12 95 1192
12 96 503
12 97 58
12 98 968
12 99 1000
12 100 491
13 1 968
13 2 783
13 3 995
13 4 217
13 5 830
13 6 1000
13 7 763
13 8 675
13 9 1025
13 10 927
13 11 694
13 12 68
13 14 172
13 15 376
13 16 864
13 17 319
13 18 710
13 19 689
13 20 957
13 21 710
13 22 842
13 23 629
13 24 768
13 25 882
13 26 766
13 27 611
13 28 707
13 29 590
13 30 405
13 31 390
13 32 249
13 33 661
13 34 126
13 35 814
13 36 773
13 37 621
13 38 637
13 39 893
13 40 399
13 41 1114
13 42 490
13 43 293
13 44 321
13 45 200
13 46 946
13 47 524
13 48 851
13 49 713
13 50 537
13 51 68
13 52 121
13 53 175
13 54 76
13 55 265
13 56 684
13 57 929
13 58 526
13 59 871
13 60 67
13 61 195
13 62 326
13 63 1049
13 64 838
13 65 723
13 66 722
13 67 1190
13 68 754
13 69 681
13 70 178
13 71 860
13 72 935
13 73 827
13 74 580
13 75 657
13 76 750
13 77 209
13 78 621
13 79 865
13 80 822
13 81 93
13 82 696
13 83 617
13 84 138
13 85 889
13 86 819
13 87 899
13 88 603
13 89 736
13 90 759
13 91 305
13 92 699
13 93 909
13 94 110
13 95 1130
13 96 436
13 97 12
13 98 912
13 99 933
13 100 443
14 1 992
14 2 820
14 3 963
14 4 342
14 5 794
14 6 953
14 7 698
14 8 665
14 9 999
14 10 957
14 11 644
14 12 181
14 13 172
14 15 286
14 16 811
14 17 420
14 18 713
14 19 599
14 20 871
14 21 772
14 22 948
14 23 552
14 24 703
14 25 853
14 26 644
14 27 458
14 28 818
14 29 674
14 30 240
14 31 359
14 32 114
14 33 739
14 34 51
14 35 728
14 36 704
14 37 490
14 38 626
14 39 854
14 40 468
14 41 1081
14 42 335
14 43 126
14 44 422
14 45 29
14 46 963
14 47 375
14 48 711
14 49 803
14 50 629
14 51 208
14 52 198
14 53 304
14 54 119
14 55 222
14 56 602
14 57 875
14 58 476
14 59 934
14 60 116
14 61 351
14 62 325
14 63 983
14 64 760
14 65 564
14 66 578
14 67 1161
14 68 718
14 69 786
14 70 196
14 71 705
14 72 919
14 73 811
14 74 682
14 75 717
14 76 738
14 77 64
14 78 673
14 79 871
14 80 764
14 81 104
14 82 656
14 83 665
14 84 237
14 85 822
14 86 833
14 87 871
14 88 494
14 89 605
14 90 869
14 91 140
14 92 586
14 93 830
14 94 281
14 95 1085
14 96 497
14 97 177
14 98 837
14 99 952
14 100 345
15 1 760
15 2 611
15 3 685
15 4 387
15 5 517
15 6 670
15 7 412
15 8 412
15 9 725
15 10 733
15 11 363
15 12 424
15 13 376
15 14 286
15 16 527
15 17 391
15 18 470
15 19 317
15 20 589
15 21 604
15 22 839
15 23 267
15 24 417
15 25 580
15 26 396
15 27 304
15 28 732
15 29 555
15 30 231
15 31 135
15 32 178
15 33 599
15 34 318
15 35 446
15 36 419
15 37 266
15 38 376
15 39 574
15 40 364
15 41 803
15 42 227
15 43 229
15 44 391
15 45 287
15 46 725
15 47 223
15 48 498
15 49 679
15 50 529
15 51 439
15 52 287
15 53 374
15 54 302
15 55 124
15 56 317
15 57 590
15 58 201
15 59 756
15 60 361
15 61 452
15 62 175
15 63 697
15 64 475
15 65 422
15 66 380
15 67 883
15 68 443
15 69 692
15 70 221
15 71 537
15 72 652
15 73 547
15 74 594
15 75 551
15 76 480
15 77 224
15 78 501
15 79 623
15 80 479
15 81 366
15 82 380
15 83 486
15 84 312
15 85 536
15 86 597
15 87 598
15 88 230
15 89 373
15 90 776
15 91 220
15 92 325
15 93 545
15 94 467
15 95 801
15 96 371
15 97 386
15 98 552
15 99 717
15 100 69
16 1 431
16 2 427
16 3 180
16 4 765
16 5 88
16 6 144
16 7 125
16 8 252
16 9 232
16 10 443
16 11 170
16 12 924
16 13 864
16 14 811
16 15 527
16 17 692
16 18 282
16 19 263
16 20 204
16 21 536
16 22 809
16 23 271
16 24 121
16 25 129
16 26 390
16 27 592
16 28 780
16 29 621
16 30 708
16 31 474
16 32 704
16 33 600
16 34 837
16 35 182
16 36 128
16 37 471
16 38 275
16 39 77
16 40 590
16 41 287
16 42 634
16 43 749
16 44 691
16 45 813
16 46 386
16 47 586
16 48 512
16 49 674
16 50 646
16 51 931
16 52 748
16 53 780
16 54 800
16 55 605
16 56 239
16 57 66
16 58 340
16 59 591
16 60 869
16 61 853
16 62 543
16 63 195
16 64 136
16 65 641
16 66 524
16 67 368
16 68 131
16 69 740
16 70 687
16 71 640
16 72 212
16 73 182
16 74 697
16 75 521
16 76 212
16 77 750
16 78 490
16 79 293
16 80 51
16 81 880
16 82 174
16 83 471
16 84 752
16 85 80
16 86 328
16 87 140
16 88 388
16 89 441
16 90 796
16 91 737
16 92 355
16 93 146
16 94 927
16 95 275
16 96 558
16 97 875
16 98 127
16 99 391
16 100 478
17 1 682
17 2 492
17 3 781
17 4 109
17 5 633
17 6 807
17 7 627
17 8 455
17 9 798
17 10 636
17 11 538
17 12 382
17 13 319
17 14 420
17 15 391
17 16 692
17 18 465
17 19 612
17 20 841
17 21 400
17 22 530
17 23 537
17 24 631
17 25 668
17 26 749
17 27 694
17 28 399
17 29 272
17 30 565
17 31 295
17 32 409
17 33 345
17 34 399
17 35 710
17 36 642
17 37 647
17 38 423
17 39 697
17 40 110
17 41 892
17 42 604
17 43 487
17 44 3
17 45 445
17 46 667
17 47 610
17 48 870
17 49 395
17 50 219
17 51 367
17 52 225
17 53 148
17 54 313
17 55 287
17 56 591
17 57 754
17 58 409
17 59 558
17 60 372
17 61 186
17 62 222
17 63 887
17 64 716
17 65 813
17 66 764
17 67 961
17 68 564
17 69 368
17 70 235
17 71 924
17 72 699
17 73 599
17 74 265
17 75 350
17 76 524
17 77 407
17 78 322
17 79 605
17 80 663
17 81 398
17 82 521
17 83 324
17 84 190
17 85 742
17 86 550
17 87 682
17 88 583
17 89 741
17 90 450
17 91 490
17 92 668
17 93 782
17 94 308
17 95 929
17 96 149
17 97 326
17 98 777
17 99 653
17 100 444
18 1 290
18 2 175
18 3 320
18 4 559
18 5 199
18 6 360
18 7 293
18 8 68
18 9 333
18 10 267
18 11 217
18 12 777
18 13 710
18 14 713
18 15 470
18 16 282
18 17 465
18 19 386
18 20 478
18 21 258
18 22 536
18 23 332
18 24 295
18 25 212
18 26 558
18 27 671
18 28 499
18 29 342
18 30 697
18 31 357
18 32 627
18 33 318
18 34 723
18 35 399
18 36 310
18 37 561
18 38 97
18 39 255
18 40 356
18 41 428
18 42 660
18 43 694
18 44 463
18 45 724
18 46 255
18 47 628
18 48 697
18 49 394
18 50 372
18 51 774
18 52 589
18 53 584
18 54 663
18 55 491
18 56 351
18 57 330
18 58 284
18 59 347
18 60 735
18 61 645
18 62 393
18 63 463
18 64 374
18 65 759
18 66 656
18 67 496
18 68 163
18 69 459
18 70 542
18 71 806
18 72 235
18 73 137
18 74 418
18 75 239
18 76 72
18 77 662
18 78 210
18 79 159
18 80 279
18 81 753
18 82 175
18 83 193
18 84 579
18 85 355
18 86 128
18 87 223
18 88 463
18 89 588
18 90 516
18 91 686
18 92 489
18 93 416
18 94 746
18 95 471
18 96 318
18 97 721
18 98 402
18 99 247
18 100 456
19 1 637
19 2 561
19 3 442
19 4 651
19 5 300
19 6 401
19 7 141
19 8 321
19 9 493
19 10 632
19 11 172
19 12 741
19 13 689
19 14 599
19 15 317
19 16 263
19 17 612
19 18 386
19 20 273
19 21 623
19 22 900
19 23 77
19 24 144
19 25 366
19 26 173
19 27 330
19 28 833
19 29 650
19 30 457
19 31 328
19 32 486
19 33 660
19 34 634
19 35 130
19 36 136
19 37 209
19 38 310
19 39 333
19 40 534
19 41 549
19 42 374
19 43 515
19 44 611
19 45 595
19 46 593
19 47 325
19 48 313
19 49 744
19 50 653
19 51 754
19 52 588
19 53 652
19 54 617
19 55 426
19 56 36
19 57 314
19 58 204
19 59 732
19 60 678
19 61 732
19 62 407
19 63 395
19 64 167
19 65 390
19 66 278
19 67 629
19 68 255
19 69 789
19 70 521
19 71 421
19 72 453
19 73 376
19 74 716
19 75 587
19 76 346
19 77 535
19 78 540
19 79 486
19 80 213
19 81 683
19 82 214
19 83 521
19 84 604
19 85 241
19 86 493
19 87 383
19 88 127
19 89 204
19 90 863
19 91 501
19 92 105
19 93 234
19 94 773
19 95 524
19 96 517
19 97 700
19 98 244
19 99 593
19 100 254
20 1 624
20 2 630
20 3 323
20 4 898
20 5 291
20 6 246
20 7 215
20 8 436
20 9 376
20 10 641
20 11 307
20 12 1011
20 13 957
20 14 871
20 15 589
20 16 204
20 17 841
20 18 478
20 19 273
20 21 735
20 22 1010
20 23 329
20 24 211
20 25 324
20 26 299
20 27 544
20 28 976
20 29 809
20 30 715
20 31 581
20 32 758
20 33 795
20 34 906
20 35 144
20 36 200
20 37 435
20 38 450
20 39 265
20 40 747
20 41 385
20 42 622
20 43 784
20 44 839
20 45 866
20 46 580
20 47 569
20 48 381
20 49 872
20 50 828
20 51 1023
20 52 852
20 53 904
20 54 887
20 55 693
20 56 274
20 57 188
20 58 444
20 59 794
20 60 949
20 61 982
20 62 658
20 63 164
20 64 125
20 65 555
20 66 440
20 67 453
20 68 317
20 69 934
20 70 785
20 71 513
20 72 397
20 73 385
20 74 883
20 75 716
20 76 410
20 77 807
20 78 681
20 79 493
20 80 200
20 81 954
20 82 333
20 83 662
20 84 864
20 85 125
20 86 531
20 87 331
20 88 386
20 89 358
20 90 994
20 91 769
20 92 310
20 93 63
20 94 1036
20 95 325
20 96 721
20 97 968
20 98 77
20 99 587
20 100 526
21 1 310
21 2 136
21 3 530
21 4 508
21 5 450
21 6 589
21 7 548
21 8 311
21 9 521
21 10 259
21 11 465
21 12 776
21 13 710
21 14 772
21 15 604
21 16 536
21 17 400
21 18 258
21 19 623
21 20 735
21 22 280
21 23 558
21 24 550
21 25 443
21 26 796
21 27 865
21 28 250
21 29 148
21 30 832
21 31 470
21 32 717
21 33 83
21 34 765
21 35 654
21 36 565
21 37 769
21 38 315
21 39 497
21 40 312
21 41 613
21 42 823
21 43 795
21 44 398
21 45 792
21 46 311
21 47 804
21 48 935
21 49 140
21 50 204
21 51 764
21 52 600
21 53 546
21 54 687
21 55 570
21 56 589
21 57 577
21 58 468
21 59 163
21 60 754
21 61 580
21 62 461
21 63 704
21 64 632
21 65 967
21 66 876
21 67 662
21 68 421
21 69 214
21 70 578
21 71 1034
21 72 425
21 73 366
21 74 214
21 75 56
21 76 325
21 77 737
21 78 104
21 79 300
21 80 537
21 81 778
21 82 425
21 83 118
21 84 573
21 85 612
21 86 239
21 87 448
21 88 675
21 89 818
21 90 261
21 91 792
21 92 720
21 93 674
21 94 707
21 95 678
21 96 278
21 97 719
21 98 659
21 99 294
21 100 616
22 1 486
22 2 385
22 3 776
22 4 626
22 5 721
22 6 844
22 7 828
22 8 590
22 9 755
22 10 440
22 11 744
22 12 902
22 13 842
22 14 948
22 15 839
22 16 809
22 17 530
22 18 536
22 19 900
22 20 1010
22 21 280
22 23 833
22 24 829
22 25 705
22 26 1072
22 27 1121
22 28 138
22 29 285
22 30 1056
22 31 706
22 32 919
22 33 246
22 34 928
22 35 933
22 36 845
22 37 1034
22 38 593
22 39 762
22 40 490
22 41 839
22 42 1065
22 43 998
22 44 528
22 45 972
22 46 511
22 47 1053
22 48 1211
22 49 162
22 50 321
22 51 882
22 52 755
22 53 668
22 54 843
22 55 777
22 56 867
22 57 845
22 58 733
22 59 252
22 60 900
22 61 669
22 62 675
22 63 966
22 64 910
22 65 1229
22 66 1145
22 67 871
22 68 699
22 69 163
22 70 755
22 71 1305
22 72 669
22 73 632
22 74 266
22 75 314
22 76 601
22 77 927
22 78 363
22 79 544
22 80 814
22 81 926
22 82 705
22 83 382
22 84 719
22 85 886
22 86 491
22 87 707
22 88 943
22 89 1091
22 90 87
22 91 999
22 92 995
22 93 950
22 94 804
22 95 915
22 96 472
22 97 849
22 98 934
22 99 495
22 100 864
23 1 600
23 2 505
23 3 443
23 4 580
23 5 284
23 6 414
23 7 149
23 8 265
23 9 489
23 10 589
23 11 134
23 12 684
23 13 629
23 14 552
23 15 267
23 16 271
23 17 537
23 18 332
23 19 77
23 20 329
23 21 558
23 22 833
23 24 154
23 25 352
23 26 240
23 27 350
23 28 760
23 29 577
23 30 438
23 31 257
23 32 442
23 33 590
23 34 583
23 35 186
23 36 154
23 37 234
23 38 247
23 39 330
23 40 458
23 41 556
23 42 369
23 43 481
23 44 536
23 45 551
23 46 557
23 47 325
23 48 379
23 49 675
23 50 578
23 51 695
23 52 524
23 53 582
23 54 559
23 55 365
23 56 57
23 57 331
23 58 128
23 59 675
23 60 623
23 61 661
23 62 336
23 63 431
23 64 210
23 65 428
23 66 325
23 67 637
23 68 225
23 69 717
23 70 458
23 71 478
23 72 435
23 73 345
23 74 641
23 75 519
23 76 302
23 77 489
23 78 471
23 79 449
23 80 221
23 81 630
23 82 171
23 83 452
23 84 537
23 85 271
23 86 447
23 87 370
23 88 136
23 89 261
23 90 792
23 91 468
23 92 163
23 93 281
23 94 709
23 95 543
23 96 441
23 97 640
23 98 286
23 99 555
23 100 210
24 1 511
24 2 464
24 3 299
24 4 692
24 5 161
24 6 262
24 7 5
24 8 241
24 9 349
24 10 512
24 11 97
24 12 826
24 13 768
24 14 703
24 15 417
24 16 121
24 17 631
24 18 295
24 19 144
24 20 211
24 21 550
24 22 829
24 23 154
24 25 225
24 26 289
24 27 473
24 28 781
24 29 608
24 30 589
24 31 382
24 32 593
24 33 601
24 34 732
24 35 105
24 36 16
24 37 353
24 38 247
24 39 189
24 40 537
24 41 407
24 42 513
24 43 634
24 44 630
24 45 703
24 46 466
24 47 465
24 48 421
24 49 682
24 50 622
24 51 835
24 52 657
24 53 701
24 54 702
24 55 506
24 56 119
24 57 178
24 58 244
24 59 635
24 60 768
24 61 778
24 62 457
24 63 282
24 64 88
24 65 529
24 66 414
24 67 488
24 68 137
24 69 739
24 70 593
24 71 542
24 72 313
24 73 247
24 74 680
24 75 523
24 76 237
24 77 640
24 78 483
24 79 362
24 80 70
24 81 777
24 82 129
24 83 464
24 84 665
24 85 121
24 86 380
24 87 241
24 88 268
24 89 333
24 90 804
24 91 621
24 92 241
24 93 151
24 94 840
24 95 390
24 96 511
24 97 780
24 98 148
24 99 467
24 100 364
25 1 303
25 2 321
25 3 115
25 4 754
25 5 68
25 6 149
25 7 228
25 8 214
25 9 146
25 10 317
25 11 223
25 12 946
25 13 882
25 14 853
25 15 580
25 16 129
25 17 668
25 18 212
25 19 366
25 20 324
25 21 443
25 22 705
25 23 352
25 24 225
25 26 511
25 27 694
25 28 692
25 29 548
25 30 782
25 31 499
25 32 754
25 33 515
25 34 873
25 35 307
25 36 237
25 37 574
25 38 249
25 39 60
25 40 560
25 41 232
25 42 720
25 43 808
25 44 666
25 45 860
25 46 258
25 47 676
25 48 637
25 49 582
25 50 582
25 51 948
25 52 762
25 53 775
25 54 825
25 55 637
25 56 336
25 57 142
25 58 380
25 59 475
25 60 896
25 61 842
25 62 556
25 63 262
25 64 264
25 65 754
25 66 638
25 67 309
25 68 137
25 69 654
25 70 706
25 71 763
25 72 88
25 73 79
25 74 626
25 75 439
25 76 146
25 77 796
25 78 417
25 79 170
25 80 165
25 81 911
25 82 200
25 83 401
25 84 759
25 85 205
25 86 215
25 87 19
25 88 482
25 89 558
25 90 702
25 91 797
25 92 466
25 93 272
25 94 932
25 95 262
25 96 524
25 97 893
25 98 251
25 99 264
25 100 542
26 1 798
26 2 732
26 3 565
26 4 771
26 5 449
26 6 506
26 7 287
26 8 493
26 9 619
26 10 797
26 11 342
26 12 808
26 13 766
26 14 644
26 15 396
26 16 390
26 17 749
26 18 558
26 19 173
26 20 299
26 21 796
26 22 1072
26 23 240
26 24 289
26 25 511
26 27 250
26 28 1000
26 29 817
26 30 448
26 31 455
26 32 533
26 33 830
26 34 687
26 35 210
26 36 275
26 37 158
26 38 482
26 39 466
26 40 684
26 41 656
26 42 345
26 43 537
26 44 748
26 45 633
26 46 753
26 47 292
26 48 141
26 49 915
26 50 815
26 51 827
26 52 683
26 53 764
26 54 691
26 55 519
26 56 208
26 57 423
26 58 356
26 59 904
26 60 741
26 61 844
26 62 531
26 63 458
26 64 259
26 65 260
26 66 142
26 67 732
26 68 418
26 69 957
26 70 616
26 71 254
26 72 598
26 73 534
26 74 879
26 75 758
26 76 514
26 77 582
26 78 711
26 79 648
26 80 347
26 81 740
26 82 384
26 83 691
26 84 707
26 85 338
26 86 660
26 87 525
26 88 170
26 89 59
26 90 1032
26 91 521
26 92 82
26 93 296
26 94 863
26 95 611
26 96 671
26 97 777
26 98 316
26 99 754
26 100 329
27 1 948
27 2 838
27 3 771
27 4 681
27 5 627
27 6 725
27 7 470
27 8 604
27 9 822
27 10 934
27 11 482
27 12 637
27 13 611
27 14 458
27 15 304
27 16 592
27 17 694
27 18 671
27 19 330
27 20 544
27 21 865
27 22 1121
27 23 350
27 24 473
27 25 694
27 26 250
27 28 1024
27 29 842
27 30 227
27 31 423
27 32 362
27 33 876
27 34 507
27 35 431
27 36 465
27 37 121
27 38 578
27 39 662
27 40 664
27 41 875
27 42 124
27 43 336
27 44 694
27 45 440
27 46 906
27 47 89
27 48 264
27 49 960
27 50 823
27 51 661
27 52 559
27 53 661
27 54 537
27 55 415
27 56 359
27 57 638
27 58 399
27 59 1001
27 60 570
27 61 736
27 62 477
27 63 697
27 64 479
27 65 119
27 66 131
27 67 954
27 68 573
27 69 982
27 70 500
27 71 249
27 72 780
27 73 694
27 74 889
27 75 817
27 76 650
27 77 405
27 78 766
27 79 798
27 80 542
27 81 561
27 82 519
27 83 749
27 84 592
27 85 558
27 86 792
27 87 711
27 88 214
27 89 193
27 90 1065
27 91 320
27 92 243
27 93 530
27 94 718
27 95 842
27 96 666
27 97 619
27 98 547
27 99 903
27 100 261
28 1 527
28 2 381
28 3 779
28 4 491
28 5 696
28 6 839
28 7 778
28 8 542
28 9 767
28 10 476
28 11 690
28 12 766
28 13 707
28 14 818
28 15 732
28 16 780
28 17 399
28 18 499
28 19 833
28 20 976
28 21 250
28 22 138
28 23 760
28 24 781
28 25 692
28 26 1000
28 27 1024
28 29 185
28 30 941
28 31 603
28 32 797
28 33 182
28 34 797
28 35 883
28 36 796
28 37 946
28 38 536
28 39 745
28 40 372
28 41 857
28 42 958
28 43 876
28 44 397
28 45 843
28 46 541
28 47 951
28 48 1138
28 49 113
28 50 204
28 51 745
28 52 624
28 53 533
28 54 711
28 55 659
28 56 801
28 57 825
28 58 650
28 59 304
28 60 766
28 61 532
28 62 562
28 63 953
28 64 866
28 65 1136
28 66 1060
28 67 901
28 68 659
28 69 44
28 70 629
28 71 1222
28 72 673
28 73 615
28 74 141
28 75 260
28 76 569
28 77 802
28 78 298
28 79 547
28 80 776
28 81 793
28 82 653
28 83 318
28 84 587
28 85 854
28 86 488
28 87 698
28 88 859
28 89 1013
28 90 53
28 91 878
28 92 921
28 93 914
28 94 666
28 95 925
28 96 361
28 97 713
28 98 900
28 99 524
28 100 764
29 1 457
29 2 274
29 3 647
29 4 379
29 5 540
29 6 697
29 7 605
29 8 373
29 9 646
29 10 406
29 11 514
29 12 654
29 13 590
29 14 674
29 15 555
29 16 621
29 17 272
29 18 342
29 19 650
29 20 809
29 21 148
29 22 285
29 23 577
29 24 608
29 25 548
29 26 817
29 27 842
29 28 185
29 30 771
29 31 423
29 32 637
29 33 76
29 34 660
29 35 707
29 36 622
29 37 762
29 38 361
29 39 596
29 40 208
29 41 741
29 42 781
29 43 716
29 44 270
29 45 697
29 46 455
29 47 771
29 48 953
29 49 130
29 50 58
29 51 638
29 52 489
29 53 419
29 54 578
29 55 493
29 56 619
29 57 671
29 58 465
29 59 292
29 60 640
29 61 443
29 62 390
29 63 804
29 64 694
29 65 952
29 66 875
29 67 796
29 68 494
29 69 142
29 70 479
29 71 1038
29 72 547
29 73 470
29 74 78
29 75 118
29 76 413
29 77 649
29 78 133
29 79 428
29 80 610
29 81 666
29 82 480
29 83 150
29 84 457
29 85 690
29 86 366
29 87 557
29 88 675
29 89 829
29 90 223
29 91 716
29 92 737
29 93 746
29 94 574
29 95 798
29 96 188
29 97 598
29 98 734
29 99 438
29 100 583
30 1 986
30 2 841
30 3 879
30 4 522
30 5 716
30 6 850
30 7 584
30 8 635
30 9 924
30 10 962
30 11 560
30 12 420
30 13 405
30 14 240
30 15 231
30 16 708
30 17 565
30 18 697
30 19 457
30 20 715
30 21 832
30 22 1056
30 23 438
30 24 589
30 25 782
30 26 448
30 27 227
30 28 941
30 29 771
30 31 363
30 32 167
30 33 822
30 34 290
30 35 582
30 36 585
30 37 290
30 38 601
30 39 766
30 40 569
30 41 993
30 42 106
30 43 115
30 44 566
30 45 218
30 46 950
30 47 157
30 48 489
30 49 899
30 50 739
30 51 447
30 52 381
30 53 493
30 54 337
30 55 283
30 56 473
30 57 765
30 58 417
30 59 986
30 60 355
30 61 558
30 62 381
30 63 851
30 64 623
30 65 327
30 66 355
30 67 1074
30 68 648
30 69 902
30 70 338
30 71 468
30 72 861
30 73 760
30 74 801
30 75 778
30 76 699
30 77 197
30 78 729
30 79 846
30 80 657
30 81 343
30 82 586
30 83 715
30 84 420
30 85 697
30 86 824
30 87 801
30 88 332
30 89 399
30 90 987
30 91 101
30 92 409
30 93 687
30 94 514
30 95 978
30 96 584
30 97 411
30 98 699
30 99 943
30 100 244
31 1 642
31 2 484
31 3 611
31 4 324
31 5 444
31 6 611
31 7 378
31 8 307
31 9 645
31 10 612
31 11 305
31 12 451
31 13 390
31 14 359
31 15 135
31 16 474
31 17 295
31 18 357
31 19 328
31 20 581
31 21 470
31 22 706
31 23 257
31 24 382
31 25 499
31 26 455
31 27 423
31 28 603
31 29 423
31 30 363
31 32 271
31 33 466
31 34 375
31 35 441
31 36 389
31 37 358
31 38 268
31 39 506
31 40 244
31 41 730
31 42 359
31 43 340
31 44 294
31 45 369
31 46 610
31 47 348
31 48 577
31 49 546
31 50 401
31 51 457
31 52 276
31 53 326
31 54 328
31 55 138
31 56 313
31 57 540
31 58 139
31 59 623
31 60 398
31 61 405
31 62 80
31 63 661
31 64 458
31 65 537
31 66 475
31 67 808
31 68 367
31 69 562
31 70 213
31 71 638
31 72 561
31 73 453
31 74 467
31 75 417
31 76 380
31 77 306
31 78 367
31 79 514
31 80 433
31 81 412
31 82 307
31 83 352
31 84 284
31 85 503
31 86 481
31 87 517
31 88 289
31 89 448
31 90 645
31 91 334
31 92 375
31 93 528
31 94 458
31 95 742
31 96 244
31 97 401
31 98 529
31 99 601
31 100 162
32 1 912
32 2 749
32 3 861
32 4 356
32 5 692
32 6 847
32 7 589
32 8 574
32 9 899
32 10 881
32 11 539
32 12 279
32 13 249
32 14 114
32 15 178
32 16 704
32 17 409
32 18 627
32 19 486
32 20 758
32 21 717
32 22 919
32 23 442
32 24 593
32 25 754
32 26 533
32 27 362
32 28 797
32 29 637
32 30 167
32 31 271
32 33 695
32 34 154
32 35 616
32 36 595
32 37 381
32 38 537
32 39 750
32 40 430
32 41 979
32 42 243
32 43 80
32 44 410
32 45 110
32 46 881
32 47 276
32 48 607
32 49 766
32 50 598
32 51 301
32 52 214
32 53 326
32 54 176
32 55 148
32 56 490
32 57 767
32 58 374
32 59 877
32 60 211
32 61 391
32 62 257
32 63 872
32 64 648
32 65 475
32 66 475
32 67 1059
32 68 617
32 69 761
32 70 176
32 71 611
32 72 823
32 73 716
32 74 657
32 75 662
32 76 645
32 77 50
32 78 615
32 79 784
32 80 656
32 81 208
32 82 555
32 83 604
32 84 254
32 85 712
32 86 751
32 87 772
32 88 381
32 89 496
32 90 845
32 91 82
32 92 473
32 93 718
32 94 356
32 95 978
32 96 451
32 97 257
32 98 725
32 99 871
32 100 233
33 1 391
33 2 217
33 3 606
33 4 452
33 5 515
33 6 663
33 7 599
33 8 362
33 9 600
33 10 339
33 11 511
33 12 726
33 13 661
33 14 739
33 15 599
33 16 600
33 17 345
33 18 318
33 19 660
33 20 795
33 21 83
33 22 246
33 23 590
33 24 601
33 25 515
33 26 830
33 27 876
33 28 182
33 29 76
33 30 822
33 31 466
33 32 695
33 34 727
33 35 704
33 36 616
33 37 789
33 38 358
33 39 566
33 40 272
33 41 693
33 42 824
33 43 774
33 44 343
33 45 761
33 46 394
33 47 810
33 48 969
33 49 85
33 50 133
33 51 711
33 52 557
33 53 492
33 54 646
33 55 549
33 56 627
33 57 645
33 58 488
33 59 217
33 60 710
33 61 518
33 62 443
33 63 775
33 64 686
33 65 983
33 66 899
33 67 744
33 68 478
33 69 141
33 70 544
33 71 1060
33 72 503
33 73 437
33 74 132
33 75 79
33 76 388
33 77 710
33 78 120
33 79 379
33 80 595
33 81 735
33 82 474
33 83 140
33 84 527
33 85 673
33 86 318
33 87 522
33 88 698
33 89 847
33 90 204
33 91 773
33 92 752
33 93 733
33 94 648
33 95 756
33 96 245
33 97 670
33 98 719
33 99 377
33 100 621
34 1 997
34 2 821
34 3 984
34 4 312
34 5 815
34 6 978
34 7 727
34 8 678
34 9 1019
34 10 960
34 11 669
34 12 131
34 13 126
34 14 51
34 15 318
34 16 837
34 17 399
34 18 723
34 19 634
34 20 906
34 21 765
34 22 928
34 23 583
34 24 732
34 25 873
34 26 687
34 27 507
34 28 797
34 29 660
34 30 290
34 31 375
34 32 154
34 33 727
34 35 763
34 36 734
34 37 534
34 38 640
34 39 876
34 40 457
34 41 1103
34 42 384
34 43 176
34 44 400
34 45 76
34 46 970
34 47 423
34 48 758
34 49 788
34 50 612
34 51 158
34 52 174
34 53 272
34 54 87
34 55 237
34 56 635
34 57 901
34 58 499
34 59 928
34 60 67
34 61 312
34 62 331
34 63 1013
34 64 793
34 65 614
34 66 625
34 67 1182
34 68 739
34 69 766
34 70 189
34 71 754
34 72 935
34 73 827
34 74 663
34 75 711
34 76 753
34 77 106
34 78 669
34 79 881
34 80 791
34 81 55
34 82 678
34 83 662
34 84 211
34 85 852
34 86 841
34 87 891
34 88 533
34 89 650
34 90 848
34 91 190
34 92 626
34 93 863
34 94 233
34 95 1110
34 96 488
34 97 129
34 98 869
34 99 959
34 100 380
35 1 604
35 2 567
35 3 355
35 4 761
35 5 250
35 6 298
35 7 106
35 8 344
35 9 409
35 10 609
35 11 194
35 12 868
35 13 814
35 14 728
35 15 446
35 16 182
35 17 710
35 18 399
35 19 130
35 20 144
35 21 654
35 22 933
35 23 186
35 24 105
35 25 307
35 26 210
35 27 431
35 28 883
35 29 707
35 30 582
35 31 441
35 32 616
35 33 704
35 34 763
35 36 89
35 37 314
35 38 347
35 39 258
35 40 622
35 41 449
35 42 494
35 43 645
35 44 709
35 45 725
35 46 559
35 47 442
35 48 331
35 49 785
35 50 719
35 51 880
35 52 710
35 53 766
35 54 743
35 55 550
35 56 131
35 57 214
35 58 306
35 59 738
35 60 806
35 61 844
35 62 519
35 63 271
35 64 50
35 65 466
35 66 348
35 67 526
35 68 240
35 69 840
35 70 643
35 71 458
35 72 393
35 73 343
35 74 778
35 75 626
35 76 340
35 77 665
35 78 585
35 79 458
35 80 144
35 81 811
35 82 230
35 83 566
35 84 723
35 85 129
35 86 481
35 87 320
35 88 250
35 89 264
35 90 907
35 91 631
35 92 189
35 93 105
35 94 894
35 95 411
35 96 599
35 97 825
35 98 119
35 99 562
35 100 384
36 1 525
36 2 479
36 3 307
36 4 701
36 5 174
36 6 266
36 7 18
36 8 256
36 9 358
36 10 527
36 11 110
36 12 831
36 13 773
36 14 704
36 15 419
36 16 128
36 17 642
36 18 310
36 19 136
36 20 200
36 21 565
36 22 845
36 23 154
36 24 16
36 25 237
36 26 275
36 27 465
36 28 796
36 29 622
36 30 585
36 31 389
36 32 595
36 33 616
36 34 734
36 35 89
36 37 344
36 38 261
36 39 199
36 40 549
36 41 413
36 42 508
36 43 633
36 44 641
36 45 704
36 46 480
36 47 459
36 48 407
36 49 697
36 50 636
36 51 840
36 52 663
36 53 709
36 54 706
36 55 510
36 56 113
36 57 181
36 58 250
36 59 650
36 60 772
36 61 786
36 62 464
36 63 279
36 64 76
36 65 518
36 66 402
36 67 494
36 68 153
36 69 753
36 70 598
36 71 529
36 72 325
36 73 261
36 74 694
36 75 539
36 76 253
36 77 642
36 78 498
36 79 376
36 80 78
36 81 780
36 82 143
36 83 479
36 84 672
36 85 118
36 86 395
36 87 253
36 88 261
36 89 321
36 90 819
36 91 620
36 92 230
36 93 141
36 94 846
36 95 393
36 96 523
36 97 785
36 98 140
36 99 482
36 100 364
37 1 833
37 2 732
37 3 650
37 4 652
37 5 507
37 6 605
37 7 350
37 8 494
37 9 701
37 10 821
37 11 365
37 12 658
37 13 621
37 14 490
37 15 266
37 16 471
37 17 647
37 18 561
37 19 209
37 20 435
37 21 769
37 22 1034
37 23 234
37 24 353
37 25 574
37 26 158
37 27 121
37 28 946
37 29 762
37 30 290
37 31 358
37 32 381
37 33 789
37 34 534
37 35 314
37 36 344
37 38 471
37 39 541
37 40 600
37 41 755
37 42 190
37 43 379
37 44 647
37 45 477
37 46 790
37 47 136
37 48 233
37 49 873
37 50 749
37 51 679
37 52 548
37 53 639
37 54 546
37 55 389
37 56 239
37 57 519
37 58 302
37 59 898
37 60 591
37 61 718
37 62 425
37 63 583
37 64 361
37 65 199
37 66 118
37 67 834
37 68 455
37 69 903
37 70 483
37 71 281
37 72 660
37 73 576
37 74 815
37 75 724
37 76 535
37 77 429
37 78 674
37 79 682
37 80 422
37 81 588
37 82 403
37 83 656
37 84 576
37 85 440
37 86 680
37 87 591
37 88 99
37 89 116
37 90 983
37 91 364
37 92 127
37 93 416
37 94 722
37 95 724
37 96 595
37 97 631
37 98 432
37 99 788
37 100 204
38 1 386
38 2 261
38 3 364
38 4 506
38 5 210
38 6 384
38 7 244
38 8 39
38 9 389
38 10 363
38 11 154
38 12 703
38 13 637
38 14 626
38 15 376
38 16 275
38 17 423
38 18 97
38 19 310
38 20 450
38 21 315
38 22 593
38 23 247
38 24 247
38 25 249
38 26 482
38 27 578
38 28 536
38 29 361
38 30 601
38 31 268
38 32 537
38 33 358
38 34 640
38 35 347
38 36 261
38 37 471
38 39 274
38 40 318
38 41 480
38 42 564
38 43 601
38 44 422
38 45 637
38 46 349
38 47 532
38 48 622
38 49 440
38 50 378
38 51 703
38 52 517
38 53 526
38 54 585
38 55 405
38 56 275
38 57 334
38 58 187
38 59 429
38 60 657
38 61 594
38 62 314
38 63 468
38 64 334
38 65 670
38 66 571
38 67 554
38 68 144
38 69 493
38 70 464
38 71 725
38 72 298
38 73 190
38 74 434
38 75 281
38 76 114
38 77 573
38 78 238
38 79 248
38 80 255
38 81 673
38 82 119
38 83 219
38 84 511
38 85 336
38 86 224
38 87 265
38 88 374
38 89 507
38 90 561
38 91 593
38 92 409
38 93 388
38 94 683
38 95 508
38 96 285
38 97 648
38 98 378
38 99 342
38 100 360
39 1 361
39 2 378
39 3 113
39 4 778
39 5 65
39 6 111
39 7 192
39 8 243
39 9 161
39 10 376
39 11 211
39 12 956
39 13 893
39 14 854
39 15 574
39 16 77
39 17 697
39 18 255
39 19 333
39 20 265
39 21 497
39 22 762
39 23 330
39 24 189
39 25 60
39 26 466
39 27 662
39 28 745
39 29 596
39 30 766
39 31 506
39 32 750
39 33 566
39 34 876
39 35 258
39 36 199
39 37 541
39 38 274
39 40 591
39 41 229
39 42 697
39 43 800
39 44 696
39 45 858
39 46 316
39 47 651
39 48 589
39 49 636
39 50 627
39 51 960
39 52 775
39 53 796
39 54 833
39 55 641
39 56 305
39 57 83
39 58 379
39 59 535
39 60 904
39 61 866
39 62 569
39 63 209
39 64 212
39 65 715
39 66 598
39 67 310
39 68 140
39 69 706
39 70 717
39 71 716
39 72 137
39 73 131
39 74 673
39 75 489
39 76 185
39 77 794
39 78 464
39 79 230
39 80 122
39 81 916
39 82 199
39 83 447
39 84 775
39 85 148
39 86 273
39 87 67
39 88 455
39 89 516
39 90 756
39 91 788
39 92 428
39 93 214
39 94 950
39 95 238
39 96 556
39 97 905
39 98 193
39 99 322
39 100 530
40 1 579
40 2 390
40 3 673
40 4 210
40 5 527
40 6 701
40 7 533
40 8 348
40 9 688
40 10 534
40 11 442
40 12 466
40 13 399
40 14 468
40 15 364
40 16 590
40 17 110
40 18 356
40 19 534
40 20 747
40 21 312
40 22 490
40 23 458
40 24 537
40 25 560
40 26 684
40 27 664
40 28 372
40 29 208
40 30 569
40 31 244
40 32 430
40 33 272
40 34 457
40 35 622
40 36 549
40 37 600
40 38 318
40 39 591
40 41 783
40 42 589
40 43 509
40 44 108
40 45 490
40 46 562
40 47 586
40 48 813
40 49 338
40 50 170
40 51 455
40 52 289
40 53 243
40 54 377
40 55 288
40 56 510
40 57 651
40 58 332
40 59 474
40 60 443
40 61 293
40 62 192
40 63 784
40 64 624
40 65 779
40 66 717
40 67 852
40 68 460
40 69 334
40 70 273
40 71 880
40 72 590
40 73 490
40 74 232
40 75 258
