nnodes nedges type capacity P s t
100  4950  graph  1000 100 1 100 
nodename posx posy itemvalue itemweight
1 422 402 0 0
2 821 854 5 26
3 97 544 6 73
4 628 279 8 46
5 381 321 1 87
6 790 97 1 93
7 920 301 5 98
8 874 846 2 1
9 871 860 3 62
10 466 765 1 12
11 627 693 7 32
12 301 172 10 92
13 35 449 3 64
14 633 681 6 35
15 982 837 8 44
16 12 756 4 92
17 591 185 3 51
18 962 688 8 50
19 730 591 5 27
20 319 463 5 87
21 264 109 3 87
22 560 536 9 40
23 411 786 4 72
24 734 634 2 38
25 646 200 5 82
26 400 625 10 32
27 894 701 5 51
28 798 929 3 78
29 502 431 4 31
30 610 836 4 54
31 620 623 4 39
32 592 211 5 28
33 160 555 1 14
34 251 242 7 68
35 498 570 10 23
36 57 114 4 5
37 679 970 1 85
38 650 442 6 97
39 756 385 8 87
40 77 755 6 93
41 937 829 1 35
42 380 831 4 85
43 882 530 7 98
44 760 384 4 3
45 961 723 8 77
46 572 581 6 53
47 698 164 8 100
48 792 858 2 8
49 71 395 6 60
50 101 569 5 5
51 965 158 4 81
52 35 997 9 95
53 128 686 5 56
54 439 237 3 72
55 423 868 3 28
56 344 360 4 63
57 697 76 5 39
58 544 579 9 51
59 607 304 9 13
60 315 568 3 68
61 379 887 1 8
62 502 77 1 60
63 404 646 10 4
64 936 475 8 25
65 42 389 4 94
66 397 7 1 97
67 547 432 4 42
68 4 28 3 90
69 118 796 7 85
70 617 893 2 39
71 664 961 3 77
72 606 714 3 27
73 37 150 8 4
74 293 644 9 8
75 806 609 6 82
76 565 186 5 8
77 848 419 1 47
78 263 252 8 52
79 65 551 1 87
80 728 459 8 66
81 940 125 2 61
82 467 488 2 6
83 557 823 2 57
84 868 28 7 98
85 619 485 3 60
86 273 636 9 5
87 446 879 9 93
88 350 835 3 56
89 29 643 6 64
90 832 188 3 63
91 604 749 5 89
92 374 805 1 37
93 168 989 6 90
94 57 585 1 86
95 541 137 6 68
96 45 481 1 7
97 614 512 8 64
98 969 172 4 81
99 687 189 2 63
100 552 659 0 0
endpoint1 endpoint2 weight
1 2 603
1 3 355
1 4 240
1 5 91
1 6 478
1 7 509
1 8 634
1 9 642
1 10 366
1 11 356
1 12 260
1 13 390
1 14 350
1 15 710
1 16 542
1 17 276
1 18 612
1 19 362
1 20 120
1 21 333
1 22 193
1 23 385
1 24 389
1 25 302
1 26 225
1 27 559
1 28 648
1 29 86
1 30 473
1 31 297
1 32 256
1 33 304
1 34 235
1 35 185
1 36 465
1 37 624
1 38 232
1 39 335
1 40 494
1 41 669
1 42 432
1 43 478
1 44 339
1 45 628
1 46 234
1 47 365
1 48 588
1 49 352
1 50 362
1 51 596
1 52 710
1 53 409
1 54 166
1 55 467
1 56 89
1 57 427
1 58 215
1 59 210
1 60 198
1 61 487
1 62 335
1 63 245
1 64 520
1 65 381
1 66 396
1 67 129
1 68 561
1 69 498
1 70 529
1 71 610
1 72 363
1 73 461
1 74 275
1 75 437
1 76 260
1 77 427
1 78 219
1 79 387
1 80 312
1 81 588
1 82 98
1 83 443
1 84 583
1 85 214
1 86 278
1 87 478
1 88 439
1 89 462
1 90 463
1 91 392
1 92 406
1 93 640
1 94 409
1 95 291
1 96 386
1 97 222
1 98 594
1 99 340
1 100 289
2 1 603
2 3 788
2 4 607
2 5 692
2 6 758
2 7 562
2 8 54
2 9 51
2 10 366
2 11 253
2 12 858
2 13 885
2 14 256
2 15 162
2 16 815
2 17 708
2 18 218
2 19 279
2 20 637
2 21 931
2 22 412
2 23 416
2 24 237
2 25 678
2 26 480
2 27 170
2 28 79
2 29 530
2 30 212
2 31 307
2 32 683
2 33 726
2 34 837
2 35 431
2 36 1064
2 37 184
2 38 447
2 39 474
2 40 751
2 41 119
2 42 442
2 43 330
2 44 474
2 45 192
2 46 370
2 47 701
2 48 30
2 49 880
2 50 775
2 51 711
2 52 799
2 53 714
2 54 726
2 55 399
2 56 687
2 57 788
2 58 391
2 59 591
2 60 582
2 61 444
2 62 840
2 63 466
2 64 397
2 65 908
2 66 948
2 67 504
2 68 1162
2 69 706
2 70 208
2 71 190
2 72 257
2 73 1054
2 74 569
2 75 246
2 76 716
2 77 436
2 78 821
2 79 815
2 80 406
2 81 739
2 82 510
2 83 266
2 84 828
2 85 421
2 86 590
2 87 376
2 88 472
2 89 820
2 90 667
2 91 242
2 92 450
2 93 667
2 94 810
2 95 770
2 96 861
2 97 400
2 98 698
2 99 679
2 100 333
3 1 355
3 2 788
3 4 594
3 5 362
3 6 825
3 7 859
3 8 834
3 9 837
3 10 431
3 11 551
3 12 425
3 13 114
3 14 554
3 15 933
3 16 229
3 17 611
3 18 877
3 19 635
3 20 237
3 21 466
3 22 464
3 23 397
3 24 644
3 25 648
3 26 314
3 27 813
3 28 800
3 29 421
3 30 591
3 31 529
3 32 597
3 33 64
3 34 339
3 35 402
3 36 432
3 37 722
3 38 563
3 39 678
3 40 212
3 41 888
3 42 404
3 43 786
3 44 683
3 45 883
3 46 477
3 47 712
3 48 763
3 49 152
3 50 26
3 51 950
3 52 458
3 53 146
3 54 460
3 55 460
3 56 309
3 57 761
3 58 449
3 59 564
3 60 220
3 61 445
3 62 619
3 63 324
3 64 842
3 65 165
3 66 616
3 67 464
3 68 525
3 69 253
3 70 627
3 71 704
3 72 537
3 73 399
3 74 221
3 75 712
3 76 590
3 77 762
3 78 336
3 79 33
3 80 637
3 81 942
3 82 375
3 83 538
3 84 928
3 85 526
3 86 199
3 87 484
3 88 386
3 89 121
3 90 817
3 91 547
3 92 381
3 93 451
3 94 58
3 95 603
3 96 82
3 97 518
3 98 949
3 99 689
3 100 470
4 1 240
4 2 607
4 3 594
4 5 251
4 6 244
4 7 293
4 8 619
4 9 630
4 10 513
4 11 415
4 12 345
4 13 617
4 14 403
4 15 661
4 16 780
4 17 102
4 18 529
4 19 329
4 20 360
4 21 402
4 22 266
4 23 552
4 24 371
4 25 82
4 26 415
4 27 499
4 28 672
4 29 198
4 30 558
4 31 345
4 32 77
4 33 544
4 34 379
4 35 319
4 36 595
4 37 693
4 38 165
4 39 167
4 40 729
4 41 631
4 42 606
4 43 358
4 44 169
4 45 555
4 46 308
4 47 135
4 48 602
4 49 569
4 50 602
4 51 359
4 52 932
4 53 645
4 54 194
4 55 624
4 56 296
4 57 215
4 58 312
4 59 33
4 60 427
4 61 658
4 62 239
4 63 430
4 64 366
4 65 597
4 66 357
4 67 174
4 68 673
4 69 727
4 70 615
4 71 683
4 72 436
4 73 605
4 74 496
4 75 375
4 76 113
4 77 261
4 78 366
4 79 626
4 80 206
4 81 348
4 82 264
4 83 549
4 84 348
4 85 207
4 86 504
4 87 627
4 88 622
4 89 701
4 90 224
4 91 471
4 92 585
4 93 846
4 94 648
4 95 167
4 96 618
4 97 234
4 98 358
4 99 108
4 100 388
5 1 91
5 2 692
5 3 362
5 4 251
5 6 467
5 7 540
5 8 721
5 9 729
5 10 453
5 11 446
5 12 170
5 13 369
5 14 440
5 15 793
5 16 571
5 17 251
5 18 688
5 19 442
5 20 155
5 21 243
5 22 280
5 23 466
5 24 472
5 25 292
5 26 305
5 27 639
5 28 738
5 29 164
5 30 564
5 31 386
5 32 238
5 33 322
5 34 153
5 35 276
5 36 385
5 37 715
5 38 295
5 39 381
5 40 530
5 41 754
5 42 511
5 43 543
5 44 385
5 45 706
5 46 323
5 47 354
5 48 677
5 49 319
5 50 375
5 51 607
5 52 760
5 53 445
5 54 103
5 55 549
5 56 54
5 57 400
5 58 306
5 59 227
5 60 256
5 61 567
5 62 273
5 63 326
5 64 576
5 65 346
5 66 315
5 67 200
5 68 478
5 69 543
5 70 619
5 71 700
5 72 453
5 73 385
5 74 335
5 75 514
5 76 229
5 77 478
5 78 137
5 79 391
5 80 374
5 81 593
5 82 188
5 83 532
5 84 569
5 85 290
5 86 333
5 87 562
5 88 515
5 89 478
5 90 471
5 91 483
5 92 485
5 93 702
5 94 418
5 95 244
5 96 373
5 97 302
5 98 607
5 99 334
5 100 379
6 1 478
6 2 758
6 3 825
6 4 244
6 5 467
6 7 242
6 8 754
6 9 768
6 10 743
6 11 618
6 12 495
6 13 834
6 14 605
6 15 765
6 16 1020
6 17 218
6 18 616
6 19 498
6 20 597
6 21 527
6 22 496
6 23 787
6 24 540
6 25 178
6 26 657
6 27 613
6 28 833
6 29 442
6 30 761
6 31 553
6 32 229
6 33 779
6 34 559
6 35 556
6 36 734
6 37 881
6 38 373
6 39 290
6 40 971
6 41 747
6 42 841
6 43 443
6 44 289
6 45 649
6 46 531
6 47 114
6 48 762
6 49 779
6 50 836
6 51 186
6 52 1175
6 53 887
6 54 378
6 55 854
6 56 518
6 57 96
6 58 542
6 59 277
6 60 669
6 61 891
6 62 289
6 63 672
6 64 406
6 65 803
6 66 404
6 67 414
6 68 790
6 69 970
6 70 815
6 71 874
6 72 644
6 73 755
6 74 740
6 75 513
6 76 242
6 77 328
6 78 550
6 79 856
6 80 368
6 81 153
6 82 508
6 83 763
6 84 105
6 85 425
6 86 747
6 87 855
6 88 860
6 89 937
6 90 101
6 91 679
6 92 822
6 93 1088
6 94 881
6 95 253
6 96 839
6 97 451
6 98 195
6 99 139
6 100 611
7 1 509
7 2 562
7 3 859
7 4 293
7 5 540
7 6 242
7 8 547
7 9 562
7 10 650
7 11 490
7 12 633
7 13 898
7 14 477
7 15 540
7 16 1016
7 17 349
7 18 390
7 19 347
7 20 623
7 21 684
7 22 430
7 23 704
7 24 382
7 25 293
7 26 613
7 27 401
7 28 640
7 29 438
7 30 619
7 31 441
7 32 341
7 33 802
7 34 672
7 35 501
7 36 884
7 37 712
7 38 305
7 39 185
7 40 958
7 41 529
7 42 757
7 43 233
7 44 181
7 45 424
7 46 447
7 47 261
7 48 572
7 49 855
7 50 862
7 51 150
7 52 1126
7 53 881
7 54 486
7 55 754
7 56 580
7 57 317
7 58 468
7 59 314
7 60 662
7 61 798
7 62 475
7 63 621
7 64 175
7 65 883
7 66 600
7 67 396
7 68 956
7 69 943
7 70 666
7 71 708
7 72 519
7 73 896
7 74 715
7 75 329
7 76 374
7 77 139
7 78 659
7 79 891
7 80 249
7 81 178
7 82 491
7 83 636
7 84 278
7 85 353
7 86 729
7 87 748
7 88 782
7 89 955
7 90 144
7 91 549
7 92 744
7 93 1020
7 94 909
7 95 413
7 96 894
7 97 372
7 98 138
7 99 259
7 100 514
8 1 634
8 2 54
8 3 834
8 4 619
8 5 721
8 6 754
8 7 547
8 9 15
8 10 416
8 11 291
8 12 885
8 13 929
8 14 293
8 15 109
8 16 867
8 17 720
8 18 181
8 19 293
8 20 675
8 21 957
8 22 442
8 23 467
8 24 255
8 25 686
8 26 523
8 27 147
8 28 113
8 29 558
8 30 265
8 31 339
8 32 695
8 33 772
8 34 868
8 35 467
8 36 1097
8 37 232
8 38 462
8 39 476
8 40 803
8 41 66
8 42 495
8 43 317
8 44 476
8 45 151
8 46 402
8 47 705
8 48 83
8 49 921
8 50 822
8 51 694
8 52 853
8 53 763
8 54 749
8 55 452
8 56 720
8 57 791
8 58 425
8 59 605
8 60 625
8 61 497
8 62 855
8 63 511
8 64 377
8 65 950
8 66 966
8 67 528
8 68 1195
8 69 758
8 70 262
8 71 240
8 72 299
8 73 1089
8 74 616
8 75 247
8 76 729
8 77 428
8 78 853
8 79 862
8 80 414
8 81 725
8 82 543
8 83 318
8 84 819
8 85 442
8 86 637
8 87 430
8 88 525
8 89 870
8 90 660
8 91 287
8 92 502
8 93 721
8 94 858
8 95 784
8 96 906
8 97 424
8 98 681
8 99 684
8 100 373
9 1 642
9 2 51
9 3 837
9 4 630
9 5 729
9 6 768
9 7 562
9 8 15
9 10 416
9 11 296
9 12 894
9 13 932
9 14 298
9 15 114
9 16 866
9 17 731
9 18 195
9 19 304
9 20 680
9 21 966
9 22 450
9 23 466
9 24 265
9 25 698
9 26 527
9 27 161
9 28 101
9 29 566
9 30 263
9 31 346
9 32 707
9 33 774
9 34 876
9 35 473
9 36 1105
9 37 222
9 38 473
9 39 489
9 40 801
9 41 73
9 42 492
9 43 331
9 44 489
9 45 164
9 46 409
9 47 718
9 48 80
9 49 926
9 50 824
9 51 709
9 52 848
9 53 764
9 54 759
9 55 449
9 56 727
9 57 804
9 58 432
9 59 616
9 60 629
9 61 493
9 62 866
9 63 514
9 64 391
9 65 954
9 66 976
9 67 537
9 68 1202
9 69 756
9 70 257
9 71 231
9 72 303
9 73 1096
9 74 618
9 75 260
9 76 741
9 77 442
9 78 860
9 79 864
9 80 426
9 81 739
9 82 550
9 83 317
9 84 833
9 85 452
9 86 639
9 87 426
9 88 522
9 89 870
9 90 674
9 91 290
9 92 501
9 93 715
9 94 860
9 95 795
9 96 909
9 97 433
9 98 695
9 99 696
9 100 378
10 1 366
10 2 366
10 3 431
10 4 513
10 5 453
10 6 743
10 7 650
10 8 416
10 9 416
10 11 177
10 12 616
10 13 535
10 14 187
10 15 521
10 16 455
10 17 594
10 18 502
10 19 317
10 20 336
10 21 687
10 22 248
10 23 59
10 24 299
10 25 593
10 26 155
10 27 433
10 28 371
10 29 336
10 30 161
10 31 210
10 32 569
10 33 372
10 34 566
10 35 198
10 36 769
10 37 296
10 38 372
10 39 479
10 40 390
10 41 476
10 42 109
10 43 478
10 44 482
10 45 497
10 46 213
10 47 645
10 48 340
10 49 542
10 50 415
10 51 786
10 52 490
10 53 348
10 54 529
10 55 112
10 56 423
10 57 727
10 58 202
10 59 483
10 60 249
10 61 150
10 62 689
10 63 135
10 64 553
10 65 567
10 66 762
10 67 343
10 68 870
10 69 350
10 70 198
10 71 279
10 72 149
10 73 750
10 74 212
10 75 375
10 76 588
10 77 516
10 78 552
10 79 455
10 80 403
10 81 797
10 82 278
10 83 108
10 84 840
10 85 320
10 86 233
10 87 116
10 88 136
10 89 454
10 90 684
10 91 139
10 92 101
10 93 373
10 94 447
10 95 633
10 96 508
10 97 294
10 98 778
10 99 617
10 100 137
11 1 356
11 2 253
11 3 551
11 4 415
11 5 446
11 6 618
11 7 490
11 8 291
11 9 296
11 10 177
11 12 615
11 13 641
11 14 14
11 15 384
11 16 619
11 17 510
11 18 336
11 19 145
11 20 385
11 21 688
11 22 171
11 23 236
11 24 123
11 25 494
11 26 237
11 27 268
11 28 292
11 29 291
11 30 145
11 31 71
11 32 484
11 33 487
11 34 588
11 35 179
11 36 813
11 37 282
11 38 253
11 39 334
11 40 554
11 41 339
11 42 283
11 43 303
11 44 337
11 45 336
11 46 125
11 47 534
11 48 234
11 49 631
11 50 541
11 51 633
11 52 666
11 53 500
11 54 494
11 55 269
11 56 438
11 57 621
11 58 142
11 59 390
11 60 337
11 61 315
11 62 629
11 63 228
11 64 379
11 65 660
11 66 724
11 67 273
11 68 912
11 69 520
11 70 201
11 71 271
11 72 30
11 73 802
11 74 338
11 75 198
11 76 511
11 77 353
11 78 572
11 79 580
11 80 255
11 81 649
11 82 261
11 83 148
11 84 708
11 85 209
11 86 359
11 87 260
11 88 312
11 89 601
11 90 546
11 91 61
11 92 277
11 93 547
11 94 581
11 95 563
11 96 620
11 97 182
11 98 624
11 99 508
11 100 83
12 1 260
12 2 858
12 3 425
12 4 345
12 5 170
12 6 495
12 7 633
12 8 885
12 9 894
12 10 616
12 11 615
12 13 385
12 14 608
12 15 952
12 16 652
12 17 291
12 18 839
12 19 600
12 20 292
12 21 74
12 22 447
12 23 624
12 24 634
12 25 347
12 26 464
12 27 795
12 28 906
12 29 328
12 30 733
12 31 553
12 32 294
12 33 409
12 34 87
12 35 445
12 36 251
12 37 883
12 38 442
12 39 503
12 40 625
12 41 915
12 42 664
12 43 683
12 44 506
12 45 860
12 46 491
12 47 398
12 48 844
12 49 321
12 50 445
12 51 665
12 52 867
12 53 543
12 54 153
12 55 707
12 56 193
12 57 408
12 58 475
12 59 334
12 60 397
12 61 720
12 62 223
12 63 486
12 64 704
12 65 338
12 66 191
12 67 358
12 68 331
12 69 651
12 70 788
12 71 869
12 72 622
12 73 265
12 74 473
12 75 668
12 76 265
12 77 601
12 78 89
12 79 447
12 80 515
12 81 641
12 82 357
12 83 700
12 84 585
12 85 447
12 86 465
12 87 722
12 88 665
12 89 544
12 90 532
12 91 652
12 92 638
12 93 828
12 94 480
12 95 243
12 96 402
12 97 463
12 98 668
12 99 387
12 100 548
13 1 390
13 2 885
13 3 114
13 4 617
13 5 369
13 6 834
13 7 898
13 8 929
13 9 932
13 10 535
13 11 641
13 12 385
13 14 642
13 15 1024
13 16 308
13 17 616
13 18 958
13 19 710
13 20 285
13 21 410
13 22 533
13 23 505
13 24 724
13 25 660
13 26 406
13 27 896
13 28 902
13 29 468
13 30 694
13 31 611
13 32 606
13 33 164
13 34 300
13 35 479
13 36 336
13 37 829
13 38 616
13 39 724
13 40 309
13 41 979
13 42 515
13 43 851
13 44 728
13 45 966
13 46 553
13 47 722
13 48 861
13 49 65
13 50 137
13 51 975
13 52 548
13 53 255
13 54 457
13 55 572
13 56 322
13 57 760
13 58 526
13 59 591
13 60 305
13 61 557
13 62 598
13 63 419
13 64 902
13 65 61
13 66 572
13 67 513
13 68 423
13 69 357
13 70 733
13 71 812
13 72 630
13 73 300
13 74 324
13 75 788
13 76 592
13 77 814
13 78 302
13 79 107
13 80 694
13 81 962
13 82 434
13 83 643
13 84 934
13 85 586
13 86 303
13 87 595
13 88 499
13 89 195
13 90 839
13 91 644
13 92 492
13 93 557
13 94 138
13 95 595
13 96 34
13 97 583
13 98 975
13 99 702
13 100 559
14 1 350
14 2 256
14 3 554
14 4 403
14 5 440
14 6 605
14 7 477
14 8 293
14 9 298
14 10 187
14 11 14
14 12 608
14 13 642
14 15 383
14 16 626
14 17 498
14 18 330
14 19 133
14 20 383
14 21 681
14 22 163
14 23 246
14 24 112
14 25 482
14 26 240
14 27 262
14 28 298
14 29 283
14 30 157
14 31 60
14 32 472
14 33 490
14 34 582
14 35 175
14 36 809
14 37 293
14 38 240
14 39 321
14 40 561
14 41 339
14 42 295
14 43 292
14 44 324
14 45 331
14 46 118
14 47 522
14 48 238
14 49 631
14 50 544
14 51 620
14 52 677
14 53 506
14 54 485
14 55 282
14 56 432
14 57 609
14 58 136
14 59 378
14 60 338
14 61 328
14 62 619
14 63 232
14 64 367
14 65 660
14 66 715
14 67 264
14 68 907
14 69 528
14 70 213
14 71 282
14 72 43
14 73 799
14 74 343
14 75 188
14 76 500
14 77 339
14 78 567
14 79 583
14 80 242
14 81 636
14 82 255
14 83 162
14 84 694
14 85 197
14 86 363
14 87 273
14 88 323
14 89 606
14 90 532
14 91 74
14 92 288
14 93 558
14 94 584
14 95 552
14 96 622
14 97 171
14 98 610
14 99 495
14 100 84
15 1 710
15 2 162
15 3 933
15 4 661
15 5 793
15 6 765
15 7 540
15 8 109
15 9 114
15 10 521
15 11 384
15 12 952
15 13 1024
15 14 383
15 16 974
15 17 761
15 18 151
15 19 353
15 20 762
15 21 1023
15 22 519
15 23 574
15 24 321
15 25 721
15 26 620
15 27 162
15 28 206
15 29 629
15 30 373
15 31 421
15 32 738
15 33 870
15 34 943
15 35 553
15 36 1175
15 37 331
15 38 516
15 39 506
15 40 909
15 41 46
15 42 603
15 43 323
15 44 505
15 45 116
15 46 484
15 47 731
15 48 192
15 49 1013
15 50 921
15 51 680
15 52 961
15 53 868
15 54 810
15 55 560
15 56 797
15 57 813
15 58 509
15 59 652
15 60 720
15 61 606
15 62 899
15 63 609
15 64 365
15 65 1042
15 66 1016
15 67 595
15 68 1270
15 69 865
15 70 370
15 71 342
15 72 396
15 73 1169
15 74 716
15 75 289
15 76 774
15 77 439
15 78 927
15 79 961
15 80 456
15 81 714
15 82 623
15 83 426
15 84 817
15 85 506
15 86 737
15 87 538
15 88 633
15 89 973
15 90 667
15 91 389
15 92 609
15 93 829
15 94 959
15 95 828
15 96 1003
15 97 491
15 98 666
15 99 712
15 100 466
16 1 542
16 2 815
16 3 229
16 4 780
16 5 571
16 6 1020
16 7 1016
16 8 867
16 9 866
16 10 455
16 11 619
16 12 652
16 13 308
16 14 626
16 15 974
16 17 814
16 18 953
16 19 737
16 20 425
16 21 695
16 22 591
16 23 401
16 24 733
16 25 844
16 26 410
16 27 884
16 28 805
16 29 588
16 30 604
16 31 623
16 32 796
16 33 250
16 34 567
16 35 521
16 36 644
16 37 701
16 38 712
16 39 832
16 40 66
16 41 928
16 42 376
16 43 899
16 44 836
16 45 950
16 46 587
16 47 907
16 48 787
16 49 366
16 50 208
16 51 1126
16 52 243
16 53 136
16 54 673
16 55 426
16 56 517
16 57 966
16 58 561
16 59 748
16 60 357
16 61 390
16 62 838
16 63 408
16 64 966
16 65 369
16 66 843
16 67 626
16 68 729
16 69 114
16 70 621
16 71 684
16 72 596
16 73 607
16 74 303
16 75 808
16 76 795
16 77 902
16 78 564
16 79 212
16 80 776
16 81 1123
16 82 529
16 83 550
16 84 1124
16 85 665
16 86 288
16 87 452
16 88 348
16 89 115
16 90 998
16 91 593
16 92 366
16 93 281
16 94 177
16 95 815
16 96 277
16 97 650
16 98 1122
16 99 882
16 100 549
17 1 276
17 2 708
17 3 611
17 4 102
17 5 251
17 6 218
17 7 349
17 8 720
17 9 731
17 10 594
17 11 510
17 12 291
17 13 616
17 14 498
17 15 761
17 16 814
17 18 626
17 19 430
17 20 389
17 21 336
17 22 353
17 23 628
17 24 472
17 25 58
17 26 480
17 27 599
17 28 773
17 29 262
17 30 652
17 31 439
17 32 27
17 33 569
17 34 345
17 35 397
17 36 539
17 37 790
17 38 264
17 39 260
17 40 768
17 41 732
17 42 680
17 43 452
17 44 262
17 45 653
17 46 397
17 47 110
17 48 703
17 49 561
17 50 623
17 51 375
17 52 985
17 53 683
17 54 161
17 55 704
17 56 303
17 57 153
17 58 397
17 59 121
17 60 473
17 61 734
17 62 140
17 63 498
17 64 451
17 65 586
17 66 264
17 67 251
17 68 608
17 69 773
17 70 709
17 71 780
17 72 530
17 73 556
17 74 548
17 75 476
17 76 27
17 77 348
17 78 335
17 79 641
17 80 307
17 81 355
17 82 328
17 83 639
17 84 319
17 85 302
17 86 552
17 87 709
17 88 694
17 89 725
17 90 242
17 91 565
17 92 657
17 93 909
17 94 668
17 95 70
17 96 622
17 97 328
17 98 379
17 99 97
17 100 476
18 1 612
18 2 218
18 3 877
18 4 529
18 5 688
18 6 616
18 7 390
18 8 181
18 9 195
18 10 502
18 11 336
18 12 839
18 13 958
18 14 330
18 15 151
18 16 953
18 17 626
18 19 252
18 20 682
18 21 907
18 22 430
18 23 560
18 24 235
18 25 582
18 26 566
18 27 70
18 28 292
18 29 527
18 30 382
18 31 349
18 32 604
18 33 813
18 34 840
18 35 479
18 36 1072
18 37 400
18 38 398
18 39 367
18 40 888
18 41 144
18 42 600
18 43 178
18 44 365
18 45 36
18 46 405
18 47 587
18 48 241
18 49 938
18 50 870
18 51 531
18 52 978
18 53 835
18 54 691
18 55 569
18 56 700
18 57 667
18 58 432
18 59 523
18 60 659
18 61 617
18 62 765
18 63 560
18 64 215
18 65 968
18 66 885
18 67 488
18 68 1164
18 69 851
18 70 402
18 71 405
18 72 357
18 73 1071
18 74 671
18 75 175
18 76 641
18 77 293
18 78 824
18 79 908
18 80 328
18 81 564
18 82 534
18 83 427
18 84 667
18 85 399
18 86 691
18 87 551
18 88 630
18 89 935
18 90 517
18 91 364
18 92 600
18 93 850
18 94 911
18 95 694
18 96 941
18 97 390
18 98 517
18 99 570
18 100 412
19 1 362
19 2 279
19 3 635
19 4 329
19 5 442
19 6 498
19 7 347
19 8 293
19 9 304
19 10 317
19 11 145
19 12 600
19 13 710
19 14 133
19 15 353
19 16 737
19 17 430
19 18 252
19 20 431
19 21 671
19 22 179
19 23 374
19 24 44
19 25 400
19 26 332
19 27 198
19 28 345
19 29 279
19 30 273
19 31 115
19 32 405
19 33 572
19 34 593
19 35 233
19 36 825
19 37 383
19 38 170
19 39 208
19 40 674
19 41 316
19 42 425
19 43 164
19 44 210
19 45 267
19 46 159
19 47 429
19 48 275
19 49 688
19 50 630
19 51 493
19 52 805
19 53 610
19 54 459
19 55 414
19 56 450
19 57 517
19 58 187
19 59 313
19 60 416
19 61 460
19 62 563
19 63 331
19 64 237
19 65 718
19 66 673
19 67 243
19 68 919
19 69 646
19 70 323
19 71 376
19 72 175
19 73 822
19 74 441
19 75 79
19 76 438
19 77 209
19 78 578
19 79 667
19 80 133
19 81 512
19 82 283
19 83 290
19 84 580
19 85 154
19 86 460
19 87 405
19 88 452
19 89 703
19 90 416
19 91 203
19 92 416
19 93 689
19 94 674
19 95 492
19 96 694
19 97 141
19 98 483
19 99 405
19 100 191
20 1 120
20 2 637
20 3 237
20 4 360
20 5 155
20 6 597
20 7 623
20 8 675
20 9 680
20 10 336
20 11 385
20 12 292
20 13 285
20 14 383
20 15 762
20 16 425
20 17 389
20 18 682
20 19 431
20 21 359
20 22 252
20 23 336
20 24 449
20 25 420
20 26 182
20 27 623
20 28 669
20 29 186
20 30 474
20 31 341
20 32 372
20 33 184
20 34 232
20 35 209
20 36 437
20 37 622
20 38 332
20 39 444
20 40 380
20 41 719
20 42 374
20 43 567
20 44 449
20 45 693
20 46 280
20 47 483
20 48 617
20 49 258
20 50 243
20 51 715
20 52 605
20 53 294
20 54 256
20 55 419
20 56 106
20 57 541
20 58 254
20 59 329
20 60 106
20 61 429
20 62 428
20 63 202
20 64 618
20 65 287
20 66 463
20 67 231
20 68 538
20 69 389
20 70 524
20 71 606
20 72 382
20 73 422
20 74 183
20 75 509
20 76 371
20 77 531
20 78 219
20 79 269
20 80 410
20 81 708
20 82 151
20 83 432
20 84 701
20 85 301
20 86 180
20 87 435
20 88 374
20 89 342
20 90 583
20 91 404
20 92 347
20 93 548
20 94 290
20 95 395
20 96 275
20 97 300
20 98 713
20 99 459
20 100 305
21 1 333
21 2 931
21 3 466
21 4 402
21 5 243
21 6 527
21 7 684
21 8 957
21 9 966
21 10 687
21 11 688
21 12 74
21 13 410
21 14 681
21 15 1023
21 16 695
21 17 336
21 18 907
21 19 671
21 20 359
21 22 520
21 23 693
21 24 705
21 25 393
21 26 534
21 27 865
21 28 979
21 29 401
21 30 806
21 31 626
21 32 344
21 33 458
21 34 134
21 35 517
21 36 208
21 37 956
21 38 510
21 39 565
21 40 673
21 41 986
21 42 732
21 43 748
21 44 568
21 45 929
21 46 564
21 47 438
21 48 917
21 49 346
21 50 489
21 51 703
21 52 918
21 53 593
21 54 217
21 55 776
21 56 264
21 57 435
21 58 548
21 59 395
21 60 462
21 61 787
21 62 241
21 63 555
21 64 766
21 65 358
21 66 168
21 67 430
21 68 273
21 69 703
21 70 860
21 71 942
21 72 695
21 73 231
21 74 536
21 75 738
21 76 311
21 77 662
21 78 144
21 79 485
21 80 582
21 81 677
21 82 430
21 83 772
21 84 610
21 85 518
21 86 528
21 87 792
21 88 732
21 89 584
21 90 574
21 91 725
21 92 705
21 93 886
21 94 520
21 95 279
21 96 432
21 97 534
21 98 708
21 99 431
21 100 621
22 1 193
22 2 412
22 3 464
22 4 266
22 5 280
22 6 496
22 7 430
22 8 442
22 9 450
22 10 248
22 11 171
22 12 447
22 13 533
22 14 163
22 15 519
22 16 591
22 17 353
22 18 430
22 19 179
22 20 252
22 21 520
22 23 292
22 24 200
22 25 347
22 26 184
22 27 373
22 28 460
22 29 120
22 30 305
22 31 106
22 32 327
22 33 401
22 34 427
22 35 71
22 36 657
22 37 451
22 38 131
22 39 248
22 40 531
22 41 478
22 42 346
22 43 323
22 44 252
22 45 443
22 46 47
22 47 397
22 48 397
22 49 509
22 50 461
22 51 554
22 52 699
22 53 458
22 54 323
22 55 360
22 56 279
22 57 480
22 58 46
22 59 237
22 60 248
22 61 395
22 62 463
22 63 191
22 64 381
22 65 539
22 66 554
22 67 105
22 68 754
22 69 513
22 70 362
22 71 438
22 72 184
22 73 651
22 74 289
22 75 257
22 76 351
22 77 311
22 78 411
22 79 496
22 80 185
22 81 560
22 82 105
22 83 288
22 84 595
22 85 78
22 86 304
22 87 362
22 88 366
22 89 542
22 90 442
22 91 218
22 92 328
22 93 600
22 94 506
22 95 400
22 96 518
22 97 60
22 98 548
22 99 370
22 100 124
23 1 385
23 2 416
23 3 397
23 4 552
23 5 466
23 6 787
23 7 704
23 8 467
23 9 466
23 10 59
23 11 236
23 12 624
23 13 505
23 14 246
23 15 574
23 16 401
23 17 628
23 18 560
23 19 374
23 20 336
23 21 693
23 22 292
23 24 357
23 25 632
23 26 162
23 27 491
23 28 413
23 29 367
23 30 206
23 31 266
23 32 603
23 33 342
23 34 568
23 35 233
23 36 760
23 37 326
23 38 419
23 39 529
23 40 336
23 41 528
23 42 55
23 43 537
23 44 533
23 45 554
23 46 261
23 47 686
23 48 388
23 49 519
23 50 379
23 51 838
23 52 432
23 53 301
23 54 550
23 55 83
23 56 432
23 57 766
23 58 247
23 59 521
23 60 239
23 61 106
23 62 715
23 63 141
23 64 611
23 65 543
23 66 780
23 67 380
23 68 861
23 69 294
23 70 233
23 71 308
23 72 208
23 73 738
23 74 185
23 75 433
23 76 620
23 77 571
23 78 555
23 79 419
23 80 456
23 81 847
23 82 304
23 83 151
23 84 886
23 85 366
23 86 204
23 87 100
23 88 79
23 89 408
23 90 732
23 91 197
23 92 42
23 93 317
23 94 408
23 95 662
23 96 477
23 97 342
23 98 830
23 99 658
23 100 190
24 1 389
24 2 237
24 3 644
24 4 371
24 5 472
24 6 540
24 7 382
24 8 255
24 9 265
24 10 299
24 11 123
24 12 634
24 13 724
24 14 112
24 15 321
24 16 733
24 17 472
24 18 235
24 19 44
24 20 449
24 21 705
24 22 200
24 23 357
24 25 443
24 26 335
24 27 174
24 28 302
24 29 309
24 30 238
24 31 115
24 32 447
24 33 580
24 34 623
24 35 245
24 36 854
24 37 341
24 38 210
24 39 250
24 40 669
24 41 282
24 42 406
24 43 181
24 44 252
24 45 244
24 46 171
24 47 472
24 48 232
24 49 705
24 50 637
24 51 530
24 52 788
24 53 609
24 54 495
24 55 390
24 56 477
24 57 560
24 58 198
24 59 354
24 60 425
24 61 436
24 62 604
24 63 331
24 64 258
24 65 735
24 66 712
24 67 276
24 68 949
24 69 637
24 70 285
24 71 335
24 72 151
24 73 849
24 74 442
24 75 77
24 76 479
24 77 244
24 78 607
24 79 675
24 80 176
24 81 550
24 82 305
24 83 259
24 84 621
24 85 189
24 86 462
24 87 379
24 88 434
24 89 706
24 90 457
24 91 174
24 92 399
24 93 669
24 94 679
24 95 534
24 96 706
24 97 172
24 98 519
24 99 448
24 100 184
25 1 302
25 2 678
25 3 648
25 4 82
25 5 292
25 6 178
25 7 293
25 8 686
25 9 698
25 10 593
25 11 494
25 12 347
25 13 660
25 14 482
25 15 721
25 16 844
25 17 58
25 18 582
25 19 400
25 20 420
25 21 393
25 22 347
25 23 632
25 24 443
25 26 492
25 27 560
25 28 745
25 29 273
25 30 638
25 31 424
25 32 56
25 33 602
25 34 398
25 35 399
25 36 596
25 37 771
25 38 243
25 39 216
25 40 795
25 41 694
25 42 685
25 43 406
25 44 217
25 45 611
25 46 389
25 47 64
25 48 675
25 49 608
25 50 659
25 51 322
25 52 1005
25 53 711
25 54 211
25 55 705
25 56 342
25 57 135
25 58 393
25 59 112
25 60 495
25 61 738
25 62 190
25 63 508
25 64 400
25 65 633
25 66 316
25 67 253
25 68 665
25 69 797
25 70 694
25 71 762
25 72 516
25 73 612
25 74 568
25 75 440
25 76 83
25 77 298
25 78 387
25 79 679
25 80 272
25 81 304
25 82 340
25 83 630
25 84 281
25 85 287
25 86 574
25 87 708
25 88 701
25 89 760
25 90 187
25 91 551
25 92 664
25 93 923
25 94 704
25 95 123
25 96 664
25 97 314
25 98 325
25 99 43
25 100 469
26 1 225
26 2 480
26 3 314
26 4 415
26 5 305
26 6 657
26 7 613
26 8 523
26 9 527
26 10 155
26 11 237
26 12 464
26 13 406
26 14 240
26 15 620
26 16 410
26 17 480
26 18 566
26 19 332
26 20 182
26 21 534
26 22 184
26 23 162
26 24 335
26 25 492
26 27 500
26 28 501
26 29 220
26 30 298
26 31 221
26 32 457
26 33 250
26 34 411
26 35 113
26 36 616
26 37 444
26 38 310
26 39 430
26 40 349
26 41 575
26 42 207
26 43 492
26 44 434
26 45 570
26 46 178
26 47 549
26 48 457
26 49 402
26 50 305
26 51 734
26 52 522
26 53 279
26 54 390
26 55 245
26 56 271
26 57 625
26 58 152
26 59 382
26 60 103
26 61 263
26 62 558
26 63 22
26 64 557
26 65 429
26 66 619
26 67 243
26 68 717
26 69 330
26 70 345
26 71 428
26 72 225
26 73 598
26 74 109
26 75 407
26 76 469
26 77 494
26 78 398
26 79 344
26 80 368
26 81 736
26 82 153
26 83 253
26 84 759
26 85 260
26 86 128
26 87 259
26 88 216
26 89 372
26 90 615
26 91 239
26 92 182
26 93 432
26 94 346
26 95 508
26 96 384
26 97 243
26 98 728
26 99 522
26 100 156
27 1 559
27 2 170
27 3 813
27 4 499
27 5 639
27 6 613
27 7 401
27 8 147
27 9 161
27 10 433
27 11 268
27 12 795
27 13 896
27 14 262
27 15 162
27 16 884
27 17 599
27 18 70
27 19 198
27 20 623
27 21 865
27 22 373
27 23 491
27 24 174
27 25 560
27 26 500
27 28 248
27 29 476
27 30 315
27 31 285
27 32 576
27 33 749
27 34 791
27 35 418
27 36 1023
27 37 345
27 38 356
27 39 345
27 40 819
27 41 136
27 42 531
27 43 172
27 44 345
27 45 71
27 46 344
27 47 572
27 48 188
27 49 879
27 50 804
27 51 548
27 52 909
27 53 767
27 54 650
27 55 500
27 56 648
27 57 656
27 58 371
27 59 490
27 60 595
27 61 548
27 62 737
27 63 494
27 64 230
27 65 908
27 66 854
27 67 440
27 68 1116
27 69 782
27 70 338
27 71 348
27 72 289
27 73 1019
27 74 604
27 75 128
27 76 612
27 77 286
27 78 775
27 79 843
27 80 294
27 81 578
27 82 478
27 83 359
27 84 674
27 85 350
27 86 625
27 87 483
27 88 561
27 89 867
27 90 517
27 91 294
27 92 531
27 93 782
27 94 845
27 95 666
27 96 878
27 97 338
27 98 535
27 99 553
27 100 345
28 1 648
28 2 79
28 3 800
28 4 672
28 5 738
28 6 833
28 7 640
28 8 113
28 9 101
28 10 371
28 11 292
28 12 906
28 13 902
28 14 298
28 15 206
28 16 805
28 17 773
28 18 292
28 19 345
28 20 669
28 21 979
28 22 460
28 23 413
28 24 302
28 25 745
28 26 501
28 27 248
28 29 580
28 30 210
28 31 355
28 32 747
28 33 740
28 34 879
28 35 468
28 36 1102
28 37 126
28 38 509
28 39 546
28 40 742
28 41 172
28 42 430
28 43 408
28 44 547
28 45 263
28 46 415
28 47 772
28 48 72
28 49 903
28 50 785
28 51 789
28 52 767
28 53 713
28 54 780
28 55 380
28 56 728
28 57 859
28 58 433
28 59 654
28 60 604
28 61 422
28 62 902
28 63 486
28 64 475
28 65 930
28 66 1006
28 67 557
28 68 1201
28 69 693
28 70 185
28 71 138
28 72 289
28 73 1090
28 74 580
28 75 321
28 76 779
28 77 513
28 78 863
28 79 825
28 80 476
28 81 817
28 82 552
28 83 264
28 84 904
28 85 479
28 86 602
28 87 356
28 88 458
28 89 821
28 90 742
28 91 265
28 92 442
28 93 633
28 94 817
28 95 833
28 96 877
28 97 456
28 98 777
28 99 749
28 100 366
29 1 86
29 2 530
29 3 421
29 4 198
29 5 164
29 6 442
29 7 438
29 8 558
29 9 566
29 10 336
29 11 291
29 12 328
29 13 468
29 14 283
29 15 629
29 16 588
29 17 262
29 18 527
29 19 279
29 20 186
29 21 401
29 22 120
29 23 367
29 24 309
29 25 273
29 26 220
29 27 476
29 28 580
29 30 420
29 31 226
29 32 238
29 33 364
29 34 315
29 35 140
29 36 547
29 37 568
29 38 149
29 39 259
29 40 535
29 41 590
29 42 419
29 43 393
29 44 263
29 45 545
29 46 166
29 47 332
29 48 517
29 49 433
29 50 425
29 51 538
29 52 734
29 53 453
29 54 204
29 55 445
29 56 174
29 57 406
29 58 154
29 59 165
29 60 232
29 61 473
29 62 354
29 63 237
29 64 437
29 65 462
29 66 437
29 67 46
29 68 641
29 69 530
29 70 477
29 71 555
29 72 302
29 73 544
29 74 299
29 75 353
29 76 253
29 77 347
29 78 299
29 79 454
29 80 228
29 81 535
29 82 67
29 83 396
29 84 545
29 85 129
29 86 308
29 87 452
29 88 432
29 89 519
29 90 410
29 91 334
29 92 396
29 93 651
29 94 471
29 95 297
29 96 460
29 97 139
29 98 535
29 99 305
29 100 234
30 1 473
30 2 212
30 3 591
30 4 558
30 5 564
30 6 761
30 7 619
30 8 265
30 9 263
30 10 161
30 11 145
30 12 733
30 13 694
30 14 157
30 15 373
30 16 604
30 17 652
30 18 382
30 19 273
30 20 474
30 21 806
30 22 305
30 23 206
30 24 238
30 25 638
30 26 298
30 27 315
30 28 210
30 29 420
30 31 214
30 32 626
30 33 531
30 34 695
30 35 289
30 36 910
30 37 151
30 38 397
30 39 475
30 40 540
30 41 328
30 42 231
30 43 410
30 44 477
30 45 369
30 46 258
30 47 678
30 48 184
30 49 697
30 50 575
30 51 766
30 52 598
30 53 505
30 54 623
30 55 190
30 56 546
30 57 765
30 58 266
30 59 533
30 60 399
30 61 237
30 62 767
30 63 281
30 64 487
30 65 723
30 66 856
30 67 409
30 68 1010
30 69 494
30 70 58
30 71 137
30 72 123
30 73 894
30 74 371
30 75 300
30 76 652
30 77 481
30 78 680
30 79 616
30 80 396
30 81 784
30 82 377
30 83 55
30 84 849
30 85 352
30 86 392
30 87 170
30 88 261
30 89 613
30 90 685
30 91 88
30 92 239
30 93 468
30 94 608
30 95 703
30 96 668
30 97 325
30 98 755
30 99 652
30 100 187
31 1 297
31 2 307
31 3 529
31 4 345
31 5 386
31 6 553
31 7 441
31 8 339
31 9 346
31 10 210
31 11 71
31 12 553
31 13 611
31 14 60
31 15 421
31 16 623
31 17 439
31 18 349
31 19 115
31 20 341
31 21 626
31 22 106
31 23 266
31 24 115
31 25 424
31 26 221
31 27 285
31 28 355
31 29 226
31 30 214
31 32 413
31 33 465
31 34 531
31 35 134
31 36 759
31 37 352
31 38 184
31 39 275
31 40 559
31 41 379
31 42 318
31 43 279
31 44 277
31 45 356
31 46 64
31 47 466
31 48 292
31 49 595
31 50 522
31 51 580
31 52 695
31 53 497
31 54 427
31 55 315
31 56 382
31 57 553
31 58 88
31 59 320
31 60 310
31 61 358
31 62 559
31 63 218
31 64 349
31 65 624
31 66 656
31 67 205
31 68 857
31 69 531
31 70 271
31 71 341
31 72 93
31 73 751
31 74 328
31 75 187
31 76 441
31 77 306
31 78 515
31 79 560
31 80 197
31 81 592
31 82 205
31 83 210
31 84 645
31 85 139
31 86 348
31 87 310
31 88 344
31 89 592
31 90 484
31 91 128
31 92 307
31 93 582
31 94 565
31 95 493
31 96 593
31 97 112
31 98 571
31 99 440
31 100 77
32 1 256
32 2 683
32 3 597
32 4 77
32 5 238
32 6 229
32 7 341
32 8 695
32 9 707
32 10 569
32 11 484
32 12 294
32 13 606
32 14 472
32 15 738
32 16 796
32 17 27
32 18 604
32 19 405
32 20 372
32 21 344
32 22 327
32 23 603
32 24 447
32 25 56
32 26 457
32 27 576
32 28 747
32 29 238
32 30 626
32 31 413
32 33 553
32 34 343
32 35 372
32 36 544
32 37 764
32 38 239
32 39 240
32 40 750
32 41 708
32 42 656
32 43 432
32 44 242
32 45 632
32 46 371
32 47 116
32 48 678
32 49 553
32 50 608
32 51 377
32 52 964
32 53 665
32 54 156
32 55 679
32 56 290
32 57 172
32 58 372
32 59 95
32 60 452
32 61 709
32 62 162
32 63 474
32 64 434
32 65 579
32 66 283
32 67 226
32 68 616
32 69 753
32 70 683
32 71 754
32 72 504
32 73 559
32 74 527
32 75 452
32 76 37
32 77 330
32 78 332
32 79 628
32 80 283
32 81 359
32 82 304
32 83 613
32 84 332
32 85 276
32 86 532
32 87 684
32 88 670
32 89 710
32 90 242
32 91 539
32 92 633
32 93 887
32 94 653
32 95 90
32 96 611
32 97 302
32 98 380
32 99 98
32 100 450
33 1 304
33 2 726
33 3 64
33 4 544
33 5 322
33 6 779
33 7 802
33 8 772
33 9 774
33 10 372
33 11 487
33 12 409
33 13 164
33 14 490
33 15 870
33 16 250
33 17 569
33 18 813
33 19 572
33 20 184
33 21 458
33 22 401
33 23 342
33 24 580
33 25 602
33 26 250
33 27 749
33 28 740
33 29 364
33 30 531
33 31 465
33 32 553
33 34 326
33 35 339
33 36 453
33 37 665
33 38 503
33 39 620
33 40 217
33 41 824
33 42 353
33 43 723
33 44 624
33 45 819
33 46 413
33 47 666
33 48 701
33 49 184
33 50 61
33 51 898
33 52 460
33 53 135
33 54 424
33 55 409
33 56 269
33 57 720
33 58 385
33 59 513
33 60 156
33 61 398
33 62 588
33 63 261
33 64 781
33 65 204
33 66 598
33 67 407
33 68 550
33 69 245
33 70 569
33 71 648
33 72 474
33 73 424
33 74 161
33 75 649
33 76 548
33 77 702
33 78 321
33 79 96
33 80 577
33 81 891
33 82 315
33 83 479
33 84 883
33 85 465
33 86 140
33 87 433
33 88 339
33 89 158
33 90 766
33 91 485
33 92 330
33 93 435
33 94 108
33 95 566
33 96 137
33 97 457
33 98 896
33 99 642
33 100 406
34 1 235
34 2 837
34 3 339
34 4 379
34 5 153
34 6 559
34 7 672
34 8 868
34 9 876
34 10 566
34 11 588
34 12 87
34 13 300
34 14 582
34 15 943
34 16 567
34 17 345
34 18 840
34 19 593
34 20 232
34 21 134
34 22 427
34 23 568
34 24 623
34 25 398
34 26 411
34 27 791
34 28 879
34 29 315
34 30 695
34 31 531
34 32 343
34 33 326
34 35 411
34 36 233
34 37 845
34 38 447
34 39 525
34 40 542
34 41 903
34 42 603
34 43 694
34 44 529
34 45 858
34 46 467
34 47 454
34 48 820
34 49 237
34 50 360
34 51 719
34 52 786
34 53 461
34 54 189
34 55 650
34 56 151
34 57 476
34 58 447
34 59 362
34 60 333
34 61 658
34 62 301
34 63 433
34 64 724
34 65 256
34 66 277
34 67 352
34 68 327
34 69 570
34 70 747
34 71 830
34 72 591
34 73 233
34 74 405
34 75 666
34 76 319
34 77 623
34 78 16
34 79 361
34 80 525
34 81 699
34 82 328
34 83 657
34 84 654
34 85 441
34 86 395
34 87 667
34 88 602
34 89 459
34 90 584
34 91 618
34 92 577
34 93 752
34 94 395
34 95 309
34 96 316
34 97 453
34 98 722
34 99 440
34 100 515
35 1 185
35 2 431
35 3 402
35 4 319
35 5 276
35 6 556
35 7 501
35 8 467
35 9 473
35 10 198
35 11 179
35 12 445
35 13 479
35 14 175
35 15 553
35 16 521
35 17 397
35 18 479
35 19 233
35 20 209
35 21 517
35 22 71
35 23 233
35 24 245
35 25 399
35 26 113
35 27 418
35 28 468
35 29 140
35 30 289
35 31 134
35 32 372
35 33 339
35 34 411
35 36 635
35 37 440
35 38 199
35 39 318
35 40 460
35 41 510
35 42 287
35 43 387
35 44 322
35 45 488
35 46 75
35 47 453
35 48 412
35 49 462
35 50 398
35 51 623
35 52 630
35 53 388
35 54 339
35 55 308
35 56 261
35 57 533
35 58 47
35 59 288
35 60 184
35 61 339
35 62 494
35 63 121
35 64 449
35 65 491
35 66 572
35 67 147
35 68 734
35 69 443
35 70 345
35 71 425
35 72 180
35 73 624
35 74 218
35 75 311
35 76 390
35 77 382
35 78 396
35 79 434
35 80 256
35 81 628
35 82 88
35 83 260
35 84 657
35 85 148
35 86 235
35 87 314
35 88 304
35 89 475
35 90 508
35 91 209
35 92 266
35 93 534
35 94 442
35 95 436
35 96 462
35 97 130
35 98 617
35 99 426
35 100 105
36 1 465
36 2 1064
36 3 432
36 4 595
36 5 385
36 6 734
36 7 884
36 8 1097
36 9 1105
36 10 769
36 11 813
36 12 251
36 13 336
36 14 809
36 15 1175
36 16 644
36 17 539
36 18 1072
36 19 825
36 20 437
36 21 208
36 22 657
36 23 760
36 24 854
36 25 596
36 26 616
36 27 1023
36 28 1102
36 29 547
36 30 910
36 31 759
36 32 544
36 33 453
36 34 233
36 35 635
36 37 1059
36 38 678
36 39 750
36 40 642
36 41 1134
36 42 787
36 43 924
36 44 754
36 45 1090
36 46 696
36 47 643
36 48 1046
36 49 282
36 50 458
36 51 910
36 52 884
36 53 577
36 54 402
36 55 839
36 56 379
36 57 642
36 58 674
36 59 582
36 60 523
36 61 838
36 62 447
36 63 636
36 64 951
36 65 276
36 66 357
36 67 585
36 68 102
36 69 685
36 70 960
36 71 1043
36 72 814
36 73 42
36 74 581
36 75 898
36 76 514
36 77 848
36 78 248
36 79 438
36 80 755
36 81 884
36 82 555
36 83 868
36 84 816
36 85 674
36 86 565
36 87 859
36 88 779
36 89 530
36 90 779
36 91 839
36 92 761
36 93 883
36 94 471
36 95 485
36 96 368
36 97 685
36 98 914
36 99 635
36 100 737
37 1 624
37 2 184
37 3 722
37 4 693
37 5 715
37 6 881
37 7 712
37 8 232
37 9 222
37 10 296
37 11 282
37 12 883
37 13 829
37 14 293
37 15 331
37 16 701
37 17 790
37 18 400
37 19 383
37 20 622
37 21 956
37 22 451
37 23 326
37 24 341
37 25 771
37 26 444
37 27 345
37 28 126
37 29 568
37 30 151
37 31 352
37 32 764
37 33 665
37 34 845
37 35 440
37 36 1059
37 38 529
37 39 591
37 40 640
37 41 295
37 42 330
37 43 485
37 44 592
37 45 375
37 46 404
37 47 807
37 48 160
37 49 837
37 50 704
37 51 861
37 52 645
37 53 620
37 54 772
37 55 276
37 56 696
37 57 895
37 58 414
37 59 670
37 60 543
37 61 312
37 62 911
37 63 425
37 64 558
37 65 863
37 66 1004
37 67 554
37 68 1159
37 69 588
37 70 99
37 71 18
37 72 267
37 73 1042
37 74 506
37 75 383
37 76 793
37 77 577
37 78 830
37 79 744
37 80 514
37 81 885
37 82 527
37 83 192
37 84 961
37 85 489
37 86 526
37 87 251
37 88 356
37 89 728
37 90 797
37 91 234
37 92 347
37 93 512
37 94 732
37 95 845
37 96 801
37 97 463
37 98 850
37 99 782
37 100 336
38 1 232
38 2 447
38 3 563
38 4 165
38 5 295
38 6 373
38 7 305
38 8 462
38 9 473
38 10 372
38 11 253
38 12 442
38 13 616
38 14 240
38 15 516
38 16 712
38 17 264
38 18 398
38 19 170
38 20 332
38 21 510
38 22 131
38 23 419
38 24 210
38 25 243
38 26 310
38 27 356
38 28 509
38 29 149
38 30 397
38 31 184
38 32 239
38 33 503
38 34 447
38 35 199
38 36 678
38 37 529
38 39 121
38 40 653
38 41 482
38 42 474
38 43 249
38 44 125
38 45 420
38 46 160
38 47 283
38 48 440
38 49 581
38 50 564
38 51 425
38 52 829
38 53 577
38 54 295
38 55 483
38 56 317
38 57 370
38 58 174
38 59 145
38 60 358
38 61 522
38 62 394
38 63 320
38 64 288
38 65 611
38 66 504
38 67 104
38 68 768
38 69 640
38 70 453
38 71 520
38 72 276
38 73 679
38 74 411
38 75 229
38 76 270
38 77 200
38 78 432
38 79 596
38 80 80
38 81 430
38 82 189
38 83 393
38 84 468
38 85 54
38 86 424
38 87 483
38 88 495
38 89 653
38 90 313
38 91 311
38 92 457
38 93 730
38 94 610
38 95 324
38 96 607
38 97 79
38 98 418
38 99 256
38 100 239
39 1 335
39 2 474
39 3 678
39 4 167
39 5 381
39 6 290
39 7 185
39 8 476
39 9 489
39 10 479
39 11 334
39 12 503
39 13 724
39 14 321
39 15 506
39 16 832
39 17 260
39 18 367
39 19 208
39 20 444
39 21 565
39 22 248
39 23 529
39 24 250
39 25 216
39 26 430
39 27 345
39 28 546
39 29 259
39 30 475
39 31 275
39 32 240
39 33 620
39 34 525
39 35 318
39 36 750
39 37 591
39 38 121
39 40 774
39 41 480
39 42 584
39 43 193
39 44 5
39 45 396
39 46 269
39 47 229
39 48 475
39 49 686
39 50 681
39 51 309
39 52 946
39 53 697
39 54 350
39 55 587
39 56 413
39 57 315
39 58 288
39 59 170
39 60 478
39 61 628
39 62 400
39 63 439
39 64 202
39 65 715
39 66 522
39 67 215
39 68 833
39 69 759
39 70 527
39 71 584
39 72 362
39 73 757
39 74 531
39 75 230
39 76 276
39 77 99
39 78 511
39 79 711
39 80 80
39 81 319
39 82 307
39 83 482
39 84 375
39 85 170
39 86 545
39 87 584
39 88 607
39 89 772
39 90 212
39 91 395
39 92 568
39 93 843
39 94 728
39 95 329
39 96 718
39 97 191
39 98 302
39 99 208
39 100 342
40 1 494
40 2 751
40 3 212
40 4 729
40 5 530
40 6 971
40 7 958
40 8 803
40 9 801
40 10 390
40 11 554
40 12 625
40 13 309
40 14 561
40 15 909
40 16 66
40 17 768
40 18 888
40 19 674
40 20 380
40 21 673
40 22 531
40 23 336
40 24 669
40 25 795
40 26 349
40 27 819
40 28 742
40 29 535
40 30 540
40 31 559
40 32 750
40 33 217
40 34 542
40 35 460
40 36 642
40 37 640
40 38 653
40 39 774
40 41 864
40 42 313
40 43 836
40 44 778
40 45 885
40 46 525
40 47 858
40 48 723
40 49 361
40 50 188
40 51 1071
40 52 246
40 53 86
40 54 632
40 55 364
40 56 477
40 57 920
40 58 500
40 59 696
40 60 303
40 61 330
40 62 801
40 63 345
40 64 904
40 65 368
40 66 814
40 67 571
40 68 731
40 69 58
40 70 558
40 71 623
40 72 531
40 73 607
40 74 243
40 75 744
40 76 750
40 77 842
40 78 537
40 79 205
40 80 716
40 81 1069
40 82 473
40 83 485
40 84 1075
40 85 606
40 86 230
40 87 390
40 88 285
40 89 122
40 90 945
40 91 528
40 92 302
40 93 252
40 94 172
40 95 773
40 96 276
