nnodes nedges type capacity P s t
100  4950  graph  1000 100 1 100 
nodename posx posy itemvalue itemweight
1 517 245 0 0
2 696 495 125 105
3 237 867 88 323
4 643 260 224 269
5 753 712 366 146
6 450 284 184 412
7 673 894 340 467
8 702 64 398 96
9 83 955 193 405
10 273 885 381 24
11 610 237 59 105
12 294 638 211 293
13 951 149 254 379
14 54 424 231 146
15 401 306 404 467
16 553 270 104 488
17 551 602 245 228
18 117 140 92 332
19 469 112 403 167
20 753 574 452 268
21 824 203 164 487
22 858 849 32 355
23 97 913 305 429
24 913 533 451 349
25 868 538 334 331
26 770 479 372 392
27 128 417 435 435
28 117 79 36 188
29 566 523 313 119
30 855 319 185 68
31 829 409 85 140
32 589 733 55 329
33 363 58 368 499
34 873 832 12 270
35 170 626 17 464
36 406 346 389 181
37 181 617 302 420
38 547 631 387 107
39 530 461 201 337
40 516 398 455 34
41 351 286 19 179
42 229 479 277 453
43 703 699 113 165
44 910 622 492 425
45 222 118 283 28
46 941 52 344 219
47 879 883 168 399
48 785 242 399 387
49 293 10 397 410
50 74 464 8 413
51 637 832 225 396
52 162 170 445 27
53 449 710 168 332
54 801 979 485 368
55 523 317 20 439
56 730 226 253 39
57 956 959 117 381
58 706 659 343 81
59 658 968 45 187
60 633 233 357 179
61 438 575 214 201
62 285 317 249 233
63 810 422 99 147
64 559 103 119 347
65 432 985 57 126
66 919 421 111 133
67 818 82 374 408
68 592 619 11 41
69 144 745 91 495
70 951 667 408 110
71 415 681 286 12
72 893 371 500 254
73 992 951 392 343
74 382 3 187 289
75 272 16 381 43
76 236 710 319 446
77 943 873 243 68
78 28 753 179 193
79 295 587 214 149
80 856 79 39 122
81 925 776 127 150
82 853 743 255 500
83 210 797 409 265
84 714 354 392 499
85 542 665 112 151
86 373 957 108 249
87 698 618 162 108
88 680 691 2 405
89 570 415 302 188
90 46 194 193 182
91 431 634 83 12
92 904 726 127 325
93 507 284 79 157
94 479 154 370 292
95 872 687 306 408
96 233 797 266 284
97 815 86 409 20
98 892 25 135 317
99 883 606 136 26
100 731 778 0 0
endpoint1 endpoint2 weight
1 2 308
1 3 683
1 4 127
1 5 524
1 6 78
1 7 668
1 8 259
1 9 833
1 10 685
1 11 94
1 12 452
1 13 445
1 14 497
1 15 132
1 16 44
1 17 359
1 18 414
1 19 142
1 20 405
1 21 310
1 22 694
1 23 790
1 24 490
1 25 458
1 26 345
1 27 426
1 28 434
1 29 283
1 30 347
1 31 353
1 32 494
1 33 243
1 34 687
1 35 516
1 36 151
1 37 502
1 38 388
1 39 217
1 40 154
1 41 171
1 42 372
1 43 491
1 44 545
1 45 322
1 46 466
1 47 734
1 48 269
1 49 325
1 50 495
1 51 600
1 52 363
1 53 470
1 54 788
1 55 73
1 56 214
1 57 839
1 58 456
1 59 737
1 60 117
1 61 340
1 62 243
1 63 343
1 64 149
1 65 745
1 66 439
1 67 343
1 68 382
1 69 624
1 70 606
1 71 448
1 72 397
1 73 851
1 74 278
1 75 336
1 76 544
1 77 759
1 78 706
1 79 408
1 80 378
1 81 670
1 82 601
1 83 632
1 84 226
1 85 421
1 86 727
1 87 415
1 88 475
1 89 179
1 90 474
1 91 399
1 92 618
1 93 41
1 94 99
1 95 567
1 96 621
1 97 338
1 98 435
1 99 515
1 100 575
2 1 308
2 3 591
2 4 241
2 5 225
2 6 325
2 7 400
2 8 432
2 9 767
2 10 576
2 11 272
2 12 427
2 13 430
2 14 646
2 15 351
2 16 267
2 17 181
2 18 680
2 19 446
2 20 98
2 21 319
2 22 390
2 23 731
2 24 221
2 25 178
2 26 76
2 27 574
2 28 713
2 29 133
2 30 238
2 31 159
2 32 261
2 33 550
2 34 381
2 35 543
2 36 327
2 37 530
2 38 202
2 39 170
2 40 205
2 41 404
2 42 468
2 43 205
2 44 249
2 45 606
2 46 507
2 47 429
2 48 269
2 49 631
2 50 623
2 51 343
2 52 626
2 53 328
2 54 496
2 55 249
2 56 272
2 57 532
2 58 165
2 59 475
2 60 270
2 61 271
2 62 448
2 63 136
2 64 416
2 65 557
2 66 235
2 67 431
2 68 162
2 69 606
2 70 308
2 71 337
2 72 233
2 73 544
2 74 584
2 75 640
2 76 508
2 77 452
2 78 717
2 79 412
2 80 446
2 81 363
2 82 294
2 83 573
2 84 143
2 85 230
2 86 564
2 87 124
2 88 197
2 89 150
2 90 717
2 91 300
2 92 311
2 93 284
2 94 405
2 95 261
2 96 553
2 97 426
2 98 510
2 99 218
2 100 286
3 1 683
3 2 591
3 4 731
3 5 539
3 6 621
3 7 437
3 8 928
3 9 178
3 10 41
3 11 733
3 12 236
3 13 1013
3 14 480
3 15 585
3 16 676
3 17 411
3 18 737
3 19 790
3 20 594
3 21 887
3 22 622
3 23 148
3 24 755
3 25 712
3 26 660
3 27 464
3 28 798
3 29 477
3 30 826
3 31 749
3 32 377
3 33 819
3 34 637
3 35 251
3 36 548
3 37 257
3 38 390
3 39 501
3 40 546
3 41 593
3 42 389
3 43 496
3 44 717
3 45 750
3 46 1077
3 47 643
3 48 832
3 49 859
3 50 435
3 51 402
3 52 702
3 53 264
3 54 576
3 55 620
3 56 809
3 57 725
3 58 514
3 59 433
3 60 748
3 61 355
3 62 553
3 63 726
3 64 830
3 65 228
3 66 815
3 67 977
3 68 434
3 69 154
3 70 742
3 71 258
3 72 823
3 73 760
3 74 877
3 75 852
3 76 158
3 77 707
3 78 239
3 79 286
3 80 1003
3 81 694
3 82 629
3 83 76
3 84 701
3 85 366
3 86 164
3 87 524
3 88 477
3 89 562
3 90 700
3 91 304
3 92 682
3 93 643
3 94 753
3 95 661
3 96 71
3 97 972
3 98 1067
3 99 697
3 100 502
4 1 127
4 2 241
4 3 731
4 5 466
4 6 195
4 7 635
4 8 205
4 9 893
4 10 727
4 11 41
4 12 515
4 13 328
4 14 612
4 15 247
4 16 91
4 17 355
4 18 540
4 19 229
4 20 333
4 21 190
4 22 628
4 23 852
4 24 384
4 25 358
4 26 254
4 27 539
4 28 557
4 29 275
4 30 221
4 31 239
4 32 477
4 33 346
4 34 617
4 35 599
4 36 253
4 37 584
4 38 384
4 39 231
4 40 188
4 41 294
4 42 469
4 43 444
4 44 450
4 45 445
4 46 364
4 47 667
4 48 144
4 49 431
4 50 605
4 51 573
4 52 490
4 53 491
4 54 737
4 55 133
4 56 94
4 57 766
4 58 404
4 59 709
4 60 29
4 61 376
4 62 363
4 63 233
4 64 179
4 65 756
4 66 320
4 67 250
4 68 363
4 69 696
4 70 511
4 71 479
4 72 274
4 73 775
4 74 367
4 75 445
4 76 607
4 77 683
4 78 789
4 79 478
4 80 280
4 81 589
4 82 527
4 83 690
4 84 118
4 85 418
4 86 748
4 87 363
4 88 433
4 89 172
4 90 601
4 91 430
4 92 535
4 93 139
4 94 196
4 95 485
4 96 676
4 97 245
4 98 343
4 99 422
4 100 526
5 1 524
5 2 225
5 3 539
5 4 466
5 6 525
5 7 199
5 8 651
5 9 713
5 10 511
5 11 497
5 12 465
5 13 597
5 14 757
5 15 538
5 16 486
5 17 231
5 18 856
5 19 664
5 20 138
5 21 514
5 22 173
5 23 687
5 24 241
5 25 209
5 26 234
5 27 692
5 28 898
5 29 266
5 30 407
5 31 313
5 32 166
5 33 762
5 34 170
5 35 590
5 36 505
5 37 580
5 38 222
5 39 336
5 40 394
5 41 586
5 42 574
5 43 52
5 44 181
5 45 797
5 46 687
5 47 213
5 48 472
5 49 840
5 50 723
5 51 167
5 52 802
5 53 305
5 54 272
5 55 458
5 56 487
5 57 320
5 58 71
5 59 274
5 60 494
5 61 344
5 62 613
5 63 296
5 64 640
5 65 422
5 66 336
5 67 634
5 68 186
5 69 610
5 70 204
5 71 340
5 72 369
5 73 338
5 74 801
5 75 847
5 76 518
5 77 250
5 78 727
5 79 475
5 80 642
5 81 184
5 82 105
5 83 550
5 84 361
5 85 217
5 86 453
5 87 109
5 88 76
5 89 349
5 90 877
5 91 332
5 92 152
5 93 494
5 94 622
5 95 122
5 96 527
5 97 630
5 98 701
5 99 168
5 100 70
6 1 78
6 2 325
6 3 621
6 4 195
6 5 525
6 7 650
6 8 335
6 9 765
6 10 627
6 11 167
6 12 387
6 13 519
6 14 421
6 15 54
6 16 104
6 17 334
6 18 363
6 19 174
6 20 420
6 21 383
6 22 697
6 23 722
6 24 526
6 25 490
6 26 375
6 27 349
6 28 392
6 29 266
6 30 407
6 31 400
6 32 471
6 33 243
6 34 693
6 35 442
6 36 77
6 37 429
6 38 361
6 39 195
6 40 132
6 41 100
6 42 295
6 43 487
6 44 571
6 45 283
6 46 544
6 47 737
6 48 338
6 49 316
6 50 417
6 51 580
6 52 310
6 53 427
6 54 779
6 55 81
6 56 286
6 57 844
6 58 455
6 59 715
6 60 190
6 61 292
6 62 169
6 63 386
6 64 212
6 65 702
6 66 489
6 67 420
6 68 364
6 69 554
6 70 631
6 71 399
6 72 452
6 73 860
6 74 290
6 75 322
6 76 477
6 77 769
6 78 631
6 79 341
6 80 455
6 81 684
6 82 611
6 83 567
6 84 274
6 85 392
6 86 678
6 87 417
6 88 468
6 89 178
6 90 414
6 91 351
6 92 634
6 93 57
6 94 134
6 95 584
6 96 558
6 97 416
6 98 513
6 99 540
6 100 569
7 1 668
7 2 400
7 3 437
7 4 635
7 5 199
7 6 650
7 8 831
7 9 594
7 10 401
7 11 661
7 12 458
7 13 796
7 14 778
7 15 648
7 16 636
7 17 317
7 18 937
7 19 809
7 20 330
7 21 708
7 22 191
7 23 577
7 24 434
7 25 406
7 26 427
7 27 725
7 28 987
7 29 387
7 30 604
7 31 510
7 32 182
7 33 892
7 34 210
7 35 570
7 36 610
7 37 565
7 38 292
7 39 457
7 40 521
7 41 689
7 42 608
7 43 198
7 44 361
7 45 898
7 46 884
7 47 207
7 48 662
7 49 963
7 50 738
7 51 72
7 52 887
7 53 290
7 54 154
7 55 597
7 56 671
7 57 291
7 58 238
7 59 76
7 60 663
7 61 397
7 62 696
7 63 492
7 64 800
7 65 258
7 66 534
7 67 825
7 68 287
7 69 550
7 70 359
7 71 335
7 72 568
7 73 325
7 74 938
7 75 966
7 76 475
7 77 271
7 78 661
7 79 487
7 80 836
7 81 279
7 82 235
7 83 474
7 84 542
7 85 264
7 86 307
7 87 278
7 88 204
7 89 490
7 90 940
7 91 356
7 92 286
7 93 633
7 94 766
7 95 288
7 96 451
7 97 821
7 98 897
7 99 357
7 100 130
8 1 259
8 2 432
8 3 928
8 4 205
8 5 651
8 6 335
8 7 831
8 9 1085
8 10 927
8 11 196
8 12 705
8 13 264
8 14 742
8 15 387
8 16 255
8 17 559
8 18 590
8 19 238
8 20 513
8 21 185
8 22 801
8 23 1043
8 24 515
8 25 503
8 26 421
8 27 674
8 28 586
8 29 479
8 30 298
8 31 368
8 32 679
8 33 340
8 34 787
8 35 774
8 36 409
8 37 760
8 38 588
8 39 433
8 40 383
8 41 416
8 42 630
8 43 636
8 44 596
8 45 484
8 46 240
8 47 838
8 48 197
8 49 413
8 50 745
8 51 771
8 52 551
8 53 694
8 54 921
8 55 310
8 56 165
8 57 931
8 58 596
8 59 906
8 60 183
8 61 576
8 62 488
8 63 374
8 64 149
8 65 960
8 66 418
8 67 118
8 68 566
8 69 881
8 70 653
8 71 681
8 72 362
8 73 934
8 74 326
8 75 433
8 76 797
8 77 845
8 78 964
8 79 663
8 80 155
8 81 747
8 82 696
8 83 883
8 84 291
8 85 622
8 86 952
8 87 555
8 88 628
8 89 375
8 90 669
8 91 632
8 92 693
8 93 294
8 94 241
8 95 646
8 96 871
8 97 116
8 98 194
8 99 572
8 100 715
9 1 833
9 2 767
9 3 178
9 4 893
9 5 713
9 6 765
9 7 594
9 8 1085
9 10 203
9 11 891
9 12 381
9 13 1185
9 14 532
9 15 723
9 16 831
9 17 587
9 18 816
9 19 928
9 20 771
9 21 1056
9 22 783
9 23 45
9 24 932
9 25 889
9 26 836
9 27 540
9 28 877
9 29 649
9 30 1001
9 31 925
9 32 553
9 33 940
9 34 800
9 35 341
9 36 690
9 37 352
9 38 566
9 39 667
9 40 706
9 41 721
9 42 498
9 43 671
9 44 892
9 45 849
9 46 1246
9 47 800
9 48 1001
9 49 969
9 50 492
9 51 568
9 52 789
9 53 441
9 54 719
9 55 776
9 56 975
9 57 874
9 58 690
9 59 576
9 60 908
9 61 521
9 62 670
9 63 902
9 64 976
9 65 351
9 66 992
9 67 1142
9 68 610
9 69 219
9 70 915
9 71 431
9 72 999
9 73 910
9 74 998
9 75 958
9 76 289
9 77 864
9 78 210
9 79 425
9 80 1169
9 81 861
9 82 799
9 83 203
9 84 872
9 85 543
9 86 291
9 87 702
9 88 653
9 89 728
9 90 762
9 91 474
9 92 853
9 93 794
9 94 894
9 95 834
9 96 218
9 97 1137
9 98 1233
9 99 873
9 100 672
10 1 685
10 2 576
10 3 41
10 4 727
10 5 511
10 6 627
10 7 401
10 8 927
10 9 203
10 11 731
10 12 248
10 13 1001
10 14 511
10 15 593
10 16 676
10 17 397
10 18 762
10 19 798
10 20 572
10 21 877
10 22 587
10 23 179
10 24 731
10 25 689
10 26 642
10 27 490
10 28 821
10 29 466
10 30 812
10 31 732
10 32 351
10 33 832
10 34 603
10 35 279
10 36 556
10 37 284
10 38 374
10 39 496
10 40 545
10 41 605
10 42 409
10 43 469
10 44 690
10 45 769
10 46 1068
10 47 607
10 48 822
10 49 876
10 50 466
10 51 368
10 52 724
10 53 249
10 54 537
10 55 621
10 56 802
10 57 687
10 58 489
10 59 394
10 60 745
10 61 352
10 62 569
10 63 710
10 64 833
10 65 188
10 66 796
10 67 971
10 68 416
10 69 191
10 70 713
10 71 249
10 72 806
10 73 723
10 74 889
10 75 870
10 76 179
10 77 671
10 78 279
10 79 299
10 80 995
10 81 662
10 82 598
10 83 109
10 84 691
10 85 348
10 86 124
10 87 502
10 88 451
10 89 556
10 90 728
10 91 297
10 92 651
10 93 645
10 94 760
10 95 631
10 96 97
10 97 966
10 98 1060
10 99 671
10 100 471
11 1 94
11 2 272
11 3 733
11 4 41
11 5 497
11 6 167
11 7 661
11 8 196
11 9 891
11 10 731
11 12 511
11 13 353
11 14 587
11 15 221
11 16 66
11 17 370
11 18 503
11 19 189
11 20 367
11 21 217
11 22 661
11 23 849
11 24 424
11 25 397
11 26 291
11 27 515
11 28 518
11 29 290
11 30 259
11 31 279
11 32 497
11 33 306
11 34 651
11 35 588
11 36 232
11 37 574
11 38 400
11 39 238
11 40 187
11 41 264
11 42 452
11 43 472
11 44 489
11 45 406
11 46 380
11 47 700
11 48 176
11 49 390
11 50 583
11 51 596
11 52 453
11 53 500
11 54 767
11 55 119
11 56 121
11 57 801
11 58 433
11 59 733
11 60 24
11 61 380
11 62 335
11 63 273
11 64 144
11 65 769
11 66 360
11 67 260
11 68 383
11 69 690
11 70 549
11 71 485
11 72 314
11 73 810
11 74 327
11 75 404
11 76 603
11 77 718
11 78 778
11 79 471
11 80 293
11 81 625
11 82 562
11 83 689
11 84 157
11 85 434
11 86 759
11 87 392
11 88 460
11 89 183
11 90 566
11 91 436
11 92 571
11 93 114
11 94 156
11 95 521
11 96 676
11 97 255
11 98 353
11 99 460
11 100 555
12 1 452
12 2 427
12 3 236
12 4 515
12 5 465
12 6 387
12 7 458
12 8 705
12 9 381
12 10 248
12 11 511
12 13 820
12 14 322
12 15 349
12 16 451
12 17 260
12 18 529
12 19 555
12 20 464
12 21 686
12 22 603
12 23 339
12 24 628
12 25 583
12 26 502
12 27 277
12 28 587
12 29 296
12 30 646
12 31 582
12 32 310
12 33 585
12 34 611
12 35 125
12 36 313
12 37 115
12 38 254
12 39 295
12 40 327
12 41 357
12 42 172
12 43 414
12 44 617
12 45 525
12 46 873
12 47 635
12 48 631
12 49 629
12 50 281
12 51 395
12 52 487
12 53 171
12 54 612
12 55 395
12 56 600
12 57 736
12 58 413
12 59 492
12 60 529
12 61 158
12 62 322
12 63 560
12 64 598
12 65 374
12 66 662
12 67 765
12 68 299
12 69 185
12 70 658
12 71 129
12 72 656
12 73 765
12 74 642
12 75 623
12 76 93
12 77 691
12 78 290
12 79 52
12 80 793
12 81 646
12 82 569
12 83 180
12 84 508
12 85 250
12 86 329
12 87 405
12 88 390
12 89 355
12 90 509
12 91 138
12 92 617
12 93 414
12 94 519
12 95 581
12 96 171
12 97 760
12 98 857
12 99 590
12 100 459
13 1 445
13 2 430
13 3 1013
13 4 328
13 5 597
13 6 519
13 7 796
13 8 264
13 9 1185
13 10 1001
13 11 353
13 12 820
13 14 939
13 15 572
13 16 416
13 17 605
13 18 835
13 19 484
13 20 469
13 21 139
13 22 707
13 23 1146
13 24 386
13 25 398
13 26 377
13 27 866
13 28 837
13 29 537
13 30 196
13 31 288
13 32 688
13 33 595
13 34 688
13 35 916
13 36 580
13 37 902
13 38 629
13 39 525
13 40 502
13 41 616
13 42 794
13 43 604
13 44 475
13 45 730
13 46 98
13 47 738
13 48 191
13 49 673
13 50 932
13 51 752
13 52 790
13 53 753
13 54 844
13 55 460
13 56 235
13 57 811
13 58 566
13 59 870
13 60 329
13 61 667
13 62 687
13 63 308
13 64 395
13 65 985
13 66 274
13 67 149
13 68 592
13 69 1004
13 70 518
13 71 756
13 72 230
13 73 804
13 74 588
13 75 692
13 76 909
13 77 725
13 78 1104
13 79 789
13 80 119
13 81 628
13 82 603
13 83 985
13 84 314
13 85 659
13 86 994
13 87 533
13 88 606
13 89 465
13 90 907
13 91 712
13 92 579
13 93 465
13 94 473
13 95 544
13 96 968
13 97 150
13 98 138
13 99 463
13 100 667
14 1 497
14 2 646
14 3 480
14 4 612
14 5 757
14 6 421
14 7 778
14 8 742
14 9 532
14 10 511
14 11 587
14 12 322
14 13 939
14 15 367
14 16 523
14 17 528
14 18 291
14 19 520
14 20 715
14 21 802
14 22 910
14 23 491
14 24 866
14 25 822
14 26 719
14 27 75
14 28 351
14 29 522
14 30 808
14 31 776
14 32 618
14 33 479
14 34 915
14 35 233
14 36 361
14 37 232
14 38 535
14 39 478
14 40 463
14 41 328
14 42 184
14 43 705
14 44 879
14 45 350
14 46 962
14 47 945
14 48 754
14 49 479
14 50 45
14 51 712
14 52 277
14 53 488
14 54 931
14 55 482
14 56 705
14 57 1049
14 58 694
14 59 813
14 60 610
14 61 413
14 62 255
14 63 757
14 64 599
14 65 677
14 66 866
14 67 838
14 68 573
14 69 334
14 70 930
14 71 444
14 72 841
14 73 1076
14 74 534
14 75 463
14 76 339
14 77 996
14 78 331
14 79 291
14 80 874
14 81 940
14 82 861
14 83 405
14 84 664
14 85 545
14 86 622
14 87 673
14 88 681
14 89 517
14 90 231
14 91 432
14 92 903
14 93 475
14 94 504
14 95 860
14 96 414
14 97 833
14 98 929
14 99 849
14 100 764
15 1 132
15 2 351
15 3 585
15 4 247
15 5 538
15 6 54
15 7 648
15 8 387
15 9 723
15 10 593
15 11 221
15 12 349
15 13 572
15 14 367
15 16 157
15 17 332
15 18 329
15 19 206
15 20 443
15 21 436
15 22 710
15 23 679
15 24 561
15 25 522
15 26 408
15 27 295
15 28 364
15 29 273
15 30 455
15 31 441
15 32 467
15 33 251
15 34 707
15 35 395
15 36 41
15 37 381
15 38 357
15 39 202
15 40 148
15 41 54
15 42 244
15 43 496
15 44 600
15 45 260
15 46 597
15 47 750
15 48 390
15 49 316
15 50 364
15 51 577
15 52 275
15 53 407
15 54 783
15 55 123
15 56 339
15 57 857
15 58 467
15 59 711
15 60 244
15 61 272
15 62 117
15 63 426
15 64 258
15 65 680
15 66 531
15 67 474
15 68 367
15 69 509
15 70 658
15 71 376
15 72 497
15 73 875
15 74 304
15 75 318
15 76 437
15 77 785
15 78 583
15 79 301
15 80 509
15 81 704
15 82 629
15 83 527
15 84 317
15 85 386
15 86 652
15 87 431
15 88 476
15 89 202
15 90 373
15 91 330
15 92 656
15 93 109
15 94 171
15 95 606
15 96 519
15 97 469
15 98 566
15 99 568
15 100 576
16 1 44
16 2 267
16 3 676
16 4 91
16 5 486
16 6 104
16 7 636
16 8 255
16 9 831
16 10 676
16 11 66
16 12 451
16 13 416
16 14 523
16 15 157
16 17 333
16 18 455
16 19 179
16 20 364
16 21 280
16 22 655
16 23 789
16 24 446
16 25 414
16 26 302
16 27 450
16 28 477
16 29 254
16 30 306
16 31 310
16 32 465
16 33 285
16 34 647
16 35 523
16 36 166
16 37 509
16 38 362
16 39 193
16 40 134
16 41 203
16 42 386
16 43 455
16 44 502
16 45 365
16 46 446
16 47 695
16 48 234
16 49 368
16 50 517
16 51 569
16 52 404
16 53 453
16 54 752
16 55 56
16 56 183
16 57 799
16 58 419
16 59 706
16 60 89
16 61 326
16 62 273
16 63 299
16 64 168
16 65 726
16 66 396
16 67 325
16 68 352
16 69 627
16 70 563
16 71 434
16 72 355
16 73 811
16 74 318
16 75 379
16 76 543
16 77 719
16 78 714
16 79 409
16 80 359
16 81 629
16 82 561
16 83 629
16 84 182
16 85 396
16 86 711
16 87 377
16 88 440
16 89 146
16 90 513
16 91 384
16 92 576
16 93 49
16 94 138
16 95 526
16 96 617
16 97 321
16 98 419
16 99 471
16 100 539
17 1 359
17 2 181
17 3 411
17 4 355
17 5 231
17 6 334
17 7 317
17 8 559
17 9 587
17 10 397
17 11 370
17 12 260
17 13 605
17 14 528
17 15 332
17 16 333
17 18 634
17 19 497
17 20 204
17 21 484
17 22 395
17 23 551
17 24 369
17 25 324
17 26 252
17 27 462
17 28 680
17 29 81
17 30 416
17 31 339
17 32 137
17 33 576
17 34 396
17 35 382
17 36 295
17 37 371
17 38 30
17 39 143
17 40 207
17 41 374
17 42 345
17 43 181
17 44 360
17 45 586
17 46 675
17 47 432
17 48 430
17 49 646
17 50 497
17 51 246
17 52 582
17 53 149
17 54 453
17 55 287
17 56 417
17 57 540
17 58 166
17 59 382
17 60 379
17 61 117
17 62 390
17 63 316
17 64 500
17 65 402
17 66 411
17 67 585
17 68 45
17 69 432
17 70 406
17 71 158
17 72 413
17 73 563
17 74 623
17 75 650
17 76 333
17 77 477
17 78 545
17 79 257
17 80 606
17 81 413
17 82 334
17 83 393
17 84 297
17 85 64
17 86 398
17 87 148
17 88 157
17 89 188
17 90 650
17 91 125
17 92 375
17 93 322
17 94 454
17 95 333
17 96 374
17 97 580
17 98 671
17 99 333
17 100 252
18 1 414
18 2 680
18 3 737
18 4 540
18 5 856
18 6 363
18 7 937
18 8 590
18 9 816
18 10 762
18 11 503
18 12 529
18 13 835
18 14 291
18 15 329
18 16 455
18 17 634
18 19 354
18 20 770
18 21 710
18 22 1026
18 23 774
18 24 888
18 25 850
18 26 736
18 27 278
18 28 61
18 29 591
18 30 760
18 31 762
18 32 758
18 33 260
18 34 1025
18 35 489
18 36 355
18 37 482
18 38 653
18 39 524
18 40 476
18 41 276
18 42 358
18 43 810
18 44 928
18 45 108
18 46 829
18 47 1065
18 48 676
18 49 219
18 50 327
18 51 866
18 52 55
18 53 660
18 54 1083
18 55 443
18 56 620
18 57 1173
18 58 786
18 59 990
18 60 525
18 61 541
18 62 245
18 63 749
18 64 444
18 65 902
18 66 850
18 67 704
18 68 675
18 69 606
18 70 987
18 71 618
18 72 810
18 73 1194
18 74 299
18 75 199
18 76 583
18 77 1105
18 78 620
18 79 482
18 80 742
18 81 1029
18 82 952
18 83 664
18 84 635
18 85 676
18 86 857
18 87 753
18 88 788
18 89 530
18 90 90
18 91 586
18 92 982
18 93 416
18 94 363
18 95 933
18 96 668
18 97 701
18 98 784
18 99 897
18 100 886
19 1 142
19 2 446
19 3 790
19 4 229
19 5 664
19 6 174
19 7 809
19 8 238
19 9 928
19 10 798
19 11 189
19 12 555
19 13 484
19 14 520
19 15 206
19 16 179
19 17 497
19 18 354
19 20 543
19 21 367
19 22 834
19 23 884
19 24 612
19 25 584
19 26 475
19 27 458
19 28 354
19 29 423
19 30 439
19 31 467
19 32 633
19 33 119
19 34 826
19 35 595
19 36 243
19 37 582
19 38 525
19 39 355
19 40 290
19 41 211
19 42 439
19 43 632
19 44 675
19 45 248
19 46 476
19 47 874
19 48 342
19 49 204
19 50 530
19 51 740
19 52 313
19 53 599
19 54 929
19 55 212
19 56 285
19 57 978
19 58 597
19 59 877
19 60 204
19 61 465
19 62 276
19 63 461
19 64 91
19 65 874
19 66 546
19 67 351
19 68 522
19 69 712
19 70 736
19 71 572
19 72 497
19 73 989
19 74 140
19 75 220
19 76 642
19 77 897
19 78 779
19 79 506
19 80 389
19 81 806
19 82 739
19 83 733
19 84 345
19 85 558
19 86 851
19 87 556
19 88 617
19 89 320
19 90 431
19 91 524
19 92 753
19 93 177
19 94 44
19 95 703
19 96 725
19 97 347
19 98 432
19 99 645
19 100 716
20 1 405
20 2 98
20 3 594
20 4 333
20 5 138
20 6 420
20 7 330
20 8 513
20 9 771
20 10 572
20 11 367
20 12 464
20 13 469
20 14 715
20 15 443
20 16 364
20 17 204
20 18 770
20 19 543
20 21 378
20 22 295
20 23 739
20 24 166
20 25 121
20 26 97
20 27 645
20 28 806
20 29 194
20 30 275
20 31 182
20 32 229
20 33 647
20 34 285
20 35 586
20 36 416
20 37 574
20 38 214
20 39 250
20 40 296
20 41 495
20 42 533
20 43 135
20 44 165
20 45 700
20 46 555
20 47 334
20 48 334
20 49 728
20 50 688
20 51 283
20 52 716
20 53 334
20 54 408
20 55 345
20 56 349
20 57 436
20 58 98
20 59 406
20 60 362
20 61 316
20 62 534
20 63 163
20 64 510
20 65 522
20 66 226
20 67 497
20 68 168
20 69 633
20 70 219
20 71 355
20 72 247
20 73 447
20 74 681
20 75 737
20 76 535
20 77 355
20 78 747
20 79 459
20 80 506
20 81 266
20 82 197
20 83 588
20 84 224
20 85 230
20 86 540
20 87 71
20 88 138
20 89 243
20 90 803
20 91 328
20 92 215
20 93 381
20 94 502
20 95 165
20 96 566
20 97 492
20 98 567
20 99 134
20 100 206
21 1 310
21 2 319
21 3 887
21 4 190
21 5 514
21 6 383
21 7 708
21 8 185
21 9 1056
21 10 877
21 11 217
21 12 686
21 13 139
21 14 802
21 15 436
21 16 280
21 17 484
21 18 710
21 19 367
21 20 378
21 22 647
21 23 1017
21 24 342
21 25 338
21 26 282
21 27 729
21 28 718
21 29 412
21 30 121
21 31 207
21 32 580
21 33 484
21 34 631
21 35 779
21 36 442
21 37 765
21 38 510
21 39 392
21 40 365
21 41 481
21 42 656
21 43 511
21 44 428
21 45 608
21 46 192
21 47 683
21 48 56
21 49 565
21 50 795
21 51 657
21 52 663
21 53 631
21 54 777
21 55 322
21 56 97
21 57 768
21 58 472
21 59 783
21 60 194
21 61 537
21 62 551
21 63 220
21 64 284
21 65 875
21 66 238
21 67 122
21 68 477
21 69 870
21 70 482
21 71 630
21 72 182
21 73 767
21 74 486
21 75 583
21 76 777
21 77 681
21 78 968
21 79 654
21 80 129
21 81 582
21 82 541
21 83 855
21 84 187
21 85 542
21 86 879
21 87 434
21 88 509
21 89 331
21 90 779
21 91 584
21 92 530
21 93 328
21 94 349
21 95 487
21 96 838
21 97 118
21 98 191
21 99 408
21 100 583
22 1 694
22 2 390
22 3 622
22 4 628
22 5 173
22 6 697
22 7 191
22 8 801
22 9 783
22 10 587
22 11 661
22 12 603
22 13 707
22 14 910
22 15 710
22 16 655
22 17 395
22 18 1026
22 19 834
22 20 295
22 21 647
22 23 764
22 24 321
22 25 312
22 26 381
22 27 849
22 28 1069
22 29 438
22 30 531
22 31 441
22 32 293
22 33 934
22 34 23
22 35 724
22 36 677
22 37 716
22 38 380
22 39 509
22 40 567
22 41 758
22 42 730
22 43 216
22 44 233
22 45 969
22 46 802
22 47 40
22 48 612
22 49 1012
22 50 874
22 51 222
22 52 973
22 53 432
22 54 142
22 55 629
22 56 637
22 57 148
22 58 244
22 59 233
22 60 656
22 61 502
22 62 782
22 63 430
22 64 804
22 65 448
22 66 433
22 67 769
22 68 352
22 69 722
22 70 205
22 71 474
22 72 480
22 73 169
22 74 971
22 75 1019
22 76 638
22 77 89
22 78 836
22 79 621
22 80 771
22 81 100
22 82 107
22 83 651
22 84 516
22 85 366
22 86 497
22 87 281
22 88 239
22 89 521
22 90 1044
22 91 479
22 92 132
22 93 666
22 94 792
22 95 163
22 96 628
22 97 765
22 98 825
22 99 245
22 100 146
23 1 790
23 2 731
23 3 148
23 4 852
23 5 687
23 6 722
23 7 577
23 8 1043
23 9 45
23 10 179
23 11 849
23 12 339
23 13 1146
23 14 491
23 15 679
23 16 789
23 17 551
23 18 774
23 19 884
23 20 739
23 21 1017
23 22 764
23 24 901
23 25 858
23 26 801
23 27 497
23 28 835
23 29 610
23 30 964
23 31 889
23 32 524
23 33 896
23 34 781
23 35 297
23 36 646
23 37 308
23 38 532
23 39 626
23 40 664
23 41 677
23 42 454
23 43 643
23 44 864
23 45 805
23 46 1206
23 47 783
23 48 962
23 49 925
23 50 450
23 51 547
23 52 746
23 53 407
23 54 708
23 55 733
23 56 935
23 57 861
23 58 660
23 59 564
23 60 866
23 61 481
23 62 625
23 63 866
23 64 933
23 65 343
23 66 958
23 67 1101
23 68 576
23 69 175
23 70 889
23 71 394
23 72 964
23 73 896
23 74 954
23 75 914
23 76 247
23 77 847
23 78 175
23 79 382
23 80 1128
23 81 840
23 82 775
23 83 162
23 84 833
23 85 510
23 86 280
23 87 670
23 88 624
23 89 687
23 90 721
23 91 436
23 92 829
23 93 751
23 94 850
23 95 808
23 96 179
23 97 1096
23 98 1192
23 99 844
23 100 649
24 1 490
24 2 221
24 3 755
24 4 384
24 5 241
24 6 526
24 7 434
24 8 515
24 9 932
24 10 731
24 11 424
24 12 628
24 13 386
24 14 866
24 15 561
24 16 446
24 17 369
24 18 888
24 19 612
24 20 166
24 21 342
24 22 321
24 23 901
24 25 46
24 26 153
24 27 794
24 28 917
24 29 348
24 30 222
24 31 150
24 32 381
24 33 727
24 34 302
24 35 749
24 36 541
24 37 737
24 38 379
24 39 390
24 40 420
24 41 614
24 42 687
24 43 268
24 44 90
24 45 807
24 46 482
24 47 352
24 48 318
24 49 812
24 50 842
24 51 407
24 52 835
24 53 497
24 54 460
24 55 446
24 56 358
24 57 429
24 58 243
24 59 505
24 60 411
24 61 477
24 62 665
24 63 152
24 64 557
24 65 661
24 66 113
24 67 461
24 68 333
24 69 798
24 70 140
24 71 520
24 72 164
24 73 426
24 74 751
24 75 824
24 76 700
24 77 342
24 78 912
24 79 621
24 80 458
24 81 244
24 82 219
24 83 751
24 84 268
24 85 394
24 86 687
24 87 232
24 88 282
24 89 363
24 90 931
24 91 493
24 92 194
24 93 477
24 94 577
24 95 160
24 96 730
24 97 458
24 98 509
24 99 79
24 100 306
25 1 458
25 2 178
25 3 712
25 4 358
25 5 209
25 6 490
25 7 406
25 8 503
25 9 889
25 10 689
25 11 397
25 12 583
25 13 398
25 14 822
25 15 522
25 16 414
25 17 324
25 18 850
25 19 584
25 20 121
25 21 338
25 22 312
25 23 858
25 24 46
25 26 115
25 27 750
25 28 881
25 29 303
25 30 220
25 31 135
25 32 341
25 33 697
25 34 295
25 35 704
25 36 501
25 37 692
25 38 335
25 39 347
25 40 379
25 41 576
25 42 642
25 43 231
25 44 94
25 45 771
25 46 492
25 47 346
25 48 308
25 49 781
25 50 798
25 51 374
25 52 797
25 53 453
25 54 447
25 55 410
25 56 342
25 57 431
25 58 203
25 59 479
25 60 386
25 61 432
25 62 624
25 63 130
25 64 534
25 65 625
25 66 128
25 67 459
25 68 288
25 69 754
25 70 154
25 71 476
25 72 169
25 73 432
25 74 723
25 75 793
25 76 655
25 77 344
25 78 868
25 79 576
25 80 460
25 81 245
25 82 206
25 83 708
25 84 240
25 85 350
25 86 649
25 87 188
25 88 243
25 89 323
25 90 892
25 91 448
25 92 192
25 93 442
25 94 547
25 95 150
25 96 686
25 97 456
25 98 514
25 99 70
25 100 277
26 1 345
26 2 76
26 3 660
26 4 254
26 5 234
26 6 375
26 7 427
26 8 421
26 9 836
26 10 642
26 11 291
26 12 502
26 13 377
26 14 719
26 15 408
26 16 302
26 17 252
26 18 736
26 19 475
26 20 97
26 21 282
26 22 381
26 23 801
26 24 153
26 25 115
26 27 645
26 28 766
26 29 209
26 30 182
26 31 92
26 32 312
26 33 586
26 34 368
26 35 618
26 36 388
26 37 605
26 38 270
26 39 241
26 40 267
26 41 462
26 42 541
26 43 230
26 44 201
26 45 657
26 46 460
26 47 419
26 48 238
26 49 669
26 50 697
26 51 378
26 52 683
26 53 396
26 54 501
26 55 296
26 56 257
26 57 515
26 58 192
26 59 502
26 60 282
26 61 346
26 62 512
26 63 70
26 64 432
26 65 609
26 66 160
26 67 400
26 68 227
26 69 681
26 70 261
26 71 409
26 72 164
26 73 522
26 74 615
26 75 680
26 76 582
26 77 431
26 78 791
26 79 488
26 80 410
26 81 336
26 82 277
26 83 644
26 84 137
26 85 295
26 86 622
26 87 157
26 88 231
26 89 210
26 90 779
26 91 373
26 92 282
26 93 328
26 94 437
26 95 232
26 96 625
26 97 396
26 98 471
26 99 170
26 100 302
27 1 426
27 2 574
27 3 464
27 4 539
27 5 692
27 6 349
27 7 725
27 8 674
27 9 540
27 10 490
27 11 515
27 12 277
27 13 866
27 14 75
27 15 295
27 16 450
27 17 462
27 18 278
27 19 458
27 20 645
27 21 729
27 22 849
27 23 497
27 24 794
27 25 750
27 26 645
27 28 339
27 29 451
27 30 734
27 31 702
27 32 559
27 33 430
27 34 853
27 35 214
27 36 287
27 37 207
27 38 471
27 39 405
27 40 389
27 41 259
27 42 119
27 43 641
27 44 809
27 45 314
27 46 892
27 47 884
27 48 680
27 49 440
27 50 72
27 51 657
27 52 250
27 53 435
27 54 877
27 55 408
27 56 632
27 57 990
27 58 627
27 59 765
27 60 538
27 61 348
27 62 187
27 63 683
27 64 534
27 65 645
27 66 792
27 67 768
27 68 507
27 69 329
27 70 861
27 71 390
27 72 767
27 73 1016
27 74 486
27 75 427
27 76 313
27 77 934
27 78 351
27 79 239
27 80 803
27 81 875
27 82 795
27 83 389
27 84 590
27 85 483
27 86 593
27 87 605
27 88 617
27 89 443
27 90 238
27 91 373
27 92 836
27 93 402
27 94 439
27 95 792
27 96 395
27 97 763
27 98 859
27 99 779
27 100 703
28 1 434
28 2 713
28 3 798
28 4 557
28 5 898
28 6 392
28 7 987
28 8 586
28 9 877
28 10 821
28 11 518
28 12 587
28 13 837
28 14 351
28 15 364
28 16 477
28 17 680
28 18 61
28 19 354
28 20 806
28 21 718
28 22 1069
28 23 835
28 24 917
28 25 881
28 26 766
28 27 339
28 29 632
28 30 777
28 31 785
28 32 807
28 33 247
28 34 1068
28 35 550
28 36 394
28 37 542
28 38 700
28 39 563
28 40 511
28 41 313
28 42 416
28 43 854
28 44 962
28 45 113
28 46 825
28 47 1108
28 48 688
28 49 190
28 50 388
28 51 916
28 52 102
28 53 714
28 54 1131
28 55 471
28 56 631
28 57 1216
28 58 827
28 59 1041
28 60 539
28 61 591
28 62 292
28 63 774
28 64 443
28 65 960
28 66 872
28 67 702
28 68 720
28 69 667
28 70 1021
28 71 672
28 72 830
28 73 1236
28 74 276
28 75 168
28 76 643
28 77 1146
28 78 680
28 79 539
28 80 739
28 81 1068
28 82 992
28 83 724
28 84 658
28 85 724
28 86 915
28 87 793
28 88 832
28 89 565
28 90 136
28 91 638
28 92 1019
28 93 441
28 94 370
28 95 970
28 96 728
28 97 699
28 98 777
28 99 930
28 100 931
29 1 283
29 2 133
29 3 477
29 4 275
29 5 266
29 6 266
29 7 387
29 8 479
29 9 649
29 10 466
29 11 290
29 12 296
29 13 537
29 14 522
29 15 273
29 16 254
29 17 81
29 18 591
29 19 423
29 20 194
29 21 412
29 22 438
29 23 610
29 24 348
29 25 303
29 26 209
29 27 451
29 28 632
29 30 354
29 31 287
29 32 212
29 33 508
29 34 436
29 35 410
29 36 239
29 37 397
29 38 110
29 39 72
29 40 135
29 41 320
29 42 340
29 43 224
29 44 358
29 45 532
29 46 603
29 47 478
29 48 357
29 49 582
29 50 496
29 51 318
29 52 537
29 53 221
29 54 513
29 55 211
29 56 340
29 57 585
29 58 196
29 59 455
29 60 298
29 61 139
29 62 349
29 63 265
29 64 421
29 65 482
29 66 368
29 67 508
29 68 100
29 69 477
29 70 412
29 71 219
29 72 361
29 73 604
29 74 552
29 75 587
29 76 380
29 77 515
29 78 586
29 79 279
29 80 531
29 81 440
29 82 362
29 83 450
29 84 225
29 85 145
29 86 475
29 87 163
29 88 204
29 89 109
29 90 616
29 91 175
29 92 395
29 93 247
29 94 380
29 95 348
29 96 432
29 97 503
29 98 596
29 99 328
29 100 304
30 1 347
30 2 238
30 3 826
30 4 221
30 5 407
30 6 407
30 7 604
30 8 298
30 9 1001
30 10 812
30 11 259
30 12 646
30 13 196
30 14 808
30 15 455
30 16 306
30 17 416
30 18 760
30 19 439
30 20 275
30 21 121
30 22 531
30 23 964
30 24 222
30 25 220
30 26 182
30 27 734
30 28 777
30 29 354
30 31 94
30 32 493
30 33 557
30 34 514
30 35 751
30 36 450
30 37 737
30 38 439
30 39 355
30 40 349
30 41 506
30 42 647
30 43 410
30 44 308
30 45 665
30 46 281
30 47 565
30 48 105
30 49 642
30 50 795
30 51 558
30 52 709
30 53 564
30 54 663
30 55 333
30 56 156
30 57 648
30 58 372
30 59 679
30 60 239
30 61 490
30 62 571
30 63 113
30 64 367
30 65 789
30 66 121
30 67 240
30 68 399
30 69 829
30 70 361
30 71 570
30 72 65
30 73 647
30 74 569
30 75 658
30 76 733
30 77 561
30 78 934
30 79 621
30 80 241
30 81 463
30 82 425
30 83 803
30 84 146
30 85 467
30 86 800
30 87 338
30 88 412
30 89 301
30 90 819
30 91 529
30 92 410
30 93 350
30 94 411
30 95 369
30 96 785
30 97 237
30 98 297
30 99 289
30 100 476
31 1 353
31 2 159
31 3 749
31 4 239
31 5 313
31 6 400
31 7 510
31 8 368
31 9 925
31 10 732
31 11 279
31 12 582
31 13 288
31 14 776
31 15 441
31 16 310
31 17 339
31 18 762
31 19 467
31 20 182
31 21 207
31 22 441
31 23 889
31 24 150
31 25 135
31 26 92
31 27 702
31 28 785
31 29 287
31 30 94
31 32 404
31 33 584
31 34 426
31 35 694
31 36 428
31 37 681
31 38 359
31 39 304
31 40 314
31 41 494
31 42 605
31 43 317
31 44 228
31 45 674
31 46 375
31 47 477
31 48 173
31 49 669
31 50 758
31 51 465
31 52 709
31 53 485
31 54 571
31 55 320
31 56 209
31 57 565
31 58 279
31 59 585
31 60 264
31 61 425
31 62 552
31 63 24
31 64 409
31 65 700
31 66 91
31 67 328
31 68 317
31 69 763
31 70 286
31 71 496
31 72 75
31 73 566
31 74 604
31 75 682
31 76 666
31 77 478
31 78 872
31 79 563
31 80 332
31 81 380
31 82 335
31 83 731
31 84 128
31 85 385
31 86 713
31 87 247
31 88 319
31 89 260
31 90 812
31 91 458
31 92 326
31 93 346
31 94 434
31 95 282
31 96 712
31 97 324
31 98 390
31 99 205
31 100 382
32 1 494
32 2 261
32 3 377
32 4 477
32 5 166
32 6 471
32 7 182
32 8 679
32 9 553
32 10 351
32 11 497
32 12 310
32 13 688
32 14 618
32 15 467
32 16 465
32 17 137
32 18 758
32 19 633
32 20 229
32 21 580
32 22 293
32 23 524
32 24 381
32 25 341
32 26 312
32 27 559
32 28 807
32 29 212
32 30 493
32 31 404
32 33 712
32 34 301
32 35 433
32 36 429
32 37 425
32 38 111
32 39 279
32 40 343
32 41 507
32 42 441
32 43 119
32 44 340
32 45 717
32 46 767
32 47 327
32 48 529
32 49 782
32 50 582
32 51 111
32 52 707
32 53 142
32 54 325
32 55 422
32 56 527
32 57 432
32 58 139
32 59 245
32 60 502
32 61 219
32 62 516
32 63 382
32 64 631
32 65 297
32 66 455
32 67 691
32 68 115
32 69 446
32 70 368
32 71 182
32 72 473
32 73 459
32 74 759
32 75 784
32 76 354
32 77 381
32 78 562
32 79 329
32 80 707
32 81 339
32 82 265
32 83 385
32 84 400
32 85 83
32 86 312
32 87 159
32 88 101
32 89 319
32 90 766
32 91 187
32 92 316
32 93 457
32 94 590
32 95 287
32 96 362
32 97 686
32 98 771
32 99 321
32 100 149
33 1 243
33 2 550
33 3 819
33 4 346
33 5 762
33 6 243
33 7 892
33 8 340
33 9 940
33 10 832
33 11 306
33 12 585
33 13 595
33 14 479
33 15 251
33 16 285
33 17 576
33 18 260
33 19 119
33 20 647
33 21 484
33 22 934
33 23 896
33 24 727
33 25 697
33 26 586
33 27 430
33 28 247
33 29 508
33 30 557
33 31 584
33 32 712
33 34 927
33 35 600
33 36 292
33 37 588
33 38 602
33 39 437
33 40 373
33 41 229
33 42 442
33 43 726
33 44 786
33 45 154
33 46 579
33 47 974
33 48 461
33 49 85
33 50 499
33 51 822
33 52 231
33 53 658
33 54 1020
33 55 305
33 56 404
33 57 1079
33 58 692
33 59 957
33 60 322
33 61 523
33 62 271
33 63 577
33 64 202
33 65 930
33 66 665
33 67 456
33 68 606
33 69 722
33 70 847
33 71 626
33 72 616
33 73 1093
33 74 59
33 75 101
33 76 665
33 77 1001
33 78 772
33 79 534
33 80 494
33 81 912
33 82 843
33 83 755
33 84 460
33 85 633
33 86 900
33 87 653
33 88 708
33 89 413
33 90 345
33 91 580
33 92 860
33 93 268
33 94 151
33 95 810
33 96 751
33 97 453
33 98 531
33 99 756
33 100 809
34 1 687
34 2 381
34 3 637
34 4 617
34 5 170
34 6 693
34 7 210
34 8 787
34 9 800
34 10 603
34 11 651
34 12 611
34 13 688
34 14 915
34 15 707
34 16 647
34 17 396
34 18 1025
34 19 826
34 20 285
34 21 631
34 22 23
34 23 781
34 24 302
34 25 295
34 26 368
34 27 853
34 28 1068
34 29 436
34 30 514
34 31 426
34 32 301
34 33 927
34 35 733
34 36 675
34 37 725
34 38 383
34 39 506
34 40 562
34 41 756
34 42 735
34 43 216
34 44 214
34 45 967
34 46 783
34 47 52
34 48 597
34 49 1007
34 50 880
34 51 236
34 52 972
34 53 442
34 54 164
34 55 623
34 56 623
34 57 152
34 58 241
34 59 255
34 60 646
34 61 506
34 62 782
34 63 415
34 64 794
34 65 467
34 66 414
34 67 753
34 68 353
34 69 735
34 70 183
34 71 483
34 72 462
34 73 169
34 74 964
34 75 1014
34 76 649
34 77 82
34 78 849
34 79 628
34 80 754
34 81 77
34 82 92
34 83 664
34 84 504
34 85 371
34 86 516
34 87 277
34 88 240
34 89 516
34 90 1045
34 91 485
34 92 111
34 93 659
34 94 785
34 95 146
34 96 641
34 97 749
34 98 808
34 99 227
34 100 152
35 1 516
35 2 543
35 3 251
35 4 599
35 5 590
35 6 442
35 7 570
35 8 774
35 9 341
35 10 279
35 11 588
35 12 125
35 13 916
35 14 233
35 15 395
35 16 523
35 17 382
35 18 489
35 19 595
35 20 586
35 21 779
35 22 724
35 23 297
35 24 749
35 25 704
35 26 618
35 27 214
35 28 550
35 29 410
35 30 751
35 31 694
35 32 433
35 33 600
35 34 733
35 36 367
35 37 15
35 38 378
35 39 397
35 40 415
35 41 386
35 42 159
35 43 538
35 44 741
35 45 511
35 46 962
35 47 755
35 48 726
35 49 629
35 50 189
35 51 511
35 52 457
35 53 292
35 54 724
35 55 470
35 56 689
35 57 854
35 58 538
35 59 596
35 60 608
35 61 273
35 62 330
35 63 672
35 64 652
35 65 445
35 66 777
35 67 847
35 68 423
35 69 122
35 70 783
35 71 252
35 72 767
35 73 884
35 74 659
35 75 619
35 76 107
35 77 812
35 78 191
35 79 131
35 80 878
35 81 770
35 82 693
35 83 176
35 84 609
35 85 375
35 86 389
35 87 529
35 88 515
35 89 453
35 90 450
35 91 262
35 92 741
35 93 481
35 94 565
35 95 705
35 96 183
35 97 842
35 98 940
35 99 714
35 100 582
36 1 151
36 2 327
36 3 548
36 4 253
36 5 505
36 6 77
36 7 610
36 8 409
36 9 690
36 10 556
36 11 232
36 12 313
36 13 580
36 14 361
36 15 41
36 16 166
36 17 295
36 18 355
36 19 243
36 20 416
36 21 442
36 22 677
36 23 646
36 24 541
36 25 501
36 26 388
36 27 287
36 28 394
36 29 239
36 30 450
36 31 428
36 32 429
36 33 292
36 34 675
36 35 367
36 37 353
36 38 318
36 39 170
36 40 122
36 41 82
36 42 222
36 43 462
36 44 575
36 45 293
36 46 611
36 47 716
36 48 394
36 49 355
36 50 353
36 51 539
36 52 301
36 53 367
36 54 747
36 55 121
36 56 346
36 57 824
36 58 434
36 59 672
36 60 254
36 61 232
36 62 125
36 63 412
36 64 288
36 65 640
36 66 519
36 67 490
36 68 331
36 69 478
36 70 633
36 71 336
36 72 488
36 73 843
36 74 344
36 75 357
36 76 402
36 77 753
36 78 556
36 79 266
36 80 524
36 81 674
36 82 598
36 83 492
36 84 309
36 85 347
36 86 612
36 87 400
36 88 441
36 89 178
36 90 391
36 91 290
36 92 627
36 93 119
36 94 206
36 95 578
36 96 484
36 97 485
36 98 583
36 99 544
36 100 541
37 1 502
37 2 530
37 3 257
37 4 584
37 5 580
37 6 429
37 7 565
37 8 760
37 9 352
37 10 284
37 11 574
37 12 115
37 13 902
37 14 232
37 15 381
37 16 509
37 17 371
37 18 482
37 19 582
37 20 574
37 21 765
37 22 716
37 23 308
37 24 737
37 25 692
37 26 605
37 27 207
37 28 542
37 29 397
37 30 737
37 31 681
37 32 425
37 33 588
37 34 725
37 35 15
37 36 353
37 38 367
37 39 383
37 40 401
37 41 373
37 42 147
37 43 529
37 44 730
37 45 501
37 46 948
37 47 747
37 48 711
37 49 618
37 50 187
37 51 505
37 52 448
37 53 284
37 54 718
37 55 455
37 56 675
37 57 848
37 58 527
37 59 593
37 60 594
37 61 261
37 62 318
37 63 659
37 64 639
37 65 446
37 66 764
37 67 832
37 68 412
37 69 134
37 70 772
37 71 243
37 72 754
37 73 878
37 74 647
37 75 608
37 76 109
37 77 804
37 78 205
37 79 118
37 80 864
37 81 761
37 82 684
37 83 183
37 84 595
37 85 365
37 86 391
37 87 518
37 88 505
37 89 439
37 90 445
37 91 251
37 92 732
37 93 467
37 94 551
37 95 695
37 96 188
37 97 827
37 98 926
37 99 703
37 100 574
38 1 388
38 2 202
38 3 390
38 4 384
38 5 222
38 6 361
38 7 292
38 8 588
38 9 566
38 10 374
38 11 400
38 12 254
38 13 629
38 14 535
38 15 357
38 16 362
38 17 30
38 18 653
38 19 525
38 20 214
38 21 510
38 22 380
38 23 532
38 24 379
38 25 335
38 26 270
38 27 471
38 28 700
38 29 110
38 30 439
38 31 359
38 32 111
38 33 602
38 34 383
38 35 378
38 36 318
38 37 367
38 39 171
38 40 236
38 41 397
38 42 353
38 43 171
38 44 364
38 45 608
38 46 701
38 47 417
38 48 457
38 49 671
38 50 502
38 51 221
38 52 601
38 53 126
38 54 431
38 55 315
38 56 445
38 57 525
38 58 162
38 59 355
38 60 408
38 61 123
38 62 409
38 63 336
38 64 529
38 65 373
38 66 428
38 67 613
38 68 47
38 69 419
38 70 406
38 71 142
38 72 433
38 73 549
38 74 650
38 75 674
38 76 321
38 77 465
38 78 534
38 79 256
38 80 633
38 81 405
38 82 326
38 83 376
38 84 324
38 85 35
38 86 370
38 87 152
38 88 146
38 89 218
38 90 665
38 91 117
38 92 370
38 93 350
38 94 482
38 95 330
38 96 356
38 97 608
38 98 698
38 99 337
38 100 236
39 1 217
39 2 170
39 3 501
39 4 231
39 5 336
39 6 195
39 7 457
39 8 433
39 9 667
39 10 496
39 11 238
39 12 295
39 13 525
39 14 478
39 15 202
39 16 193
39 17 143
39 18 524
39 19 355
39 20 250
39 21 392
39 22 509
39 23 626
39 24 390
39 25 347
39 26 241
39 27 405
39 28 563
39 29 72
39 30 355
39 31 304
39 32 279
39 33 437
39 34 506
39 35 397
39 36 170
39 37 383
39 38 171
39 40 65
39 41 251
39 42 302
39 43 295
39 44 413
39 45 461
39 46 580
39 47 548
39 48 337
39 49 510
39 50 457
39 51 387
39 52 470
39 53 262
39 54 585
39 55 145
39 56 309
39 57 656
39 58 265
39 59 523
39 60 251
39 61 147
39 62 285
39 63 283
39 64 360
39 65 534
39 66 392
39 67 477
39 68 170
39 69 480
39 70 469
39 71 249
39 72 374
39 73 674
39 74 482
39 75 515
39 76 386
39 77 584
39 78 581
39 79 267
39 80 503
39 81 506
39 82 429
39 83 464
39 84 213
39 85 205
39 86 521
39 87 230
39 88 275
39 89 61
39 90 553
39 91 200
39 92 459
39 93 179
39 94 312
39 95 410
39 96 449
39 97 472
39 98 567
39 99 382
39 100 376
40 1 154
40 2 205
40 3 546
40 4 188
40 5 394
40 6 132
40 7 521
40 8 383
40 9 706
40 10 545
40 11 187
40 12 327
40 13 502
40 14 463
40 15 148
40 16 134
40 17 207
40 18 476
40 19 290
40 20 296
40 21 365
40 22 567
40 23 664
40 24 420
40 25 379
40 26 267
40 27 389
40 28 511
40 29 135
40 30 349
40 31 314
40 32 343
40 33 373
40 34 562
40 35 415
40 36 122
40 37 401
40 38 236
40 39 65
40 41 200
40 42 299
40 43 355
40 44 454
40 45 406
40 46 549
40 47 606
40 48 311
40 49 448
40 50 447
40 51 451
40 52 422
40 53 320
40 54 648
40 55 82
40 56 275
40 57 713
40 58 323
40 59 588
40 60 203
40 61 194
40 62 245
40 63 295
40 64 299
40 65 593
40 66 404
40 67 438
