nnodes nedges type capacity P s t
100  4950  graph  1000 100 1 100 
nodename posx posy itemvalue itemweight
1 283 746 0 0
2 409 716 39 122
3 498 167 12 420
4 34 935 8 402
5 12 420 18 329
6 69 260 7 42
7 65 50 2 411
8 54 129 46 5
9 7 617 1 207
10 734 547 1 118
11 871 105 3 146
12 992 191 36 404
13 281 396 4 289
14 571 348 35 12
15 668 579 32 57
16 872 951 44 48
17 677 634 15 333
18 20 175 21 178
19 801 406 2 478
20 462 813 30 321
21 826 883 8 438
22 425 243 15 160
23 933 480 50 112
24 725 292 16 53
25 97 811 18 267
26 840 321 22 222
27 268 184 14 357
28 512 549 25 167
29 580 435 48 211
30 249 600 28 329
31 14 474 17 224
32 552 43 28 33
33 108 924 8 248
34 218 909 11 11
35 330 33 27 290
36 74 508 32 235
37 916 500 29 398
38 103 850 46 130
39 980 828 9 113
40 142 429 32 179
41 991 334 29 204
42 750 259 50 142
43 519 262 12 377
44 161 99 10 409
45 698 410 37 338
46 52 64 40 206
47 884 956 13 169
48 460 992 38 320
49 880 30 17 448
50 253 210 30 345
51 63 328 39 13
52 70 980 31 19
53 180 173 10 176
54 182 160 49 271
55 354 676 41 330
56 941 345 49 19
57 11 692 35 200
58 605 882 13 297
59 306 766 28 172
60 333 356 7 367
61 176 385 11 146
62 773 413 24 273
63 341 233 15 161
64 405 221 42 83
65 263 11 11 274
66 783 327 29 401
67 339 205 36 210
68 659 871 20 48
69 379 193 37 68
70 31 733 18 377
71 869 324 49 118
72 78 232 48 134
73 16 683 17 260
74 114 323 32 97
75 801 448 33 190
76 679 978 13 144
77 833 452 38 386
78 391 527 18 354
79 37 148 48 212
80 748 301 36 210
81 159 884 35 66
82 980 850 11 122
83 89 991 25 30
84 721 820 19 364
85 184 104 49 338
86 905 405 42 197
87 781 336 5 339
88 638 797 32 124
89 371 104 50 463
90 472 173 22 233
91 904 504 3 34
92 151 738 28 340
93 308 894 21 347
94 265 346 43 168
95 394 365 10 480
96 999 906 30 246
97 601 331 45 340
98 108 43 18 172
99 322 182 21 388
100 215 506 0 0
endpoint1 endpoint2 weight
1 2 130
1 3 618
1 4 313
1 5 424
1 6 532
1 7 730
1 8 659
1 9 305
1 10 493
1 11 870
1 12 901
1 13 351
1 14 492
1 15 420
1 16 624
1 17 410
1 18 629
1 19 620
1 20 192
1 21 561
1 22 523
1 23 703
1 24 634
1 25 198
1 26 701
1 27 563
1 28 303
1 29 431
1 30 150
1 31 383
1 32 753
1 33 250
1 34 176
1 35 715
1 36 317
1 37 680
1 38 208
1 39 702
1 40 347
1 41 820
1 42 675
1 43 539
1 44 659
1 45 534
1 46 721
1 47 637
1 48 304
1 49 933
1 50 537
1 51 473
1 52 317
1 53 583
1 54 595
1 55 100
1 56 771
1 57 278
1 58 350
1 59 31
1 60 394
1 61 377
1 62 593
1 63 517
1 64 539
1 65 736
1 66 653
1 67 544
1 68 397
1 69 562
1 70 253
1 71 723
1 72 554
1 73 275
1 74 456
1 75 598
1 76 459
1 77 624
1 78 245
1 79 647
1 80 644
1 81 186
1 82 705
1 83 313
1 84 445
1 85 650
1 86 710
1 87 646
1 88 359
1 89 649
1 90 604
1 91 667
1 92 133
1 93 151
1 94 401
1 95 397
1 96 734
1 97 523
1 98 725
1 99 566
1 100 250
2 1 130
2 3 557
2 4 435
2 5 496
2 6 569
2 7 750
2 8 686
2 9 415
2 10 367
2 11 767
2 12 785
2 13 345
2 14 403
2 15 294
2 16 520
2 17 281
2 18 667
2 19 500
2 20 111
2 21 450
2 22 474
2 23 575
2 24 529
2 25 327
2 26 585
2 27 551
2 28 197
2 29 329
2 30 198
2 31 464
2 32 689
2 33 366
2 34 272
2 35 688
2 36 395
2 37 552
2 38 335
2 39 582
2 40 392
2 41 697
2 42 571
2 43 468
2 44 665
2 45 421
2 46 744
2 47 533
2 48 281
2 49 833
2 50 530
2 51 520
2 52 430
2 53 590
2 54 601
2 55 69
2 56 649
2 57 399
2 58 257
2 59 115
2 60 368
2 61 405
2 62 474
2 63 488
2 64 496
2 65 720
2 66 540
2 67 516
2 68 295
2 69 524
2 70 379
2 71 605
2 72 587
2 73 395
2 74 492
2 75 475
2 76 377
2 77 500
2 78 190
2 79 679
2 80 536
2 81 302
2 82 587
2 83 422
2 84 329
2 85 653
2 86 586
2 87 532
2 88 243
2 89 614
2 90 547
2 91 539
2 92 259
2 93 205
2 94 398
2 95 352
2 96 620
2 97 431
2 98 738
2 99 542
2 100 286
3 1 618
3 2 557
3 4 898
3 5 548
3 6 439
3 7 449
3 8 446
3 9 667
3 10 448
3 11 379
3 12 495
3 13 316
3 14 196
3 15 446
3 16 869
3 17 501
3 18 479
3 19 386
3 20 648
3 21 788
3 22 106
3 23 536
3 24 260
3 25 759
3 26 376
3 27 231
3 28 383
3 29 281
3 30 500
3 31 574
3 32 136
3 33 852
3 34 794
3 35 215
3 36 545
3 37 535
3 38 789
3 39 819
3 40 443
3 41 521
3 42 269
3 43 98
3 44 344
3 45 315
3 46 458
3 47 879
3 48 826
3 49 406
3 50 249
3 51 464
3 52 919
3 53 319
3 54 317
3 55 529
3 56 478
3 57 717
3 58 723
3 59 630
3 60 251
3 61 389
3 62 369
3 63 171
3 64 108
3 65 283
3 66 327
3 67 164
3 68 723
3 69 122
3 70 734
3 71 403
3 72 425
3 73 707
3 74 415
3 75 414
3 76 831
3 77 440
3 78 376
3 79 462
3 80 284
3 81 794
3 82 836
3 83 920
3 84 691
3 85 321
3 86 472
3 87 330
3 88 646
3 89 142
3 90 27
3 91 528
3 92 669
3 93 752
3 94 294
3 95 224
3 96 893
3 97 194
3 98 410
3 99 177
3 100 442
4 1 313
4 2 435
4 3 898
4 5 516
4 6 676
4 7 886
4 8 807
4 9 320
4 10 801
4 11 1179
4 12 1213
4 13 593
4 14 796
4 15 728
4 16 839
4 17 710
4 18 761
4 19 932
4 20 446
4 21 794
4 22 795
4 23 1008
4 24 944
4 25 140
4 26 1014
4 27 787
4 28 615
4 29 741
4 30 399
4 31 462
4 32 1032
4 33 75
4 34 186
4 35 950
4 36 429
4 37 984
4 38 110
4 39 953
4 40 518
4 41 1131
4 42 985
4 43 830
4 44 846
4 45 847
4 46 872
4 47 851
4 48 430
4 49 1239
4 50 758
4 51 608
4 52 58
4 53 776
4 54 790
4 55 412
4 56 1083
4 57 245
4 58 574
4 59 321
4 60 652
4 61 569
4 62 905
4 63 767
4 64 805
4 65 952
4 66 965
4 67 792
4 68 629
4 69 819
4 70 203
4 71 1035
4 72 705
4 73 253
4 74 618
4 75 909
4 76 647
4 77 934
4 78 543
4 79 788
4 80 955
4 81 136
4 82 950
4 83 79
4 84 697
4 85 845
4 86 1020
4 87 958
4 88 620
4 89 897
4 90 879
4 91 971
4 92 230
4 93 278
4 94 633
4 95 675
4 96 966
4 97 829
4 98 896
4 99 807
4 100 466
5 1 424
5 2 496
5 3 548
5 4 516
5 6 170
5 7 374
5 8 295
5 9 198
5 10 734
5 11 915
5 12 1007
5 13 271
5 14 564
5 15 675
5 16 1011
5 17 699
5 18 246
5 19 790
5 20 598
5 21 937
5 22 450
5 23 923
5 24 725
5 25 401
5 26 834
5 27 349
5 28 517
5 29 569
5 30 298
5 31 55
5 32 659
5 33 514
5 34 531
5 35 501
5 36 108
5 37 908
5 38 440
5 39 1051
5 40 131
5 41 983
5 42 756
5 43 532
5 44 354
5 45 687
5 46 359
5 47 1024
5 48 727
5 49 952
5 50 320
5 51 106
5 52 563
5 53 299
5 54 311
5 55 428
5 56 933
5 57 273
5 58 752
5 59 455
5 60 328
5 61 168
5 62 762
5 63 379
5 64 441
5 65 480
5 66 777
5 67 392
5 68 789
5 69 432
5 70 314
5 71 863
5 72 200
5 73 264
5 74 141
5 75 790
5 76 870
5 77 822
5 78 394
5 79 274
5 80 746
5 81 487
5 82 1060
5 83 577
5 84 815
5 85 360
5 86 894
5 87 774
5 88 731
5 89 479
5 90 523
5 91 896
5 92 348
5 93 559
5 94 264
5 95 386
5 96 1101
5 97 596
5 98 390
5 99 391
5 100 221
6 1 532
6 2 569
6 3 439
6 4 676
6 5 170
6 7 211
6 8 132
6 9 363
6 10 725
6 11 817
6 12 926
6 13 252
6 14 510
6 15 679
6 16 1060
6 17 714
6 18 99
6 19 747
6 20 679
6 21 981
6 22 357
6 23 892
6 24 657
6 25 552
6 26 774
6 27 214
6 28 529
6 29 541
6 30 385
6 31 221
6 32 530
6 33 666
6 34 666
6 35 346
6 36 249
6 37 881
6 38 591
6 39 1074
6 40 185
6 41 925
6 42 682
6 43 451
6 44 186
6 45 647
6 46 197
6 47 1072
6 48 830
6 49 843
6 50 191
6 51 69
6 52 721
6 53 142
6 54 151
6 55 505
6 56 877
6 57 436
6 58 822
6 59 559
6 60 281
6 61 165
6 62 721
6 63 274
6 64 339
6 65 316
6 66 718
6 67 276
6 68 850
6 69 318
6 70 475
6 71 803
6 72 30
6 73 427
6 74 78
6 75 756
6 76 943
6 77 788
6 78 419
6 79 117
6 80 681
6 81 631
6 82 1086
6 83 732
6 84 860
6 85 194
6 86 849
6 87 717
6 88 783
6 89 340
6 90 413
6 91 870
6 92 485
6 93 678
6 94 215
6 95 342
6 96 1133
6 97 537
6 98 221
6 99 265
6 100 287
7 1 730
7 2 750
7 3 449
7 4 886
7 5 374
7 6 211
7 8 80
7 9 570
7 10 834
7 11 808
7 12 938
7 13 408
7 14 588
7 15 803
7 16 1210
7 17 846
7 18 133
7 19 818
7 20 861
7 21 1129
7 22 409
7 23 969
7 24 703
7 25 762
7 26 822
7 27 244
7 28 670
7 29 644
7 30 580
7 31 428
7 32 488
7 33 876
7 34 873
7 35 266
7 36 459
7 37 963
7 38 801
7 39 1202
7 40 387
7 41 969
7 42 717
7 43 502
7 44 108
7 45 729
7 46 20
7 47 1222
7 48 1022
7 49 816
7 50 247
7 51 279
7 52 931
7 53 169
7 54 161
7 55 690
7 56 925
7 57 645
7 58 992
7 59 756
7 60 407
7 61 353
7 62 796
7 63 332
7 64 381
7 65 202
7 66 770
7 67 315
7 68 1014
7 69 346
7 70 684
7 71 850
7 72 183
7 73 635
7 74 278
7 75 837
7 76 1113
7 77 867
7 78 578
7 79 102
7 80 728
7 81 840
7 82 1216
7 83 942
7 84 1012
7 85 131
7 86 912
7 87 772
7 88 942
7 89 311
7 90 426
7 91 954
7 92 694
7 93 879
7 94 358
7 95 456
7 96 1267
7 97 606
7 98 44
7 99 289
7 100 481
8 1 659
8 2 686
8 3 446
8 4 807
8 5 295
8 6 132
8 7 80
8 9 491
8 10 799
8 11 818
8 12 941
8 13 351
8 14 562
8 15 762
8 16 1160
8 17 802
8 18 58
8 19 797
8 20 797
8 21 1080
8 22 389
8 23 947
8 24 691
8 25 684
8 26 810
8 27 221
8 28 622
8 29 609
8 30 510
8 31 348
8 32 506
8 33 797
8 34 798
8 35 293
8 36 380
8 37 939
8 38 723
8 39 1161
8 40 313
8 41 960
8 42 709
8 43 484
8 44 112
8 45 703
8 46 66
8 47 1172
8 48 954
8 49 832
8 50 215
8 51 200
8 52 852
8 53 134
8 54 132
8 55 624
8 56 913
8 57 565
8 58 934
8 59 686
8 60 360
8 61 284
8 62 774
8 63 306
8 64 363
8 65 241
8 66 756
8 67 295
8 68 958
8 69 332
8 70 605
8 71 839
8 72 106
8 73 556
8 74 204
8 75 813
8 76 1055
8 77 844
8 78 522
8 79 26
8 80 715
8 81 763
8 82 1174
8 83 863
8 84 961
8 85 133
8 86 895
8 87 756
8 88 888
8 89 318
8 90 421
8 91 930
8 92 617
8 93 807
8 94 303
8 95 414
8 96 1224
8 97 584
8 98 102
8 99 274
8 100 410
9 1 305
9 2 415
9 3 667
9 4 320
9 5 198
9 6 363
9 7 570
9 8 491
9 10 731
9 11 1005
9 12 1074
9 13 353
9 14 625
9 15 663
9 16 928
9 17 671
9 18 443
9 19 822
9 20 496
9 21 862
9 22 561
9 23 937
9 24 789
9 25 214
9 26 885
9 27 506
9 28 510
9 29 602
9 30 243
9 31 144
9 32 792
9 33 324
9 34 361
9 35 668
9 36 128
9 37 917
9 38 253
9 39 996
9 40 232
9 41 1024
9 42 825
9 43 624
9 44 541
9 45 722
9 46 555
9 47 941
9 48 589
9 49 1052
9 50 476
9 51 295
9 52 369
9 53 477
9 54 490
9 55 352
9 56 973
9 57 76
9 58 655
9 59 335
9 60 418
9 61 288
9 62 793
9 63 509
9 64 562
9 65 658
9 66 829
9 67 530
9 68 700
9 69 565
9 70 119
9 71 911
9 72 392
9 73 67
9 74 313
9 75 812
9 76 763
9 77 843
9 78 395
9 79 470
9 80 806
9 81 308
9 82 1001
9 83 383
9 84 743
9 85 543
9 86 923
9 87 824
9 88 657
9 89 630
9 90 643
9 91 905
9 92 189
9 93 410
9 94 375
9 95 462
9 96 1034
9 97 660
9 98 583
9 99 538
9 100 236
10 1 493
10 2 367
10 3 448
10 4 801
10 5 734
10 6 725
10 7 834
10 8 799
10 9 731
10 11 463
10 12 440
10 13 478
10 14 258
10 15 74
10 16 427
10 17 105
10 18 806
10 19 157
10 20 381
10 21 349
10 22 434
10 23 210
10 24 256
10 25 690
10 26 250
10 27 591
10 28 223
10 29 191
10 30 488
10 31 724
10 32 536
10 33 731
10 34 631
10 35 654
10 36 662
10 37 188
10 38 700
10 39 374
10 40 604
10 41 334
10 42 289
10 43 358
10 44 728
10 45 142
10 46 836
10 47 436
10 48 523
10 49 538
10 50 588
10 51 706
10 52 793
10 53 669
10 54 675
10 55 402
10 56 290
10 57 738
10 58 359
10 59 481
10 60 445
10 61 582
10 62 140
10 63 504
10 64 464
10 65 714
10 66 226
10 67 523
10 68 333
10 69 502
10 70 728
10 71 261
10 72 728
10 73 731
10 74 660
10 75 120
10 76 435
10 77 138
10 78 344
10 79 804
10 80 247
10 81 667
10 82 391
10 83 784
10 84 274
10 85 707
10 86 223
10 87 217
10 88 268
10 89 573
10 90 457
10 91 176
10 92 614
10 93 550
10 94 511
10 95 386
10 96 447
10 97 254
10 98 804
10 99 551
10 100 521
11 1 870
11 2 767
11 3 379
11 4 1179
11 5 915
11 6 817
11 7 808
11 8 818
11 9 1005
11 10 463
11 12 149
11 13 658
11 14 387
11 15 516
11 16 847
11 17 564
11 18 854
11 19 310
11 20 818
11 21 780
11 22 467
11 23 381
11 24 238
11 25 1048
11 26 219
11 27 609
11 28 571
11 29 440
11 30 795
11 31 934
11 32 325
11 33 1120
11 34 1036
11 35 546
11 36 894
11 37 398
11 38 1070
11 39 732
11 40 798
11 41 259
11 42 196
11 43 386
11 44 711
11 45 351
11 46 821
11 47 852
11 48 978
11 49 76
11 50 627
11 51 839
11 52 1187
11 53 695
11 54 692
11 55 771
11 56 250
11 57 1042
11 58 822
11 59 870
11 60 594
11 61 750
11 62 324
11 63 546
11 64 481
11 65 616
11 66 239
11 67 542
11 68 795
11 69 500
11 70 1049
11 71 220
11 72 804
11 73 1033
11 74 788
11 75 351
11 76 894
11 77 350
11 78 640
11 79 836
11 80 232
11 81 1056
11 82 753
11 83 1182
11 84 731
11 85 688
11 86 302
11 87 248
11 88 731
11 89 501
11 90 405
11 91 401
11 92 959
11 93 970
11 94 653
11 95 544
11 96 812
11 97 353
11 98 766
11 99 555
11 100 769
12 1 901
12 2 785
12 3 495
12 4 1213
12 5 1007
12 6 926
12 7 938
12 8 941
12 9 1074
12 10 440
12 11 149
12 13 740
12 14 450
12 15 506
12 16 770
12 17 544
12 18 973
12 19 288
12 20 818
12 21 712
12 22 570
12 23 295
12 24 286
12 25 1089
12 26 201
12 27 725
12 28 599
12 29 479
12 30 849
12 31 1019
12 32 465
12 33 1149
12 34 1056
12 35 681
12 36 972
12 37 319
12 38 1107
12 39 638
12 40 883
12 41 144
12 42 252
12 43 479
12 44 837
12 45 367
12 46 949
12 47 773
12 48 962
12 49 197
12 50 740
12 51 940
12 52 1214
12 53 813
12 54 811
12 55 802
12 56 163
12 57 1102
12 58 792
12 59 896
12 60 680
12 61 839
12 62 312
12 63 653
12 64 588
12 65 751
12 66 250
12 67 654
12 68 758
12 69 614
12 70 1104
12 71 182
12 72 915
12 73 1093
12 74 888
12 75 321
12 76 847
12 77 306
12 78 689
12 79 956
12 80 268
12 81 1084
12 82 660
12 83 1207
12 84 685
12 85 813
12 86 232
12 87 257
12 88 702
12 89 628
12 90 521
12 91 326
12 92 1004
12 93 981
12 94 744
12 95 623
12 96 716
12 97 416
12 98 897
12 99 671
12 100 839
13 1 351
13 2 345
13 3 316
13 4 593
13 5 271
13 6 252
13 7 408
13 8 351
13 9 353
13 10 478
13 11 658
13 12 740
13 14 294
13 15 429
13 16 811
13 17 463
13 18 342
13 19 521
13 20 455
13 21 731
13 22 211
13 23 658
13 24 457
13 25 454
13 26 565
13 27 213
13 28 278
13 29 302
13 30 207
13 31 279
13 32 446
13 33 556
13 34 517
13 35 367
13 36 236
13 37 644
13 38 488
13 39 822
13 40 143
13 41 713
13 42 489
13 43 274
13 44 321
13 45 418
13 46 404
13 47 823
13 48 623
13 49 702
13 50 189
13 51 229
13 52 621
13 53 245
13 54 256
13 55 290
13 56 662
13 57 401
13 58 585
13 59 371
13 60 66
13 61 106
13 62 493
13 63 174
13 64 215
13 65 386
13 66 507
13 67 200
13 68 608
13 69 226
13 70 420
13 71 593
13 72 261
13 73 391
13 74 183
13 75 523
13 76 706
13 77 555
13 78 172
13 79 348
13 80 477
13 81 504
13 82 834
13 83 626
13 84 612
13 85 308
13 86 625
13 87 504
13 88 537
13 89 306
13 90 294
13 91 633
13 92 366
13 93 499
13 94 53
13 95 118
13 96 881
13 97 327
13 98 394
13 99 218
13 100 129
14 1 492
14 2 403
14 3 196
14 4 796
14 5 564
14 6 510
14 7 588
14 8 562
14 9 625
14 10 258
14 11 387
14 12 450
14 13 294
14 15 251
14 16 674
14 17 306
14 18 578
14 19 238
14 20 478
14 21 593
14 22 180
14 23 386
14 24 164
14 25 663
14 26 271
14 27 345
14 28 210
14 29 88
14 30 409
14 31 572
14 32 306
14 33 740
14 34 663
14 35 397
14 36 523
14 37 377
14 38 687
14 39 631
14 40 437
14 41 421
14 42 200
14 43 101
14 44 480
14 45 142
14 46 592
14 47 684
14 48 654
14 49 444
14 50 347
14 51 509
14 52 807
14 53 429
14 54 433
14 55 394
14 56 371
14 57 658
14 58 536
14 59 495
14 60 239
14 61 397
14 62 213
14 63 258
14 64 210
14 65 457
14 66 214
14 67 273
14 68 531
14 69 247
14 70 664
14 71 299
14 72 507
14 73 649
14 74 458
14 75 251
14 76 640
14 77 282
14 78 254
14 79 571
14 80 184
14 81 677
14 82 648
14 83 804
14 84 496
14 85 458
14 86 339
14 87 211
14 88 454
14 89 316
14 90 202
14 91 368
14 92 574
14 93 607
14 94 307
14 95 178
14 96 704
14 97 35
14 98 555
14 99 300
14 100 390
15 1 420
15 2 294
15 3 446
15 4 728
15 5 675
15 6 679
15 7 803
15 8 762
15 9 663
15 10 74
15 11 516
15 12 506
15 13 429
15 14 251
15 16 425
15 17 56
15 18 764
15 19 219
15 20 312
15 21 343
15 22 415
15 23 283
15 24 293
15 25 617
15 26 311
15 27 563
15 28 159
15 29 169
15 30 420
15 31 663
15 32 549
15 33 658
15 34 559
15 35 643
15 36 599
15 37 261
15 38 627
15 39 400
15 40 547
15 41 406
15 42 331
15 43 351
15 44 699
15 45 172
15 46 803
15 47 435
15 48 463
15 49 589
15 50 556
15 51 656
15 52 721
15 53 635
15 54 642
15 55 329
15 56 360
15 57 667
15 58 310
15 59 408
15 60 403
15 61 529
15 62 197
15 63 477
15 64 445
15 65 698
15 66 277
15 67 499
15 68 293
15 69 483
15 70 656
15 71 325
15 72 685
15 73 661
15 74 611
15 75 187
15 76 400
15 77 209
15 78 282
15 79 765
15 80 290
15 81 594
15 82 414
15 83 711
15 84 247
15 85 679
15 86 295
15 87 268
15 88 221
15 89 561
15 90 451
15 91 248
15 92 541
15 93 479
15 94 466
15 95 348
15 96 466
15 97 257
15 98 776
15 99 527
15 100 459
16 1 624
16 2 520
16 3 869
16 4 839
16 5 1011
16 6 1060
16 7 1210
16 8 1160
16 9 928
16 10 427
16 11 847
16 12 770
16 13 811
16 14 674
16 15 425
16 17 373
16 18 1153
16 19 550
16 20 433
16 21 83
16 22 838
16 23 475
16 24 676
16 25 788
16 26 631
16 27 977
16 28 540
16 29 593
16 30 716
16 31 982
16 32 963
16 33 765
16 34 656
16 35 1067
16 36 913
16 37 454
16 38 776
16 39 164
16 40 898
16 41 629
16 42 703
16 43 775
16 44 1110
16 45 569
16 46 1208
16 47 13
16 48 415
16 49 922
16 50 966
16 51 1022
16 52 803
16 53 1042
16 54 1050
16 55 587
16 56 610
16 57 900
16 58 276
16 59 596
16 60 803
16 61 898
16 62 548
16 63 894
16 64 867
16 65 1121
16 66 631
16 67 917
16 68 228
16 69 905
16 70 869
16 71 628
16 72 1072
16 73 897
16 74 985
16 75 508
16 76 195
16 77 501
16 78 642
16 79 1159
16 80 662
16 81 717
16 82 148
16 83 785
16 84 200
16 85 1092
16 86 547
16 87 622
16 88 281
16 89 985
16 90 875
16 91 449
16 92 752
16 93 567
16 94 858
16 95 757
16 96 135
16 97 677
16 98 1187
16 99 946
16 100 794
17 1 410
17 2 281
17 3 501
17 4 710
17 5 699
17 6 714
17 7 846
17 8 802
17 9 671
17 10 105
17 11 564
17 12 544
17 13 463
17 14 306
17 15 56
17 16 373
17 18 802
17 19 260
17 20 280
17 21 291
17 22 466
17 23 299
17 24 346
17 25 607
17 26 353
17 27 609
17 28 186
17 29 222
17 30 430
17 31 683
17 32 605
17 33 639
17 34 536
17 35 694
17 36 617
17 37 275
17 38 614
17 39 360
17 40 573
17 41 435
17 42 383
17 43 405
17 44 744
17 45 225
17 46 846
17 47 383
17 48 419
17 49 638
17 50 600
17 51 687
17 52 699
17 53 678
17 54 686
17 55 326
17 56 392
17 57 669
17 58 259
17 59 394
17 60 443
17 61 560
17 62 241
17 63 524
17 64 495
17 65 749
17 66 325
17 67 547
17 68 238
17 69 533
17 70 654
17 71 365
17 72 722
17 73 663
17 74 644
17 75 224
17 76 345
17 77 240
17 78 306
17 79 804
17 80 341
17 81 576
17 82 373
17 83 688
17 84 192
17 85 724
17 86 324
17 87 316
17 88 168
17 89 612
17 90 505
17 91 262
17 92 537
17 93 452
17 94 503
17 95 391
17 96 422
17 97 313
17 98 821
17 99 575
17 100 480
18 1 629
18 2 667
18 3 479
18 4 761
18 5 246
18 6 99
18 7 133
18 8 58
18 9 443
18 10 806
18 11 854
18 12 973
18 13 342
18 14 578
18 15 764
18 16 1153
18 17 802
18 19 815
18 20 777
18 21 1073
18 22 411
18 23 963
18 24 715
18 25 641
18 26 833
18 27 249
18 28 619
18 29 618
18 30 483
18 31 300
18 32 549
18 33 755
18 34 761
18 35 341
18 36 338
18 37 954
18 38 681
18 39 1162
18 40 282
18 41 984
18 42 735
18 43 507
18 44 161
18 45 718
18 46 116
18 47 1165
18 48 928
18 49 873
18 50 236
18 51 159
18 52 807
18 53 161
18 54 163
18 55 603
18 56 937
18 57 518
18 58 918
18 59 657
18 60 362
18 61 262
18 62 790
18 63 327
18 64 388
18 65 294
18 66 778
18 67 321
18 68 945
18 69 360
18 70 559
18 71 862
18 72 82
18 73 509
18 74 176
18 75 828
18 76 1039
18 77 859
18 78 512
18 79 32
18 80 739
18 81 723
18 82 1174
18 83 819
18 84 953
18 85 179
18 86 915
18 87 778
18 88 877
18 89 359
18 90 453
18 91 944
18 92 579
18 93 775
18 94 299
18 95 420
18 96 1222
18 97 602
18 98 159
18 99 303
18 100 385
19 1 620
19 2 500
19 3 386
19 4 932
19 5 790
19 6 747
19 7 818
19 8 797
19 9 822
19 10 157
19 11 310
19 12 288
19 13 521
19 14 238
19 15 219
19 16 550
19 17 260
19 18 815
19 20 530
19 21 478
19 22 410
19 23 152
19 24 138
19 25 813
19 26 94
19 27 578
19 28 323
19 29 223
19 30 586
19 31 790
19 32 441
19 33 866
19 34 770
19 35 601
19 36 735
19 37 149
19 38 828
19 39 459
19 40 660
19 41 204
19 42 156
19 43 317
19 44 710
19 45 104
19 46 824
19 47 557
19 48 678
19 49 385
19 50 582
19 51 743
19 52 930
19 53 664
19 54 667
19 55 523
19 56 153
19 57 841
19 58 515
19 59 613
19 60 471
19 61 626
19 62 29
19 63 492
19 64 438
19 65 668
19 66 82
19 67 504
19 68 487
19 69 473
19 70 837
19 71 107
19 72 744
19 73 833
19 74 692
19 75 42
19 76 585
19 77 57
19 78 428
19 79 807
19 80 118
19 81 801
19 82 479
19 83 922
19 84 422
19 85 687
19 86 105
19 87 73
19 88 424
19 89 526
19 90 404
19 91 143
19 92 730
19 93 694
19 94 540
19 95 410
19 96 538
19 97 214
19 98 783
19 99 529
19 100 595
20 1 192
20 2 111
20 3 648
20 4 446
20 5 598
20 6 679
20 7 861
20 8 797
20 9 496
20 10 381
20 11 818
20 12 818
20 13 455
20 14 478
20 15 312
20 16 433
20 17 280
20 18 777
20 19 530
20 21 371
20 22 572
20 23 577
20 24 584
20 25 366
20 26 621
20 27 659
20 28 269
20 29 396
20 30 302
20 31 562
20 32 776
20 33 371
20 34 263
20 35 792
20 36 494
20 37 552
20 38 361
20 39 519
20 40 500
20 41 714
20 42 625
20 43 554
20 44 775
20 45 468
20 46 854
20 47 446
20 48 180
20 49 888
20 50 639
20 51 629
20 52 427
20 53 700
20 54 711
20 55 175
20 56 670
20 57 467
20 58 159
20 59 163
20 60 475
20 61 515
20 62 507
20 63 593
20 64 595
20 65 827
20 66 583
20 67 621
20 68 206
20 69 626
20 70 439
20 71 637
20 72 697
20 73 465
20 74 602
20 75 499
20 76 273
20 77 518
20 78 295
20 79 790
20 80 587
20 81 312
20 82 520
20 83 414
20 84 260
20 85 762
20 86 603
20 87 574
20 88 177
20 89 715
20 90 641
20 91 540
20 92 320
20 93 175
20 94 507
20 95 454
20 96 545
20 97 502
20 98 848
20 99 647
20 100 395
21 1 561
21 2 450
21 3 788
21 4 794
21 5 937
21 6 981
21 7 1129
21 8 1080
21 9 862
21 10 349
21 11 780
21 12 712
21 13 731
21 14 593
21 15 343
21 16 83
21 17 291
21 18 1073
21 19 478
21 20 371
21 22 756
21 23 417
21 24 600
21 25 733
21 26 563
21 27 895
21 28 459
21 29 512
21 30 643
21 31 910
21 32 884
21 33 720
21 34 609
21 35 985
21 36 841
21 37 394
21 38 724
21 39 164
21 40 821
21 41 574
21 42 629
21 43 693
21 44 1029
21 45 491
21 46 1127
21 47 94
21 48 382
21 49 855
21 50 884
21 51 944
21 52 763
21 53 960
21 54 969
21 55 516
21 56 551
21 57 838
21 58 222
21 59 533
21 60 722
21 61 819
21 62 473
21 63 812
21 64 785
21 65 1038
21 66 558
21 67 835
21 68 168
21 69 823
21 70 810
21 71 561
21 72 992
21 73 835
21 74 906
21 75 436
21 76 176
21 77 432
21 78 563
21 79 1079
21 80 588
21 81 668
21 82 158
21 83 745
21 84 123
21 85 1010
21 86 485
21 87 549
21 88 207
21 89 903
21 90 794
21 91 387
21 92 691
21 93 519
21 94 777
21 95 675
21 96 175
21 97 597
21 98 1106
21 99 864
21 100 718
22 1 523
22 2 474
22 3 106
22 4 795
22 5 450
22 6 357
22 7 409
22 8 389
22 9 561
22 10 434
22 11 467
22 12 570
22 13 211
22 14 180
22 15 415
22 16 838
22 17 466
22 18 411
22 19 410
22 20 572
22 21 756
22 23 561
22 24 304
22 25 656
22 26 423
22 27 168
22 28 319
22 29 247
22 30 399
22 31 472
22 32 237
22 33 752
22 34 698
22 35 231
22 36 440
22 37 555
22 38 688
22 39 807
22 40 339
22 41 574
22 42 326
22 43 96
22 44 301
22 45 321
22 46 414
22 47 848
22 48 750
22 49 503
22 50 176
22 51 372
22 52 819
22 53 255
22 54 257
22 55 439
22 56 526
22 57 611
22 58 664
22 59 537
22 60 146
22 61 287
22 62 388
22 63 85
22 64 30
22 65 283
22 66 368
22 67 95
22 68 671
22 69 68
22 70 629
22 71 452
22 72 348
22 73 601
22 74 322
22 75 429
22 76 778
22 77 459
22 78 287
22 79 400
22 80 329
22 81 695
22 82 823
22 83 820
22 84 649
22 85 279
22 86 507
22 87 368
22 88 594
22 89 150
22 90 85
22 91 546
22 92 566
22 93 662
22 94 191
22 95 126
22 96 877
22 97 197
22 98 375
22 99 120
22 100 337
23 1 703
23 2 575
23 3 536
23 4 1008
23 5 923
23 6 892
23 7 969
23 8 947
23 9 937
23 10 210
23 11 381
23 12 295
23 13 658
23 14 386
23 15 283
23 16 475
23 17 299
23 18 963
23 19 152
23 20 577
23 21 417
23 22 561
23 24 281
23 25 900
23 26 185
23 27 728
23 28 427
23 29 356
23 30 695
23 31 920
23 32 580
23 33 937
23 34 834
23 35 751
23 36 860
23 37 27
23 38 909
23 39 352
23 40 793
23 41 158
23 42 287
23 43 468
23 44 861
23 45 246
23 46 975
23 47 479
23 48 698
23 49 454
23 50 732
23 51 884
23 52 998
23 53 814
23 54 817
23 55 612
23 56 136
23 57 947
23 58 519
23 59 690
23 60 613
23 61 763
23 62 174
23 63 642
23 64 589
23 65 818
23 66 215
23 67 655
23 68 478
23 69 624
23 70 937
23 71 169
23 72 891
23 73 940
23 74 834
23 75 136
23 76 560
23 77 104
23 78 545
23 79 956
23 80 258
23 81 874
23 82 373
23 83 987
23 84 401
23 85 839
23 86 81
23 87 210
23 88 434
23 89 677
23 90 554
23 91 38
23 92 824
23 93 750
23 94 682
23 95 552
23 96 432
23 97 364
23 98 934
23 99 680
23 100 719
24 1 634
24 2 529
24 3 260
24 4 944
24 5 725
24 6 657
24 7 703
24 8 691
24 9 789
24 10 256
24 11 238
24 12 286
24 13 457
24 14 164
24 15 293
24 16 676
24 17 346
24 18 715
24 19 138
24 20 584
24 21 600
24 22 304
24 23 281
24 25 815
24 26 119
24 27 470
24 28 334
24 29 204
24 30 567
24 31 734
24 32 304
24 33 884
24 34 799
24 35 473
24 36 686
24 37 283
24 38 836
24 39 594
24 40 599
24 41 270
24 42 42
24 43 209
24 44 597
24 45 122
24 46 711
24 47 683
24 48 749
24 49 305
24 50 480
24 51 663
24 52 950
24 53 558
24 54 559
24 55 534
24 56 223
24 57 819
24 58 603
24 59 633
24 60 398
24 61 557
24 62 131
24 63 389
24 64 328
24 65 541
24 66 68
24 67 396
24 68 583
24 69 360
24 70 823
24 71 148
24 72 650
24 73 810
24 74 612
24 75 174
24 76 688
24 77 194
24 78 409
24 79 703
24 80 25
24 81 820
24 82 614
24 83 946
24 84 529
24 85 573
24 86 213
24 87 72
24 88 513
24 89 401
24 90 280
24 91 278
24 92 727
24 93 733
24 94 464
24 95 339
24 96 673
24 97 130
24 98 666
24 99 418
24 100 554
25 1 198
25 2 327
25 3 759
25 4 140
25 5 401
25 6 552
25 7 762
25 8 684
25 9 214
25 10 690
25 11 1048
25 12 1089
25 13 454
25 14 663
25 15 617
25 16 788
25 17 607
25 18 641
25 19 813
25 20 366
25 21 733
25 22 656
25 23 900
25 24 815
25 26 891
25 27 650
25 28 491
25 29 613
25 30 261
25 31 348
25 32 893
25 33 114
25 34 156
25 35 813
25 36 304
25 37 877
25 38 40
25 39 884
25 40 385
25 41 1014
25 42 856
25 43 693
25 44 715
25 45 723
25 46 749
25 47 801
25 48 406
25 49 1106
25 50 621
25 51 485
25 52 172
25 53 644
25 54 657
25 55 291
25 56 965
25 57 147
25 58 513
25 59 214
25 60 513
25 61 434
25 62 785
25 63 628
25 64 666
25 65 818
25 66 840
25 67 653
25 68 566
25 69 680
25 70 103
25 71 913
25 72 580
25 73 152
25 74 489
25 75 793
25 76 606
25 77 819
25 78 409
25 79 666
25 80 827
25 81 96
25 82 884
25 83 181
25 84 625
25 85 713
25 86 905
25 87 833
25 88 542
25 89 759
25 90 741
25 91 864
25 92 91
25 93 227
25 94 495
25 95 536
25 96 907
25 97 696
25 98 769
25 99 669
25 100 328
26 1 701
26 2 585
26 3 376
26 4 1014
26 5 834
26 6 774
26 7 822
26 8 810
26 9 885
26 10 250
26 11 219
26 12 201
26 13 565
26 14 271
26 15 311
26 16 631
26 17 353
26 18 833
26 19 94
26 20 621
26 21 563
26 22 423
26 23 185
26 24 119
26 25 891
26 27 589
26 28 400
26 29 284
26 30 654
26 31 841
26 32 401
26 33 949
26 34 856
26 35 586
26 36 789
26 37 195
26 38 908
26 39 526
26 40 707
26 41 152
26 42 110
26 43 327
26 44 715
26 45 168
26 46 829
26 47 637
26 48 772
26 49 294
26 50 598
26 51 778
26 52 1014
26 53 677
26 54 678
26 55 602
26 56 104
26 57 909
26 58 609
26 59 696
26 60 509
26 61 668
26 62 114
26 63 507
26 64 447
26 65 656
26 66 58
26 67 515
26 68 580
26 69 479
26 70 908
26 71 30
26 72 768
26 73 901
26 74 727
26 75 133
26 76 677
26 77 132
26 78 495
26 79 822
26 80 95
26 81 884
26 82 548
26 83 1007
26 84 513
26 85 691
26 86 107
26 87 61
26 88 518
26 89 517
26 90 397
26 91 194
26 92 806
26 93 782
26 94 576
26 95 449
26 96 607
26 97 240
26 98 784
26 99 537
26 100 652
27 1 563
27 2 551
27 3 231
27 4 787
27 5 349
27 6 214
27 7 244
27 8 221
27 9 506
27 10 591
27 11 609
27 12 725
27 13 213
27 14 345
27 15 563
27 16 977
27 17 609
27 18 249
27 19 578
27 20 659
27 21 895
27 22 168
27 23 728
27 24 470
27 25 650
27 26 589
27 28 440
27 29 401
27 30 417
27 31 386
27 32 318
27 33 758
27 34 727
27 35 164
27 36 378
27 37 721
27 38 687
27 39 961
27 40 276
27 41 739
27 42 488
27 43 263
27 44 137
27 45 486
27 46 248
27 47 988
27 48 831
27 49 632
27 50 31
27 51 251
27 52 821
27 53 89
27 54 90
27 55 500
27 56 692
27 57 570
27 58 776
27 59 584
27 60 184
27 61 222
27 62 555
27 63 88
27 64 142
27 65 174
27 66 535
27 67 75
27 68 791
27 69 112
27 70 598
27 71 618
27 72 196
27 73 560
27 74 208
27 75 595
27 76 895
27 77 626
27 78 365
27 79 234
27 80 495
27 81 709
27 82 975
27 83 827
27 84 781
27 85 116
27 86 675
27 87 536
27 88 717
27 89 131
27 90 205
27 91 712
27 92 567
27 93 712
27 94 163
27 95 221
27 96 1028
27 97 365
27 98 214
27 99 55
27 100 327
28 1 303
28 2 197
28 3 383
28 4 615
28 5 517
28 6 529
28 7 670
28 8 622
28 9 510
28 10 223
28 11 571
28 12 599
28 13 278
28 14 210
28 15 159
28 16 540
28 17 186
28 18 619
28 19 323
28 20 269
28 21 459
28 22 319
28 23 427
28 24 334
28 25 491
28 26 400
28 27 440
28 29 133
28 30 268
28 31 504
28 32 508
28 33 552
28 34 465
28 35 548
28 36 440
28 37 407
28 38 508
28 39 545
28 40 389
28 41 526
28 42 376
28 43 288
28 44 571
28 45 233
28 46 669
28 47 552
28 48 447
28 49 637
28 50 427
28 51 501
28 52 618
28 53 502
28 54 511
28 55 203
28 56 476
28 57 522
28 58 346
28 59 300
28 60 264
28 61 374
28 62 295
28 63 360
28 64 346
28 65 593
28 66 351
28 67 386
28 68 354
28 69 381
28 70 515
28 71 422
28 72 538
28 73 514
28 74 458
28 75 307
28 76 461
28 77 336
28 78 123
28 79 622
28 80 343
28 81 487
28 82 557
28 83 612
28 84 343
28 85 553
28 86 419
28 87 344
28 88 279
28 89 467
28 90 379
28 91 395
28 92 408
28 93 401
28 94 320
28 95 219
28 96 604
28 97 236
28 98 648
28 99 414
28 100 301
29 1 431
29 2 329
29 3 281
29 4 741
29 5 569
29 6 541
29 7 644
29 8 609
29 9 602
29 10 191
29 11 440
29 12 479
29 13 302
29 14 88
29 15 169
29 16 593
29 17 222
29 18 618
29 19 223
29 20 396
29 21 512
29 22 247
29 23 356
29 24 204
29 25 613
29 26 284
29 27 401
29 28 133
29 30 370
29 31 568
29 32 393
29 33 680
29 34 597
29 35 474
29 36 512
29 37 343
29 38 633
29 39 561
29 40 439
29 41 424
29 42 245
29 43 184
29 44 538
29 45 121
29 46 646
29 47 604
29 48 570
29 49 505
29 50 397
29 51 528
29 52 747
29 53 479
29 54 484
29 55 331
29 56 373
29 57 625
29 58 448
29 59 430
29 60 260
29 61 408
29 62 195
29 63 313
29 64 277
29 65 530
29 66 230
29 67 334
29 68 444
29 69 315
29 70 625
29 71 310
29 72 542
29 73 617
29 74 480
29 75 222
29 76 552
29 77 254
29 78 211
29 79 615
29 80 215
29 81 616
29 82 577
29 83 742
29 84 411
29 85 517
29 86 327
29 87 225
29 88 367
29 89 392
29 90 284
29 91 332
29 92 526
29 93 534
29 94 328
29 95 199
29 96 631
29 97 107
29 98 614
29 99 362
29 100 372
30 1 150
30 2 198
30 3 500
30 4 399
30 5 298
30 6 385
30 7 580
30 8 510
30 9 243
30 10 488
30 11 795
30 12 849
30 13 207
30 14 409
30 15 420
30 16 716
30 17 430
30 18 483
30 19 586
30 20 302
30 21 643
30 22 399
30 23 695
30 24 567
30 25 261
30 26 654
30 27 417
30 28 268
30 29 370
30 31 267
30 32 635
30 33 354
30 34 311
30 35 573
30 36 198
30 37 675
30 38 290
30 39 766
30 40 202
30 41 789
30 42 607
30 43 433
30 44 509
30 45 488
30 46 572
30 47 728
30 48 446
30 49 851
30 50 391
30 51 330
30 52 421
30 53 433
30 54 446
30 55 130
30 56 738
30 57 256
30 58 455
30 59 176
30 60 259
30 61 228
30 62 557
30 63 379
30 64 410
30 65 590
30 66 600
30 67 406
30 68 492
30 69 428
30 70 256
30 71 679
30 72 406
30 73 248
30 74 309
30 75 573
30 76 573
30 77 603
30 78 160
30 79 500
30 80 582
30 81 298
30 82 773
30 83 423
30 84 521
30 85 501
30 86 685
30 87 594
30 88 437
30 89 511
30 90 482
30 91 662
30 92 170
30 93 300
30 94 255
30 95 277
30 96 811
30 97 444
30 98 575
30 99 425
30 100 100
31 1 383
31 2 464
31 3 574
31 4 462
31 5 55
31 6 221
31 7 428
31 8 348
31 9 144
31 10 724
31 11 934
31 12 1019
31 13 279
31 14 572
31 15 663
31 16 982
31 17 683
31 18 300
31 19 790
31 20 562
31 21 910
31 22 472
31 23 920
31 24 734
31 25 348
31 26 841
31 27 386
31 28 504
31 29 568
31 30 267
31 32 690
31 33 460
31 34 481
31 35 543
31 36 69
31 37 903
31 38 387
31 39 1029
31 40 136
31 41 987
31 42 767
31 43 548
31 44 403
31 45 687
31 46 412
31 47 995
31 48 684
31 49 974
31 50 357
31 51 155
31 52 510
31 53 344
31 54 357
31 55 396
31 56 936
31 57 219
31 58 719
31 59 413
31 60 341
31 61 185
31 62 762
31 63 407
31 64 466
31 65 526
31 66 783
31 67 422
31 68 758
31 69 461
31 70 260
31 71 869
31 72 251
31 73 210
31 74 182
31 75 788
31 76 835
31 77 820
31 78 381
31 79 327
31 80 755
31 81 435
31 82 1037
31 83 523
31 84 788
31 85 408
31 86 894
31 87 780
31 88 703
31 89 515
31 90 549
31 91 891
31 92 298
31 93 513
31 94 282
31 95 396
31 96 1076
31 97 605
31 98 442
31 99 425
31 100 204
32 1 753
32 2 689
32 3 136
32 4 1032
32 5 659
32 6 530
32 7 488
32 8 506
32 9 792
32 10 536
32 11 325
32 12 465
32 13 446
32 14 306
32 15 549
32 16 963
32 17 605
32 18 549
32 19 441
32 20 776
32 21 884
32 22 237
32 23 580
32 24 304
32 25 893
32 26 401
32 27 318
32 28 508
32 29 393
32 30 635
32 31 690
32 33 987
32 34 929
32 35 223
32 36 667
32 37 585
32 38 924
32 39 895
32 40 564
32 41 527
32 42 294
32 43 222
32 44 395
32 45 395
32 46 501
32 47 972
32 48 954
32 49 329
32 50 343
32 51 566
32 52 1054
32 53 395
32 54 389
32 55 664
32 56 493
32 57 845
32 58 841
32 59 764
32 60 383
32 61 509
32 62 431
32 63 284
32 64 231
32 65 291
32 66 367
32 67 268
32 68 835
32 69 229
32 70 865
32 71 424
32 72 511
32 73 835
32 74 520
32 75 476
32 76 944
32 77 497
32 78 511
32 79 526
32 80 325
32 81 929
32 82 914
32 83 1056
32 84 796
32 85 374
32 86 506
32 87 372
32 88 759
32 89 192
32 90 153
32 91 581
32 92 803
32 93 886
32 94 418
32 95 359
32 96 972
32 97 293
32 98 444
32 99 269
32 100 573
33 1 250
33 2 366
33 3 852
33 4 75
33 5 514
33 6 666
33 7 876
33 8 797
33 9 324
33 10 731
33 11 1120
33 12 1149
33 13 556
33 14 740
33 15 658
33 16 765
33 17 639
33 18 755
33 19 866
33 20 371
33 21 720
33 22 752
33 23 937
33 24 884
33 25 114
33 26 949
33 27 758
33 28 552
33 29 680
33 30 354
33 31 460
33 32 987
33 34 112
33 35 919
33 36 418
33 37 913
33 38 75
33 39 878
33 40 497
33 41 1062
33 42 925
33 43 780
33 44 827
33 45 783
33 46 862
33 47 777
33 48 359
33 49 1182
33 50 729
33 51 598
33 52 68
33 53 755
33 54 768
33 55 350
33 56 1015
33 57 252
33 58 499
33 59 254
33 60 611
33 61 544
33 62 839
33 63 730
33 64 764
33 65 927
33 66 902
33 67 756
33 68 554
33 69 780
33 70 206
33 71 970
33 72 693
33 73 258
33 74 602
33 75 841
33 76 574
33 77 866
33 78 488
33 79 780
33 80 894
33 81 65
33 82 876
33 83 70
33 84 622
33 85 824
33 86 952
33 87 894
33 88 546
33 89 862
33 90 835
33 91 901
33 92 191
33 93 203
33 94 599
33 95 628
33 96 892
33 97 772
33 98 881
33 99 773
33 100 432
34 1 176
34 2 272
34 3 794
34 4 186
34 5 531
34 6 666
34 7 873
34 8 798
34 9 361
34 10 631
34 11 1036
34 12 1056
34 13 517
34 14 663
34 15 559
34 16 656
34 17 536
34 18 761
34 19 770
34 20 263
34 21 609
34 22 698
34 23 834
34 24 799
34 25 156
34 26 856
34 27 727
34 28 465
34 29 597
34 30 311
34 31 481
34 32 929
34 33 112
34 35 884
34 36 427
34 37 810
34 38 130
34 39 767
34 40 486
34 41 964
34 42 840
34 43 714
34 44 813
34 45 693
34 46 862
34 47 668
34 48 256
34 49 1101
34 50 700
34 51 602
34 52 165
34 53 737
34 54 750
34 55 270
34 56 917
34 57 300
34 58 388
34 59 168
34 60 565
34 61 526
34 62 745
34 63 688
34 64 713
34 65 900
34 66 812
34 67 715
34 68 443
34 69 734
34 70 257
34 71 876
34 72 692
34 73 304
34 74 596
34 75 744
34 76 467
34 77 767
34 78 420
34 79 783
34 80 807
34 81 65
34 82 765
34 83 153
34 84 511
34 85 806
34 86 853
34 87 804
34 88 435
34 89 820
34 90 779
34 91 797
34 92 184
34 93 92
34 94 565
34 95 572
34 96 782
34 97 694
34 98 873
34 99 735
34 100 404
35 1 715
35 2 688
35 3 215
35 4 950
35 5 501
35 6 346
35 7 266
35 8 293
35 9 668
35 10 654
35 11 546
35 12 681
35 13 367
35 14 397
35 15 643
35 16 1067
35 17 694
35 18 341
35 19 601
35 20 792
35 21 985
35 22 231
35 23 751
35 24 473
35 25 813
35 26 586
35 27 164
35 28 548
35 29 474
35 30 573
35 31 543
35 32 223
35 33 919
35 34 884
35 36 540
35 37 750
35 38 848
35 39 1027
35 40 439
35 41 727
35 42 477
35 43 297
35 44 182
35 45 527
35 46 280
35 47 1077
35 48 968
35 49 551
35 50 194
35 51 398
35 52 983
35 53 206
35 54 196
35 55 644
35 56 687
35 57 733
35 58 893
35 59 734
35 60 324
35 61 385
35 62 584
35 63 201
35 64 203
35 65 71
35 66 541
35 67 173
35 68 901
35 69 168
35 70 762
35 71 613
35 72 322
35 73 722
35 74 362
35 75 628
35 76 1008
35 77 655
35 78 498
35 79 315
35 80 497
35 81 869
35 82 1045
35 83 988
35 84 879
35 85 163
35 86 685
35 87 544
35 88 824
35 89 82
35 90 200
35 91 743
35 92 728
35 93 862
35 94 320
35 95 339
35 96 1100
35 97 403
35 98 223
35 99 150
35 100 487
36 1 317
36 2 395
36 3 545
36 4 429
36 5 108
36 6 249
36 7 459
36 8 380
36 9 128
36 10 662
36 11 894
36 12 972
36 13 236
36 14 523
36 15 599
36 16 913
36 17 617
36 18 338
36 19 735
36 20 494
36 21 841
36 22 440
36 23 860
36 24 686
36 25 304
36 26 789
36 27 378
36 28 440
36 29 512
36 30 198
36 31 69
36 32 667
36 33 418
36 34 427
36 35 540
36 37 843
36 38 344
36 39 961
36 40 105
36 41 934
36 42 721
36 43 509
36 44 419
36 45 632
36 46 445
36 47 926
36 48 620
36 49 938
36 50 348
36 51 181
36 52 473
36 53 352
36 54 365
36 55 327
36 56 883
36 57 195
36 58 650
36 59 347
36 60 301
36 61 160
36 62 706
36 63 384
36 64 439
36 65 532
36 66 732
36 67 403
36 68 689
36 69 439
36 70 230
36 71 817
36 72 277
36 73 185
36 74 190
36 75 730
36 76 767
36 77 762
36 78 318
36 79 362
36 80 706
36 81 386
36 82 969
36 83 484
36 84 719
36 85 419
36 86 838
36 87 728
36 88 634
36 89 502
36 90 521
36 91 831
36 92 243
36 93 452
36 94 251
36 95 351
36 96 1007
36 97 556
36 98 467
36 99 410
36 100 142
37 1 680
37 2 552
37 3 535
37 4 984
37 5 908
37 6 881
37 7 963
37 8 939
37 9 917
37 10 188
37 11 398
37 12 319
37 13 644
37 14 377
37 15 261
37 16 454
37 17 275
37 18 954
37 19 149
37 20 552
37 21 394
37 22 555
37 23 27
37 24 283
37 25 877
37 26 195
37 27 721
37 28 407
37 29 343
37 30 675
37 31 903
37 32 585
37 33 913
37 34 810
37 35 750
37 36 843
37 38 886
37 39 335
37 40 778
37 41 183
37 42 293
37 43 463
37 44 855
37 45 236
37 46 968
37 47 458
37 48 671
37 49 472
37 50 724
37 51 871
37 52 973
37 53 806
37 54 809
37 55 589
37 56 158
37 57 926
37 58 493
37 59 666
37 60 601
37 61 749
37 62 168
37 63 634
37 64 583
37 65 816
37 66 219
37 67 649
37 68 452
37 69 619
37 70 916
37 71 183
37 72 880
37 73 919
37 74 822
37 75 127
37 76 534
37 77 96
37 78 526
37 79 947
37 80 261
37 81 849
37 82 356
37 83 962
37 84 375
37 85 833
37 86 96
37 87 213
37 88 407
37 89 674
37 90 552
37 91 13
37 92 802
37 93 725
37 94 669
37 95 540
37 96 415
37 97 358
37 98 929
37 99 674
37 100 702
38 1 208
38 2 335
38 3 789
38 4 110
38 5 440
38 6 591
38 7 801
38 8 723
38 9 253
38 10 700
38 11 1070
38 12 1107
38 13 488
38 14 687
38 15 627
38 16 776
38 17 614
38 18 681
38 19 828
38 20 361
38 21 724
38 22 688
38 23 909
38 24 836
38 25 40
38 26 908
38 27 687
38 28 508
38 29 633
38 30 290
38 31 387
38 32 924
38 33 75
38 34 130
38 35 848
38 36 344
38 37 886
38 39 878
38 40 423
38 41 1028
38 42 877
38 43 721
38 44 754
38 45 741
38 46 788
38 47 789
38 48 385
38 49 1130
38 50 658
38 51 524
38 52 135
38 53 682
38 54 695
38 55 306
38 56 979
38 57 183
38 58 504
38 59 220
38 60 545
38 61 471
38 62 800
38 63 662
38 64 698
38 65 855
38 66 858
38 67 687
38 68 557
38 69 713
38 70 138
38 71 930
38 72 619
38 73 189
38 74 528
38 75 806
38 76 591
38 77 832
38 78 433
38 79 706
38 80 848
38 81 66
38 82 877
38 83 142
38 84 619
38 85 751
38 86 918
38 87 851
38 88 538
38 89 793
38 90 772
38 91 873
38 92 122
38 93 210
38 94 530
38 95 566
38 96 898
38 97 720
38 98 808
38 99 703
38 100 362
39 1 702
39 2 582
39 3 819
39 4 953
39 5 1051
39 6 1074
39 7 1202
39 8 1161
39 9 996
39 10 374
39 11 732
39 12 638
39 13 822
39 14 631
39 15 400
39 16 164
39 17 360
39 18 1162
39 19 459
39 20 519
39 21 164
39 22 807
39 23 352
39 24 594
39 25 884
39 26 526
39 27 961
39 28 545
39 29 561
39 30 766
39 31 1029
39 32 895
39 33 878
39 34 767
39 35 1027
39 36 961
39 37 335
39 38 878
39 40 929
39 41 495
39 42 614
39 43 730
39 44 1097
39 45 505
39 46 1203
39 47 160
39 48 546
39 49 805
39 50 955
39 51 1045
39 52 923
39 53 1034
39 54 1041
39 55 645
39 56 485
39 57 979
39 58 379
39 59 677
39 60 801
39 61 918
39 62 464
39 63 874
39 64 837
39 65 1088
39 66 539
39 67 894
39 68 324
39 69 875
39 70 954
39 71 517
39 72 1082
39 73 975
39 74 1003
39 75 421
39 76 337
39 77 404
39 78 662
39 79 1163
39 80 576
39 81 823
39 82 22
39 83 906
39 84 260
39 85 1077
39 86 430
39 87 531
39 88 344
39 89 947
39 90 829
39 91 333
39 92 834
39 93 676
39 94 863
39 95 747
39 96 81
39 97 626
39 98 1174
39 99 923
39 100 831
40 1 347
40 2 392
40 3 443
40 4 518
40 5 131
40 6 185
40 7 387
40 8 313
40 9 232
40 10 604
40 11 798
40 12 883
40 13 143
40 14 437
40 15 547
40 16 898
40 17 573
40 18 282
40 19 660
40 20 500
40 21 821
40 22 339
40 23 793
40 24 599
40 25 385
40 26 707
40 27 276
40 28 389
40 29 439
40 30 202
40 31 136
40 32 564
40 33 497
40 34 486
40 35 439
40 36 105
40 37 778
40 38 423
40 39 929
40 41 855
40 42 632
40 43 413
40 44 331
40 45 557
40 46 376
40 47 911
40 48 647
40 49 839
40 50 246
40 51 129
40 52 556
40 53 259
40 54 272
40 55 326
40 56 804
40 57 294
40 58 648
40 59 375
40 60 205
40 61 56
40 62 632
40 63 280
40 64 336
40 65 436
40 66 650
40 67 299
40 68 681
