nnodes nedges type capacity P s t
100  4950  graph  1000 100 1 100 
nodename posx posy itemvalue itemweight
1 517 76 0 0
2 294 698 9 6
3 338 915 15 2
4 543 682 28 1
5 879 815 11 8
6 368 555 22 8
7 195 734 1 7
8 312 952 47 1
9 539 320 44 4
10 254 797 46 2
11 320 107 35 3
12 825 633 1 1
13 660 26 14 10
14 834 718 5 4
15 592 100 23 5
16 148 462 42 9
17 528 442 7 2
18 160 218 44 4
19 358 55 6 3
20 900 589 24 6
21 222 269 1 7
22 144 418 45 3
23 3 808 24 1
24 370 894 15 7
25 128 625 7 1
26 691 449 10 3
27 84 869 25 2
28 82 745 36 10
29 895 268 33 2
30 463 839 34 5
31 368 611 26 7
32 301 896 15 5
33 54 813 31 1
34 115 764 10 6
35 868 367 33 3
36 353 443 1 3
37 988 498 31 7
38 861 343 37 6
39 658 583 39 4
40 237 787 24 5
41 208 281 16 3
42 236 293 40 10
43 150 670 46 5
44 390 397 29 9
45 938 205 18 4
46 236 659 35 4
47 168 890 43 10
48 907 574 30 3
49 703 374 10 9
50 338 924 10 2
51 742 44 23 2
52 367 730 27 3
53 894 580 8 5
54 426 552 9 6
55 163 663 18 2
56 339 724 43 3
57 944 927 17 2
58 369 94 24 2
59 597 759 8 5
60 491 888 42 7
61 316 80 18 7
62 547 484 20 2
63 970 454 26 9
64 59 25 36 7
65 829 749 39 5
66 301 923 30 1
67 793 20 8 6
68 5 687 14 5
69 600 431 21 4
70 592 116 13 10
71 95 283 5 5
72 840 391 23 3
73 211 209 38 6
74 838 160 35 7
75 320 681 50 8
76 48 636 23 10
77 761 947 4 5
78 472 731 33 1
79 754 883 45 9
80 109 583 17 4
81 633 410 15 7
82 858 778 44 5
83 431 863 4 9
84 818 383 39 6
85 295 410 32 3
86 499 742 16 9
87 693 339 9 8
88 133 256 11 8
89 900 971 35 7
90 417 572 44 5
91 653 817 25 9
92 560 414 6 8
93 117 33 15 8
94 498 871 11 1
95 916 607 8 7
96 454 549 44 5
97 369 664 25 10
98 680 800 49 1
99 527 498 50 9
100 184 822 0 0
endpoint1 endpoint2 weight
1 2 661
1 3 858
1 4 607
1 5 823
1 6 502
1 7 733
1 8 900
1 9 245
1 10 768
1 11 200
1 12 637
1 13 152
1 14 716
1 15 79
1 16 535
1 17 367
1 18 385
1 19 161
1 20 641
1 21 353
1 22 507
1 23 895
1 24 832
1 25 673
1 26 412
1 27 904
1 28 798
1 29 424
1 30 765
1 31 556
1 32 848
1 33 871
1 34 797
1 35 456
1 36 402
1 37 633
1 38 436
1 39 527
1 40 765
1 41 371
1 42 356
1 43 699
1 44 346
1 45 441
1 46 648
1 47 886
1 48 633
1 49 352
1 50 867
1 51 228
1 52 671
1 53 630
1 54 485
1 55 686
1 56 673
1 57 953
1 58 150
1 59 688
1 60 813
1 61 202
1 62 410
1 63 590
1 64 461
1 65 742
1 66 875
1 67 282
1 68 798
1 69 365
1 70 85
1 71 471
1 72 452
1 73 334
1 74 332
1 75 637
1 76 731
1 77 905
1 78 657
1 79 842
1 80 651
1 81 354
1 82 781
1 83 792
1 84 430
1 85 402
1 86 667
1 87 317
1 88 425
1 89 974
1 90 506
1 91 754
1 92 341
1 93 403
1 94 796
1 95 665
1 96 478
1 97 607
1 98 743
1 99 423
1 100 817
2 1 661
2 3 222
2 4 250
2 5 597
2 6 162
2 7 106
2 8 255
2 9 451
2 10 107
2 11 592
2 12 535
2 13 766
2 14 541
2 15 669
2 16 278
2 17 347
2 18 499
2 19 647
2 20 616
2 21 435
2 22 318
2 23 312
2 24 211
2 25 182
2 26 469
2 27 271
2 28 218
2 29 739
2 30 221
2 31 115
2 32 199
2 33 267
2 34 191
2 35 663
2 36 262
2 37 723
2 38 669
2 39 382
2 40 106
2 41 426
2 42 410
2 43 147
2 44 316
2 45 812
2 46 70
2 47 230
2 48 626
2 49 522
2 50 231
2 51 793
2 52 80
2 53 612
2 54 197
2 55 136
2 56 52
2 57 690
2 58 609
2 59 310
2 60 274
2 61 619
2 62 332
2 63 719
2 64 713
2 65 538
2 66 226
2 67 842
2 68 290
2 69 407
2 70 654
2 71 461
2 72 627
2 73 496
2 74 766
2 75 32
2 76 254
2 77 530
2 78 182
2 79 496
2 80 218
2 81 445
2 82 570
2 83 215
2 84 612
2 85 289
2 86 210
2 87 537
2 88 471
2 89 665
2 90 177
2 91 379
2 92 390
2 93 689
2 94 268
2 95 629
2 96 219
2 97 83
2 98 400
2 99 308
2 100 166
3 1 858
3 2 222
3 4 311
3 5 551
3 6 362
3 7 231
3 8 46
3 9 629
3 10 145
3 11 809
3 12 563
3 13 946
3 14 534
3 15 854
3 16 492
3 17 510
3 18 720
3 19 861
3 20 650
3 21 657
3 22 534
3 23 352
3 24 39
3 25 359
3 26 585
3 27 259
3 28 308
3 29 854
3 30 147
3 31 306
3 32 42
3 33 302
3 34 270
3 35 763
3 36 473
3 37 773
3 38 776
3 39 462
3 40 164
3 41 648
3 42 631
3 43 309
3 44 521
3 45 930
3 46 276
3 47 172
3 48 664
3 49 653
3 50 9
3 51 961
3 52 188
3 53 650
3 54 374
3 55 307
3 56 192
3 57 607
3 58 822
3 59 303
3 60 156
3 61 836
3 62 480
3 63 783
3 64 933
3 65 519
3 66 38
3 67 1005
3 68 404
3 69 551
3 70 839
3 71 678
3 72 726
3 73 718
3 74 906
3 75 235
3 76 403
3 77 425
3 78 228
3 79 418
3 80 404
3 81 585
3 82 538
3 83 107
3 84 717
3 85 507
3 86 237
3 87 677
3 88 691
3 89 565
3 90 352
3 91 330
3 92 548
3 93 910
3 94 166
3 95 655
3 96 384
3 97 253
3 98 361
3 99 458
3 100 180
4 1 607
4 2 250
4 3 311
4 5 362
4 6 217
4 7 352
4 8 356
4 9 363
4 10 312
4 11 617
4 12 287
4 13 667
4 14 294
4 15 585
4 16 453
4 17 241
4 18 602
4 19 654
4 20 369
4 21 524
4 22 479
4 23 555
4 24 274
4 25 419
4 26 277
4 27 496
4 28 466
4 29 544
4 30 177
4 31 189
4 32 324
4 33 507
4 34 436
4 35 453
4 36 306
4 37 482
4 38 465
4 39 152
4 40 324
4 41 523
4 42 496
4 43 394
4 44 324
4 45 620
4 46 308
4 47 429
4 48 380
4 49 348
4 50 318
4 51 669
4 52 183
4 53 366
4 54 175
4 55 381
4 56 209
4 57 470
4 58 614
4 59 95
4 60 213
4 61 644
4 62 199
4 63 485
4 64 817
4 65 294
4 66 342
4 67 708
4 68 539
4 69 258
4 70 569
4 71 600
4 72 416
4 73 578
4 74 600
4 75 224
4 76 498
4 77 344
4 78 87
4 79 292
4 80 446
4 81 287
4 82 330
4 83 213
4 84 407
4 85 369
4 86 75
4 87 375
4 88 592
4 89 460
4 90 168
4 91 175
4 92 269
4 93 777
4 94 195
4 95 381
4 96 161
4 97 175
4 98 181
4 99 185
4 100 386
5 1 823
5 2 597
5 3 551
5 4 362
5 6 574
5 7 689
5 8 584
5 9 601
5 10 626
5 11 903
5 12 190
5 13 819
5 14 107
5 15 771
5 16 812
5 17 513
5 18 935
5 19 922
5 20 227
5 21 855
5 22 836
5 23 877
5 24 516
5 25 775
5 26 412
5 27 797
5 28 801
5 29 548
5 30 417
5 31 551
5 32 584
5 33 826
5 34 766
5 35 449
5 36 645
5 37 336
5 38 473
5 39 321
5 40 643
5 41 858
5 42 829
5 43 744
5 44 644
5 45 613
5 46 662
5 47 715
5 48 243
5 49 475
5 50 552
5 51 784
5 52 520
5 53 236
5 54 524
5 55 732
5 56 548
5 57 130
5 58 884
5 59 288
5 60 395
5 61 926
5 62 469
5 63 373
5 64 1139
5 65 83
5 66 589
5 67 800
5 68 884
5 69 475
5 70 756
5 71 948
5 72 426
5 73 902
5 74 657
5 75 575
5 76 851
5 77 178
5 78 416
5 79 143
5 80 805
5 81 474
5 82 43
5 83 451
5 84 437
5 85 711
5 86 387
5 87 512
5 88 933
5 89 158
5 90 523
5 91 227
5 92 513
5 93 1092
5 94 386
5 95 212
5 96 502
5 97 532
5 98 200
5 99 474
5 100 696
6 1 502
6 2 162
6 3 362
6 4 217
6 5 574
6 7 249
6 8 401
6 9 291
6 10 268
6 11 451
6 12 464
6 13 605
6 14 494
6 15 508
6 16 239
6 17 196
6 18 397
6 19 501
6 20 534
6 21 322
6 22 263
6 23 445
6 24 340
6 25 250
6 26 340
6 27 424
6 28 344
6 29 601
6 30 300
6 31 56
6 32 348
6 33 407
6 34 329
6 35 535
6 36 113
6 37 623
6 38 537
6 39 292
6 40 267
6 41 318
6 42 294
6 43 247
6 44 160
6 45 669
6 46 169
6 47 391
6 48 540
6 49 381
6 50 371
6 51 634
6 52 176
6 53 527
6 54 59
6 55 232
6 56 172
6 57 686
6 58 462
6 59 307
6 60 355
6 61 478
6 62 193
6 63 611
6 64 614
6 65 501
6 66 375
6 67 684
6 68 387
6 69 264
6 70 493
6 71 386
6 72 500
6 73 380
6 74 614
6 75 135
6 76 331
6 77 556
6 78 205
6 79 507
6 80 261
6 81 303
6 82 539
6 83 315
6 84 482
6 85 163
6 86 229
6 87 391
6 88 381
6 89 676
6 90 52
6 91 388
6 92 239
6 93 580
6 94 342
6 95 551
6 96 87
6 97 110
6 98 397
6 99 169
6 100 325
7 1 733
7 2 106
7 3 231
7 4 352
7 5 689
7 6 249
7 8 248
7 9 539
7 10 87
7 11 640
7 12 639
7 13 848
7 14 640
7 15 749
7 16 277
7 17 443
7 18 518
7 19 699
7 20 720
7 21 466
7 22 321
7 23 206
7 24 238
7 25 128
7 26 573
7 27 175
7 28 114
7 29 841
7 30 288
7 31 213
7 32 194
7 33 162
7 34 86
7 35 767
7 36 332
7 37 828
7 38 773
7 39 488
7 40 68
7 41 454
7 42 443
7 43 79
7 44 390
7 45 913
7 46 86
7 47 159
7 48 730
7 49 623
7 50 238
7 51 881
7 52 173
7 53 716
7 54 295
7 55 78
7 56 145
7 57 774
7 58 664
7 59 403
7 60 334
7 61 666
7 62 432
7 63 825
7 64 722
7 65 635
7 66 217
7 67 932
7 68 196
7 69 506
7 70 735
7 71 462
7 72 731
7 73 526
7 74 862
7 75 136
7 76 177
7 77 605
7 78 278
7 79 579
7 80 174
7 81 545
7 82 665
7 83 269
7 84 716
7 85 340
7 86 305
7 87 636
7 88 483
7 89 744
7 90 275
7 91 466
7 92 486
7 93 706
7 94 333
7 95 733
7 96 319
7 97 188
7 98 490
7 99 408
7 100 89
8 1 900
8 2 255
8 3 46
8 4 356
8 5 584
8 6 401
8 7 248
8 9 672
8 10 166
8 11 846
8 12 605
8 13 990
8 14 573
8 15 897
8 16 517
8 17 554
8 18 750
8 19 899
8 20 692
8 21 689
8 22 560
8 23 341
8 24 83
8 25 376
8 26 630
8 27 243
8 28 310
8 29 899
8 30 189
8 31 346
8 32 58
8 33 294
8 34 273
8 35 808
8 36 511
8 37 815
8 38 820
8 39 506
8 40 182
8 41 680
8 42 664
8 43 326
8 44 561
8 45 975
8 46 303
8 47 157
8 48 705
8 49 698
8 50 39
8 51 1005
8 52 229
8 53 691
8 54 416
8 55 326
8 56 230
8 57 633
8 58 860
8 59 345
8 60 191
8 61 873
8 62 524
8 63 826
8 64 961
8 65 556
8 66 32
8 67 1049
8 68 406
8 69 596
8 70 882
8 71 704
8 72 771
8 73 750
8 74 951
8 75 272
8 76 412
8 77 450
8 78 273
8 79 448
8 80 422
8 81 630
8 82 574
8 83 149
8 84 762
8 85 543
8 86 282
8 87 722
8 88 719
8 89 589
8 90 395
8 91 367
8 92 593
8 93 940
8 94 203
8 95 696
8 96 428
8 97 294
8 98 399
8 99 503
8 100 183
9 1 245
9 2 451
9 3 629
9 4 363
9 5 601
9 6 291
9 7 539
9 8 672
9 10 556
9 11 306
9 12 424
9 13 318
9 14 496
9 15 227
9 16 416
9 17 123
9 18 393
9 19 321
9 20 451
9 21 322
9 22 407
9 23 725
9 24 599
9 25 512
9 26 200
9 27 714
9 28 625
9 29 360
9 30 525
9 31 338
9 32 624
9 33 692
9 34 614
9 35 333
9 36 223
9 37 483
9 38 323
9 39 289
9 40 557
9 41 334
9 42 305
9 43 524
9 44 168
9 45 416
9 46 455
9 47 681
9 48 448
9 49 173
9 50 637
9 51 343
9 52 445
9 53 441
9 54 259
9 55 509
9 56 451
9 57 730
9 58 283
9 59 443
9 60 571
9 61 328
9 62 165
9 63 452
9 64 564
9 65 518
9 66 649
9 67 394
9 68 648
9 69 127
9 70 211
9 71 446
9 72 310
9 73 347
9 74 340
9 75 423
9 76 584
9 77 666
9 78 417
9 79 603
9 80 505
9 81 131
9 82 559
9 83 554
9 84 287
9 85 261
9 86 424
9 87 156
9 88 412
9 89 745
9 90 280
9 91 510
9 92 97
9 93 511
9 94 553
9 95 474
9 96 245
9 97 384
9 98 501
9 99 179
9 100 615
10 1 768
10 2 107
10 3 145
10 4 312
10 5 626
10 6 268
10 7 87
10 8 166
10 9 556
10 11 694
10 12 595
10 13 872
10 14 586
10 15 775
10 16 352
10 17 449
10 18 587
10 19 750
10 20 679
10 21 529
10 22 395
10 23 252
10 24 152
10 25 214
10 26 559
10 27 185
10 28 180
10 29 832
10 30 214
10 31 219
10 32 110
10 33 201
10 34 143
10 35 750
10 36 368
10 37 793
10 38 759
10 39 458
10 40 20
10 41 519
10 42 505
10 43 165
10 44 423
10 45 905
10 46 140
10 47 127
10 48 691
10 49 617
10 50 153
10 51 898
10 52 132
10 53 676
10 54 300
10 55 162
10 56 113
10 57 703
10 58 713
10 59 346
10 60 254
10 61 720
10 62 429
10 63 794
10 64 797
10 65 577
10 66 135
10 67 946
10 68 273
10 69 504
10 70 761
10 71 539
10 72 713
10 73 590
10 74 865
10 75 134
10 76 262
10 77 529
10 78 228
10 79 508
10 80 259
10 81 542
10 82 605
10 83 189
10 84 700
10 85 390
10 86 252
10 87 635
10 88 555
10 89 670
10 90 278
10 91 400
10 92 491
10 93 777
10 94 255
10 95 689
10 96 319
10 97 176
10 98 427
10 99 405
10 100 75
11 1 200
11 2 592
11 3 809
11 4 617
11 5 903
11 6 451
11 7 640
11 8 846
11 9 306
11 10 694
11 12 730
11 13 350
11 14 799
11 15 273
11 16 395
11 17 395
11 18 195
11 19 65
11 20 755
11 21 190
11 22 358
11 23 770
11 24 789
11 25 553
11 26 505
11 27 798
11 28 681
11 29 598
11 30 746
11 31 507
11 32 790
11 33 755
11 34 689
11 35 607
11 36 338
11 37 775
11 38 591
11 39 584
11 40 686
11 41 207
11 42 205
11 43 589
11 44 299
11 45 626
11 46 559
11 47 798
11 48 751
11 49 467
11 50 818
11 51 427
11 52 625
11 53 744
11 54 458
11 55 578
11 56 618
11 57 1031
11 58 51
11 59 709
11 60 800
11 61 28
11 62 441
11 63 737
11 64 274
11 65 820
11 66 817
11 67 481
11 68 661
11 69 429
11 70 273
11 71 286
11 72 593
11 73 150
11 74 521
11 75 574
11 76 595
11 77 949
11 78 643
11 79 890
11 80 521
11 81 436
11 82 861
11 83 765
11 84 570
11 85 305
11 86 660
11 87 440
11 88 240
11 89 1041
11 90 476
11 91 785
11 92 390
11 93 217
11 94 785
11 95 778
11 96 462
11 97 560
11 98 781
11 99 443
11 100 728
12 1 637
12 2 535
12 3 563
12 4 287
12 5 190
12 6 464
12 7 639
12 8 605
12 9 424
12 10 595
12 11 730
12 13 630
12 14 86
12 15 582
12 16 699
12 17 354
12 18 784
12 19 744
12 20 87
12 21 705
12 22 715
12 23 841
12 24 525
12 25 698
12 26 228
12 27 778
12 28 752
12 29 372
12 30 417
12 31 458
12 32 587
12 33 792
12 34 722
12 35 270
12 36 509
12 37 212
12 38 293
12 39 175
12 40 608
12 41 711
12 42 681
12 43 677
12 44 495
12 45 443
12 46 590
12 47 706
12 48 102
12 49 287
12 50 568
12 51 595
12 52 469
12 53 88
12 54 408
12 55 663
12 56 495
12 57 318
12 58 707
12 59 261
12 60 421
12 61 752
12 62 316
12 63 231
12 64 978
12 65 117
12 66 599
12 67 614
12 68 822
12 69 303
12 70 568
12 71 810
12 72 243
12 73 747
12 74 474
12 75 508
12 76 778
12 77 321
12 78 367
12 79 260
12 80 718
12 81 295
12 82 149
12 83 457
12 84 251
12 85 576
12 86 344
12 87 323
12 88 789
12 89 347
12 90 413
12 91 252
12 92 344
12 93 929
12 94 405
12 95 95
12 96 381
12 97 458
12 98 222
12 99 328
12 100 669
13 1 152
13 2 766
13 3 946
13 4 667
13 5 819
13 6 605
13 7 848
13 8 990
13 9 318
13 10 872
13 11 350
13 12 630
13 14 714
13 15 101
13 16 673
13 17 437
13 18 536
13 19 304
13 20 613
13 21 501
13 22 649
13 23 1022
13 24 916
13 25 802
13 26 425
13 27 1021
13 28 923
13 29 338
13 30 837
13 31 654
13 32 942
13 33 994
13 34 918
13 35 400
13 36 518
13 37 575
13 38 376
13 39 558
13 40 871
13 41 519
13 42 502
13 43 822
13 44 459
13 45 331
13 46 762
13 47 995
13 48 602
13 49 351
13 50 954
13 51 84
13 52 763
13 53 602
13 54 576
13 55 808
13 56 769
13 57 945
13 58 299
13 59 736
13 60 879
13 61 349
13 62 472
13 63 529
13 64 602
13 65 743
13 66 967
13 67 134
13 68 931
13 69 410
13 70 113
13 71 621
13 72 407
13 73 485
13 74 223
13 75 738
13 76 865
13 77 927
13 78 730
13 79 863
13 80 784
13 81 385
13 82 778
13 83 868
13 84 391
13 85 530
13 86 734
13 87 315
13 88 576
13 89 975
13 90 598
13 91 792
13 92 401
13 93 544
13 94 861
13 95 635
13 96 563
13 97 702
13 98 775
13 99 491
13 100 928
14 1 716
14 2 541
14 3 534
14 4 294
14 5 107
14 6 494
14 7 640
14 8 573
14 9 496
14 10 586
14 11 799
14 12 86
14 13 714
14 15 664
14 16 733
14 17 413
14 18 840
14 19 817
14 20 145
14 21 760
14 22 753
14 23 836
14 24 497
14 25 713
14 26 305
14 27 766
14 28 753
14 29 455
14 30 391
14 31 479
14 32 562
14 33 786
14 34 721
14 35 353
14 36 555
14 37 269
14 38 376
14 39 222
14 40 601
14 41 764
14 42 734
14 43 686
14 44 548
14 45 524
14 46 601
14 47 688
14 48 162
14 49 369
14 50 538
14 51 681
14 52 468
14 53 151
14 54 441
14 55 674
14 56 496
14 57 237
14 58 779
14 59 241
14 60 383
14 61 822
14 62 371
14 63 297
14 64 1040
14 65 32
14 66 572
14 67 700
14 68 830
14 69 371
14 70 649
14 71 858
14 72 328
14 73 805
14 74 559
14 75 516
14 76 791
14 77 241
14 78 363
14 79 184
14 80 738
14 81 368
14 82 65
14 83 429
14 84 336
14 85 621
14 86 336
14 87 405
14 88 840
14 89 262
14 90 442
14 91 207
14 92 410
14 93 992
14 94 370
14 95 139
14 96 416
14 97 469
14 98 175
14 99 378
14 100 659
15 1 79
15 2 669
15 3 854
15 4 585
15 5 771
15 6 508
15 7 749
15 8 897
15 9 227
15 10 775
15 11 273
15 12 582
15 13 101
15 14 664
15 16 573
15 17 348
15 18 448
15 19 239
15 20 578
15 21 407
15 22 550
15 23 921
15 24 825
15 25 701
15 26 363
15 27 922
15 28 823
15 29 347
15 30 751
15 31 558
15 32 848
15 33 894
15 34 818
15 35 385
15 36 419
15 37 562
15 38 363
15 39 488
15 40 774
15 41 425
15 42 405
15 43 722
15 44 360
15 45 362
15 46 663
15 47 897
15 48 570
15 49 296
15 50 863
15 51 161
15 52 669
15 53 568
15 54 482
15 55 708
15 56 674
15 57 899
15 58 224
15 59 660
15 60 795
15 61 277
15 62 387
15 63 518
15 64 539
15 65 691
15 66 873
15 67 217
15 68 831
15 69 332
15 70 16
15 71 530
15 72 383
15 73 397
15 74 254
15 75 642
15 76 764
15 77 864
15 78 643
15 79 800
15 80 684
15 81 313
15 82 729
15 83 780
15 84 363
15 85 430
15 86 649
15 87 260
15 88 485
15 89 924
15 90 504
15 91 720
15 92 316
15 93 480
15 94 777
15 95 602
15 96 470
15 97 607
15 98 706
15 99 404
15 100 830
16 1 535
16 2 278
16 3 492
16 4 453
16 5 812
16 6 239
16 7 277
16 8 517
16 9 416
16 10 352
16 11 395
16 12 699
16 13 673
16 14 733
16 15 573
16 17 381
16 18 245
16 19 458
16 20 763
16 21 207
16 22 45
16 23 376
16 24 486
16 25 165
16 26 544
16 27 413
16 28 291
16 29 772
16 30 492
16 31 266
16 32 461
16 33 364
16 34 304
16 35 727
16 36 206
16 37 841
16 38 723
16 39 525
16 40 337
16 41 191
16 42 191
16 43 209
16 44 251
16 45 831
16 46 216
16 47 429
16 48 768
16 49 562
16 50 500
16 51 727
16 52 347
16 53 756
16 54 293
16 55 202
16 56 325
16 57 922
16 58 430
16 59 539
16 60 547
16 61 418
16 62 400
16 63 823
16 64 446
16 65 740
16 66 486
16 67 782
16 68 267
16 69 454
16 70 563
16 71 187
16 72 696
16 73 261
16 74 754
16 75 279
16 76 201
16 77 782
16 78 422
16 79 738
16 80 128
16 81 488
16 82 778
16 83 491
16 84 675
16 85 156
16 86 449
16 87 559
16 88 207
16 89 909
16 90 291
16 91 618
16 92 415
16 93 431
16 94 539
16 95 782
16 96 319
16 97 300
16 98 631
16 99 381
16 100 362
17 1 367
17 2 347
17 3 510
17 4 241
17 5 513
17 6 196
17 7 443
17 8 554
17 9 123
17 10 449
17 11 395
17 12 354
17 13 437
17 14 413
17 15 348
17 16 381
17 18 431
17 19 423
17 20 400
17 21 352
17 22 385
17 23 640
17 24 479
17 25 440
17 26 164
17 27 617
17 28 540
17 29 407
17 30 403
17 31 233
17 32 508
17 33 602
17 34 524
17 35 349
17 36 176
17 37 464
17 38 348
17 39 192
17 40 452
17 41 359
17 42 328
17 43 442
17 44 146
17 45 474
17 46 364
17 47 575
17 48 402
17 49 188
17 50 519
17 51 452
17 52 330
17 53 392
17 54 151
17 55 427
17 56 340
17 57 639
17 58 383
17 59 325
17 60 448
17 61 420
17 62 47
17 63 443
17 64 628
17 65 430
17 66 532
17 67 499
17 68 578
17 69 73
17 70 333
17 71 462
17 72 317
17 73 394
17 74 420
17 75 317
17 76 518
17 77 557
17 78 295
17 79 496
17 80 443
17 81 110
17 82 471
17 83 433
17 84 296
17 85 236
17 86 302
17 87 195
17 88 437
17 89 647
17 90 171
17 91 396
17 92 43
17 93 580
17 94 431
17 95 422
17 96 131
17 97 274
17 98 389
17 99 57
17 100 513
18 1 385
18 2 499
18 3 720
18 4 602
18 5 935
18 6 397
18 7 518
18 8 750
18 9 393
18 10 587
18 11 195
18 12 784
18 13 536
18 14 840
18 15 448
18 16 245
18 17 431
18 19 257
18 20 828
18 21 81
18 22 201
18 23 611
18 24 708
18 25 409
18 26 580
18 27 656
18 28 533
18 29 737
18 30 691
18 31 445
18 32 693
18 33 605
18 34 548
18 35 724
18 36 297
18 37 875
18 38 713
18 39 618
18 40 575
18 41 80
18 42 107
18 43 453
18 44 292
18 45 779
18 46 448
18 47 673
18 48 828
18 49 565
18 50 729
18 51 608
18 52 553
18 53 819
18 54 427
18 55 446
18 56 537
18 57 1058
18 58 244
18 59 696
18 60 748
18 61 209
18 62 470
18 63 844
18 64 218
18 65 855
18 66 719
18 67 664
18 68 494
18 69 489
18 70 444
18 71 92
18 72 702
18 73 52
18 74 681
18 75 490
18 76 433
18 77 945
18 78 601
18 79 892
18 80 369
18 81 511
18 82 895
18 83 700
18 84 679
18 85 235
18 86 625
18 87 547
18 88 47
18 89 1056
18 90 438
18 91 776
18 92 446
18 93 190
18 94 736
18 95 851
18 96 443
18 97 493
18 98 781
18 99 462
18 100 605
19 1 161
19 2 647
19 3 861
19 4 654
19 5 922
19 6 501
19 7 699
19 8 899
19 9 321
19 10 750
19 11 65
19 12 744
19 13 304
19 14 817
19 15 239
19 16 458
19 17 423
19 18 257
19 20 761
19 21 254
19 22 422
19 23 833
19 24 840
19 25 615
19 26 516
19 27 859
19 28 744
19 29 578
19 30 791
19 31 557
19 32 843
19 33 817
19 34 750
19 35 598
19 36 389
19 37 771
19 38 580
19 39 608
19 40 742
19 41 272
19 42 268
19 43 650
19 44 344
19 45 600
19 46 617
19 47 857
19 48 756
19 49 470
19 50 870
19 51 385
19 52 676
19 53 751
19 54 502
19 55 639
19 56 670
19 57 1051
19 58 41
19 59 744
19 60 844
19 61 49
19 62 469
19 63 731
19 64 301
19 65 839
19 66 870
19 67 437
19 68 724
19 69 448
19 70 242
19 71 349
19 72 588
19 73 213
19 74 492
19 75 628
19 76 659
19 77 979
19 78 686
19 79 918
19 80 584
19 81 450
19 82 880
19 83 812
19 84 565
19 85 361
19 86 702
19 87 440
19 88 302
19 89 1065
19 90 521
19 91 818
19 92 412
19 93 243
19 94 828
19 95 785
19 96 504
19 97 610
19 98 812
19 99 475
19 100 787
20 1 641
20 2 616
20 3 650
20 4 369
20 5 227
20 6 534
20 7 720
20 8 692
20 9 451
20 10 679
20 11 755
20 12 87
20 13 613
20 14 145
20 15 578
20 16 763
20 17 400
20 18 828
20 19 761
20 21 750
20 22 776
20 23 924
20 24 612
20 25 773
20 26 252
20 27 863
20 28 833
20 29 322
20 30 504
20 31 533
20 32 674
20 33 876
20 34 805
20 35 225
20 36 567
20 37 127
20 38 250
20 39 243
20 40 692
20 41 758
20 42 727
20 43 755
20 44 545
20 45 386
20 46 668
20 47 792
20 48 17
20 49 292
20 50 655
20 51 568
20 52 552
20 53 11
20 54 476
20 55 741
20 56 578
20 57 341
20 58 726
20 59 348
20 60 507
20 61 775
20 62 369
20 63 153
20 64 1013
20 65 176
20 66 686
20 67 579
20 68 901
20 69 340
20 70 565
20 71 862
20 72 207
20 73 787
20 74 434
20 75 588
20 76 854
20 77 385
20 78 451
20 79 329
20 80 792
20 81 322
20 82 194
20 83 544
20 84 222
20 85 631
20 86 430
20 87 325
20 88 837
20 89 382
20 90 484
20 91 337
20 92 383
20 93 961
20 94 492
20 95 25
20 96 448
20 97 537
20 98 305
20 99 384
20 100 753
21 1 353
21 2 435
21 3 657
21 4 524
21 5 855
21 6 322
21 7 466
21 8 689
21 9 322
21 10 529
21 11 190
21 12 705
21 13 501
21 14 760
21 15 407
21 16 207
21 17 352
21 18 81
21 19 254
21 20 750
21 22 169
21 23 582
21 24 643
21 25 369
21 26 503
21 27 616
21 28 497
21 29 674
21 30 619
21 31 372
21 32 632
21 33 570
21 34 507
21 35 654
21 36 218
21 37 800
21 38 644
21 39 538
21 40 519
21 41 19
21 42 28
21 43 408
21 44 212
21 45 719
21 46 391
21 47 624
21 48 750
21 49 493
21 50 666
21 51 567
21 52 484
21 53 741
21 54 349
21 55 399
21 56 470
21 57 977
21 58 229
21 59 618
21 60 675
21 61 212
21 62 390
21 63 771
21 64 294
21 65 774
21 66 659
21 67 623
21 68 471
21 69 412
21 70 401
21 71 128
21 72 630
21 73 61
21 74 626
21 75 424
21 76 407
21 77 867
21 78 526
21 79 813
21 80 334
21 81 435
21 82 815
21 83 630
21 84 607
21 85 159
21 86 549
21 87 477
21 88 90
21 89 976
21 90 361
21 91 698
21 92 368
21 93 259
21 94 663
21 95 772
21 96 364
21 97 422
21 98 702
21 99 382
21 100 555
22 1 507
22 2 318
22 3 534
22 4 479
22 5 836
22 6 263
22 7 321
22 8 560
22 9 407
22 10 395
22 11 358
22 12 715
22 13 649
22 14 753
22 15 550
22 16 45
22 17 385
22 18 201
22 19 422
22 20 776
22 21 169
22 23 415
22 24 527
22 25 208
22 26 548
22 27 455
22 28 333
22 29 766
22 30 529
22 31 296
22 32 504
22 33 406
22 34 348
22 35 726
22 36 211
22 37 848
22 38 721
22 39 540
22 40 381
22 41 152
22 42 156
22 43 253
22 44 247
22 45 823
22 46 258
22 47 473
22 48 779
22 49 561
22 50 542
22 51 706
22 52 384
22 53 768
22 54 313
22 55 246
22 56 363
22 57 949
22 58 395
22 59 568
22 60 585
22 61 380
22 62 409
22 63 827
22 64 403
22 65 761
22 66 529
22 67 762
22 68 303
22 69 457
22 70 541
22 71 144
22 72 697
22 73 220
22 74 741
22 75 317
22 76 239
22 77 813
22 78 454
22 79 768
22 80 169
22 81 490
22 82 800
22 83 530
22 84 675
22 85 152
22 86 481
22 87 555
22 88 163
22 89 937
22 90 314
22 91 647
22 92 417
22 93 386
22 94 575
22 95 795
22 96 337
22 97 334
22 98 659
22 99 392
22 100 406
23 1 895
23 2 312
23 3 352
23 4 555
23 5 877
23 6 445
23 7 206
23 8 341
23 9 725
23 10 252
23 11 770
23 12 841
23 13 1022
23 14 836
23 15 921
23 16 376
23 17 640
23 18 611
23 19 833
23 20 924
23 21 582
23 22 415
23 24 377
23 25 222
23 26 777
23 27 102
23 28 102
23 29 1043
23 30 462
23 31 415
23 32 311
23 33 52
23 34 121
23 35 971
23 36 506
23 37 1033
23 38 976
23 39 693
23 40 235
23 41 566
23 42 566
23 43 202
23 44 565
23 45 1113
23 46 277
23 47 185
23 48 934
23 49 824
23 50 355
23 51 1063
23 52 373
23 53 920
23 54 495
23 55 216
23 56 347
23 57 949
23 58 803
23 59 597
23 60 495
23 61 793
23 62 634
23 63 1030
23 64 785
23 65 829
23 66 320
23 67 1116
23 68 122
23 69 707
23 70 909
23 71 533
23 72 936
23 73 635
23 74 1057
23 75 342
23 76 178
23 77 771
23 78 476
23 79 755
23 80 249
23 81 746
23 82 856
23 83 432
23 84 920
23 85 494
23 86 501
23 87 835
23 88 568
23 89 912
23 90 477
23 91 651
23 92 683
23 93 784
23 94 499
23 95 935
23 96 521
23 97 394
23 98 678
23 99 609
23 100 182
24 1 832
24 2 211
24 3 39
24 4 274
24 5 516
24 6 340
24 7 238
24 8 83
24 9 599
24 10 152
24 11 789
24 12 525
24 13 916
24 14 497
24 15 825
24 16 486
24 17 479
24 18 708
24 19 840
24 20 612
24 21 643
24 22 527
24 23 377
24 25 362
24 26 549
24 27 288
24 28 325
24 29 818
24 30 109
24 31 284
24 32 70
24 33 327
24 34 287
24 35 726
24 36 452
24 37 734
24 38 739
24 39 424
24 40 171
24 41 635
24 42 616
24 43 314
24 44 498
24 45 893
24 46 271
24 47 203
24 48 626
24 49 618
24 50 44
24 51 928
24 52 165
24 53 611
24 54 347
24 55 311
24 56 173
24 57 575
24 58 801
24 59 265
24 60 122
24 61 816
24 62 447
24 63 745
24 64 923
24 65 482
24 66 75
24 67 971
24 68 420
24 69 517
24 70 810
24 71 671
24 72 689
24 73 704
24 74 871
24 75 219
24 76 413
24 77 395
24 78 193
24 79 385
24 80 407
24 81 551
24 82 502
24 83 69
24 84 680
24 85 490
24 86 200
24 87 643
24 88 681
24 89 536
24 90 326
24 91 294
24 92 517
24 93 898
24 94 131
24 95 617
24 96 356
24 97 231
24 98 324
24 99 426
24 100 200
25 1 673
25 2 182
25 3 359
25 4 419
25 5 775
25 6 250
25 7 128
25 8 376
25 9 512
25 10 214
25 11 553
25 12 698
25 13 802
25 14 713
25 15 701
25 16 165
25 17 440
25 18 409
25 19 615
25 20 773
25 21 369
25 22 208
25 23 222
25 24 362
25 26 590
25 27 248
25 28 129
25 29 847
25 30 398
25 31 241
25 32 322
25 33 203
25 34 140
25 35 784
25 36 290
25 37 870
25 38 786
25 39 532
25 40 196
25 41 354
25 42 350
25 43 51
25 44 348
25 45 913
25 46 114
25 47 269
25 48 781
25 49 628
25 50 366
25 51 846
25 52 262
25 53 768
25 54 307
25 55 52
25 56 234
25 57 871
25 58 584
25 59 488
25 60 449
25 61 577
25 62 443
25 63 860
25 64 604
25 65 712
25 66 345
25 67 900
25 68 138
25 69 511
25 70 689
25 71 344
25 72 750
25 73 425
25 74 849
25 75 200
25 76 81
25 77 711
25 78 360
25 79 678
25 80 47
25 81 549
25 82 746
25 83 386
25 84 732
25 85 273
25 86 390
25 87 634
25 88 370
25 89 846
25 90 294
25 91 560
25 92 481
25 93 593
25 94 445
25 95 789
25 96 335
25 97 245
25 98 580
25 99 419
25 100 205
26 1 412
26 2 469
26 3 585
26 4 277
26 5 412
26 6 340
26 7 573
26 8 630
26 9 200
26 10 559
26 11 505
26 12 228
26 13 425
26 14 305
26 15 363
26 16 544
26 17 164
26 18 580
26 19 516
26 20 252
26 21 503
26 22 548
26 23 777
26 24 549
26 25 590
26 27 739
26 28 678
26 29 273
26 30 452
26 31 362
26 32 594
26 33 734
26 34 657
26 35 196
26 36 339
26 37 302
26 38 201
26 39 139
26 40 567
26 41 512
26 42 481
26 43 585
26 44 306
26 45 348
26 46 502
26 47 685
26 48 250
26 49 76
26 50 592
26 51 409
26 52 429
26 53 242
26 54 285
26 55 570
26 56 447
26 57 541
26 58 480
26 59 324
26 60 483
26 61 527
26 62 149
26 63 280
26 64 762
26 65 331
26 66 614
26 67 441
26 68 727
26 69 93
26 70 348
26 71 619
26 72 160
26 73 537
26 74 325
26 75 438
26 76 670
26 77 503
26 78 358
26 79 439
26 80 598
26 81 70
26 82 369
26 83 489
26 84 144
26 85 398
26 86 351
26 87 111
26 88 591
26 89 563
26 90 301
26 91 370
26 92 136
26 93 709
26 94 465
26 95 275
26 96 258
26 97 388
26 98 352
26 99 172
26 100 630
27 1 904
27 2 271
27 3 259
27 4 496
27 5 797
27 6 424
27 7 175
27 8 243
27 9 714
27 10 185
27 11 798
27 12 778
27 13 1021
27 14 766
27 15 922
27 16 413
27 17 617
27 18 656
27 19 859
27 20 863
27 21 616
27 22 455
27 23 102
27 24 288
27 25 248
27 26 739
27 28 125
27 29 1010
27 30 381
27 31 384
27 32 219
27 33 64
27 34 110
27 35 931
27 36 504
27 37 978
27 38 939
27 39 642
27 40 174
27 41 601
27 42 596
27 43 210
27 44 563
27 45 1082
27 46 260
27 47 87
27 48 875
27 49 793
27 50 260
27 51 1056
27 52 316
27 53 861
27 54 467
27 55 221
27 56 294
27 57 862
27 58 826
27 59 525
27 60 408
27 61 823
27 62 603
27 63 979
27 64 845
27 65 755
27 66 224
27 67 1107
27 68 199
27 69 677
27 70 909
27 71 587
27 72 895
27 73 673
27 74 1035
27 75 302
27 76 236
27 77 682
27 78 412
27 79 671
27 80 288
27 81 716
27 82 780
27 83 348
27 84 881
27 85 506
27 86 434
27 87 808
27 88 615
27 89 823
27 90 447
27 91 572
27 92 659
27 93 837
27 94 415
27 95 873
27 96 490
27 97 352
27 98 600
27 99 578
27 100 111
28 1 798
28 2 218
28 3 308
28 4 466
28 5 801
28 6 344
28 7 114
28 8 310
28 9 625
28 10 180
28 11 681
28 12 752
28 13 923
28 14 753
28 15 823
28 16 291
28 17 540
28 18 533
28 19 744
28 20 833
28 21 497
28 22 333
28 23 102
28 24 325
28 25 129
28 26 678
28 27 125
28 29 943
28 30 393
28 31 316
28 32 267
28 33 74
28 34 39
28 35 873
28 36 406
28 37 940
28 38 877
28 39 599
28 40 161
28 41 481
28 42 478
28 43 102
28 44 465
28 45 1013
28 46 177
28 47 169
28 48 843
28 49 724
28 50 313
28 51 963
28 52 286
28 53 829
28 54 395
28 55 116
28 56 258
28 57 882
28 58 712
28 59 516
28 60 434
28 61 705
28 62 534
28 63 935
28 64 721
28 65 748
28 66 283
28 67 1016
28 68 97
28 69 606
28 70 810
28 71 463
28 72 837
28 73 552
28 74 956
28 75 247
28 76 115
28 77 709
28 78 391
28 79 687
28 80 165
28 81 645
28 82 777
28 83 369
28 84 821
28 85 397
28 86 418
28 87 734
28 88 492
28 89 849
28 90 378
28 91 576
28 92 582
28 93 713
28 94 435
28 95 846
28 96 421
28 97 299
28 98 601
28 99 509
28 100 128
29 1 424
29 2 739
29 3 854
29 4 544
29 5 548
29 6 601
29 7 841
29 8 899
29 9 360
29 10 832
29 11 598
29 12 372
29 13 338
29 14 455
29 15 347
29 16 772
29 17 407
29 18 737
29 19 578
29 20 322
29 21 674
29 22 766
29 23 1043
29 24 818
29 25 847
29 26 273
29 27 1010
29 28 943
29 30 717
29 31 629
29 32 865
29 33 1003
29 34 925
29 35 103
29 36 570
29 37 249
29 38 83
29 39 395
29 40 839
29 41 688
29 42 660
29 43 847
29 44 522
29 45 77
29 46 767
29 47 957
29 48 307
29 49 220
29 50 861
29 51 272
29 52 702
29 53 313
29 54 549
29 55 832
29 56 720
29 57 661
29 58 555
29 59 575
29 60 741
29 61 609
29 62 410
29 63 201
29 64 871
29 65 486
29 66 885
29 67 269
29 68 984
29 69 338
29 70 339
29 71 801
29 72 135
29 73 687
29 74 123
29 75 708
29 76 924
29 77 693
29 78 628
29 79 631
29 80 847
29 81 299
29 82 512
29 83 755
29 84 139
29 85 617
29 86 618
29 87 215
29 88 763
29 89 704
29 90 567
29 91 600
29 92 366
29 93 813
29 94 722
29 95 340
29 96 523
29 97 659
29 98 574
29 99 434
29 100 902
30 1 765
30 2 221
30 3 147
30 4 177
30 5 417
30 6 300
30 7 288
30 8 189
30 9 525
30 10 214
30 11 746
30 12 417
30 13 837
30 14 391
30 15 751
30 16 492
30 17 403
30 18 691
30 19 791
30 20 504
30 21 619
30 22 529
30 23 462
30 24 109
30 25 398
30 26 452
30 27 381
30 28 393
30 29 717
30 31 247
30 32 172
30 33 410
30 34 356
30 35 622
30 36 411
30 37 627
30 38 636
30 39 322
30 40 232
30 41 614
30 42 592
30 43 356
30 44 448
30 45 793
30 46 290
30 47 300
30 48 518
30 49 524
30 50 152
30 51 843
30 52 146
30 53 503
30 54 290
30 55 348
30 56 170
30 57 489
30 58 751
30 59 157
30 60 57
30 61 774
30 62 365
30 63 637
30 64 909
30 65 377
30 66 183
30 67 883
30 68 483
30 69 431
30 70 735
30 71 667
30 72 586
30 73 679
30 74 776
30 75 214
30 76 462
30 77 317
30 78 109
30 79 295
30 80 437
30 81 462
30 82 400
30 83 40
30 84 578
30 85 461
30 86 104
30 87 551
30 88 670
30 89 457
30 90 271
30 91 192
30 92 436
30 93 878
30 94 48
30 95 509
30 96 291
30 97 199
30 98 221
30 99 347
30 100 280
31 1 556
31 2 115
31 3 306
31 4 189
31 5 551
31 6 56
31 7 213
31 8 346
31 9 338
31 10 219
31 11 507
31 12 458
31 13 654
31 14 479
31 15 558
31 16 266
31 17 233
31 18 445
31 19 557
31 20 533
31 21 372
31 22 296
31 23 415
31 24 284
31 25 241
31 26 362
31 27 384
31 28 316
31 29 629
31 30 247
31 32 293
31 33 374
31 34 296
31 35 557
31 36 169
31 37 631
31 38 562
31 39 292
31 40 220
31 41 367
31 42 345
31 43 226
31 44 216
31 45 700
31 46 141
31 47 344
31 48 541
31 49 411
31 50 315
31 51 680
31 52 120
31 53 527
31 54 83
31 55 212
31 56 117
31 57 657
31 58 518
31 59 273
31 60 304
31 61 534
31 62 220
31 63 623
31 64 663
31 65 482
31 66 320
31 67 728
31 68 371
31 69 294
31 70 544
31 71 427
31 72 521
31 73 432
31 74 652
31 75 85
31 76 321
31 77 518
31 78 159
31 79 473
31 80 261
31 81 333
31 82 518
31 83 260
31 84 505
31 85 214
31 86 186
31 87 424
31 88 426
31 89 643
31 90 63
31 91 352
31 92 276
31 93 631
31 94 291
31 95 549
31 96 107
31 97 54
31 98 365
31 99 196
31 100 280
32 1 848
32 2 199
32 3 42
32 4 324
32 5 584
32 6 348
32 7 194
32 8 58
32 9 624
32 10 110
32 11 790
32 12 587
32 13 942
32 14 562
32 15 848
32 16 461
32 17 508
32 18 693
32 19 843
32 20 674
32 21 632
32 22 504
32 23 311
32 24 70
32 25 322
32 26 594
32 27 219
32 28 267
32 29 865
32 30 172
32 31 293
32 33 261
32 34 229
32 35 776
32 36 456
32 37 794
32 38 788
32 39 475
32 40 127
32 41 622
32 42 607
32 43 272
32 44 507
32 45 940
32 46 246
32 47 134
32 48 687
32 49 659
32 50 47
32 51 960
32 52 179
32 53 672
32 54 367
32 55 271
32 56 177
32 57 644
32 58 805
32 59 327
32 60 191
32 61 817
32 62 480
32 63 802
32 64 904
32 65 549
32 66 27
32 67 1005
32 68 363
32 69 553
32 70 833
32 71 647
32 72 739
32 73 693
32 74 912
32 75 216
32 76 363
32 77 463
32 78 238
32 79 454
32 80 368
32 81 589
32 82 570
32 83 135
32 84 729
32 85 487
32 86 251
32 87 682
32 88 662
32 89 604
32 90 345
32 91 361
32 92 548
32 93 883
32 94 199
32 95 680
32 96 380
32 97 242
32 98 391
32 99 458
32 100 139
33 1 871
33 2 267
33 3 302
33 4 507
33 5 826
33 6 407
33 7 162
33 8 294
33 9 692
33 10 201
33 11 755
33 12 792
33 13 994
33 14 786
33 15 894
33 16 364
33 17 602
33 18 605
33 19 817
33 20 876
33 21 570
33 22 406
33 23 52
33 24 327
33 25 203
33 26 734
33 27 64
33 28 74
33 29 1003
33 30 410
33 31 374
33 32 261
33 34 79
33 35 929
33 36 476
33 37 986
33 38 934
33 39 647
33 40 185
33 41 554
33 42 551
33 43 173
33 44 535
33 45 1073
33 46 239
33 47 138
33 48 886
33 49 784
33 50 305
33 51 1032
33 52 324
33 53 872
33 54 455
33 55 186
33 56 299
33 57 898
33 58 785
33 59 546
33 60 444
33 61 779
33 62 593
33 63 984
33 64 789
33 65 778
33 66 271
33 67 1084
33 68 136
33 69 667
33 70 881
33 71 532
33 72 893
33 73 625
33 74 1021
33 75 297
33 76 178
33 77 720
33 78 426
33 79 704
33 80 237
33 81 706
33 82 805
33 83 381
33 84 877
33 85 470
33 86 451
33 87 796
33 88 563
33 89 861
33 90 436
33 91 600
33 92 645
33 93 783
33 94 448
33 95 887
33 96 480
33 97 349
33 98 627
33 99 569
33 100 131
34 1 797
34 2 191
34 3 270
34 4 436
34 5 766
34 6 329
34 7 86
34 8 273
34 9 614
34 10 143
34 11 689
34 12 722
34 13 918
34 14 721
34 15 818
34 16 304
34 17 524
34 18 548
34 19 750
34 20 805
34 21 507
34 22 348
34 23 121
34 24 287
34 25 140
34 26 657
34 27 110
34 28 39
34 29 925
34 30 356
34 31 296
34 32 229
34 33 79
34 35 852
34 36 400
34 37 913
34 38 857
34 39 573
34 40 125
34 41 492
34 42 487
34 43 101
34 44 459
34 45 995
34 46 161
34 47 137
34 48 815
34 49 706
34 50 275
34 51 955
34 52 255
34 53 801
34 54 377
34 55 112
34 56 228
34 57 845
34 58 717
34 59 483
34 60 396
34 61 713
34 62 515
34 63 910
34 64 742
34 65 715
34 66 245
34 67 1007
34 68 135
34 69 589
34 70 805
34 71 482
34 72 816
34 73 564
34 74 943
34 75 222
34 76 145
34 77 672
34 78 359
34 79 650
34 80 182
34 81 628
34 82 744
34 83 332
34 84 800
34 85 398
34 86 385
34 87 718
34 88 509
34 89 812
34 90 358
34 91 541
34 92 567
34 93 732
34 94 398
34 95 817
34 96 402
34 97 273
34 98 567
34 99 491
34 100 91
35 1 456
35 2 663
35 3 763
35 4 453
35 5 449
35 6 535
35 7 767
35 8 808
35 9 333
35 10 750
35 11 607
35 12 270
35 13 400
35 14 353
35 15 385
35 16 727
35 17 349
35 18 724
35 19 598
35 20 225
35 21 654
35 22 726
35 23 971
35 24 726
35 25 784
35 26 196
35 27 931
35 28 873
35 29 103
35 30 622
35 31 557
35 32 776
35 33 929
35 34 852
35 36 521
35 37 178
35 38 25
35 39 302
35 40 758
35 41 666
35 42 637
35 43 780
35 44 479
35 45 177
35 46 697
35 47 874
35 48 211
35 49 166
35 50 769
35 51 347
35 52 619
35 53 215
35 54 480
35 55 765
35 56 639
35 57 566
35 58 569
35 59 477
35 60 644
35 61 623
35 62 342
35 63 135
35 64 879
35 65 384
35 66 795
35 67 356
35 68 921
35 69 276
35 70 374
35 71 778
35 72 37
35 73 676
35 74 210
35 75 632
35 76 863
35 77 590
35 78 538
35 79 529
35 80 790
35 81 239
35 82 412
35 83 662
35 84 53
35 85 575
35 86 527
35 87 178
35 88 744
35 89 605
35 90 496
35 91 499
35 92 312
35 93 822
35 94 626
35 95 245
35 96 453
35 97 581
35 98 473
35 99 366
35 100 822
36 1 402
36 2 262
36 3 473
36 4 306
36 5 645
36 6 113
36 7 332
36 8 511
36 9 223
36 10 368
36 11 338
36 12 509
36 13 518
36 14 555
36 15 419
36 16 206
36 17 176
36 18 297
36 19 389
36 20 567
36 21 218
36 22 211
36 23 506
36 24 452
36 25 290
36 26 339
36 27 504
36 28 406
36 29 570
36 30 411
36 31 169
36 32 456
36 33 476
36 34 400
36 35 521
36 37 638
36 38 518
36 39 336
36 40 364
36 41 218
36 42 191
36 43 305
36 44 60
36 45 632
36 46 246
36 47 484
36 48 570
36 49 357
36 50 482
36 51 558
36 52 288
36 53 559
36 54 132
36 55 291
36 56 282
36 57 764
36 58 350
36 59 400
36 60 466
36 61 365
36 62 199
36 63 618
36 64 512
36 65 566
36 66 483
36 67 611
36 68 426
36 69 248
36 70 406
36 71 304
36 72 490
36 73 274
36 74 562
36 75 241
36 76 361
36 77 649
36 78 312
36 79 596
36 80 282
36 81 282
36 82 607
36 83 428
36 84 469
36 85 67
36 86 333
36 87 356
36 88 289
36 89 761
36 90 145
36 91 480
36 92 210
36 93 474
36 94 452
36 95 587
36 96 147
36 97 222
36 98 485
36 99 183
36 100 415
37 1 633
37 2 723
37 3 773
37 4 482
37 5 336
37 6 623
37 7 828
37 8 815
37 9 483
37 10 793
37 11 775
37 12 212
37 13 575
37 14 269
37 15 562
37 16 841
37 17 464
37 18 875
37 19 771
37 20 127
37 21 800
37 22 848
37 23 1033
37 24 734
37 25 870
37 26 302
37 27 978
37 28 940
37 29 249
37 30 627
37 31 631
37 32 794
37 33 986
37 34 913
37 35 178
37 36 638
37 38 201
37 39 341
37 40 805
37 41 810
37 42 780
37 43 856
37 44 607
37 45 298
37 46 770
37 47 909
37 48 112
37 49 311
37 50 778
37 51 517
37 52 663
37 53 125
37 54 565
37 55 842
37 56 688
37 57 432
37 58 740
37 59 471
37 60 632
37 61 792
37 62 442
37 63 48
37 64 1043
37 65 298
37 66 808
37 67 517
37 68 1002
37 69 394
37 70 551
37 71 919
37 72 183
37 73 830
37 74 370
37 75 693
37 76 951
37 77 504
37 78 567
37 79 451
37 80 884
37 81 366
37 82 309
37 83 666
37 84 206
37 85 699
37 86 547
37 87 336
37 88 889
37 89 482
37 90 576
37 91 463
37 92 437
37 93 988
37 94 616
37 95 131
37 96 537
37 97 641
37 98 432
37 99 461
37 100 867
38 1 436
38 2 669
38 3 776
38 4 465
38 5 473
38 6 537
38 7 773
38 8 820
38 9 323
38 10 759
38 11 591
38 12 293
38 13 376
38 14 376
38 15 363
38 16 723
38 17 348
38 18 713
38 19 580
38 20 250
38 21 644
38 22 721
38 23 976
38 24 739
38 25 786
38 26 201
38 27 939
38 28 877
38 29 83
38 30 636
38 31 562
38 32 788
38 33 934
38 34 857
38 35 25
38 36 518
38 37 201
38 39 315
38 40 766
38 41 656
38 42 627
38 43 783
38 44 475
38 45 159
38 46 701
38 47 883
38 48 236
38 49 162
38 50 782
38 51 322
38 52 628
38 53 240
38 54 483
38 55 768
38 56 647
38 57 590
38 58 552
38 59 493
38 60 659
38 61 606
38 62 345
38 63 156
38 64 863
38 65 408
38 66 807
38 67 331
38 68 923
38 69 276
38 70 352
38 71 769
38 72 53
38 73 664
38 74 185
38 75 638
38 76 865
38 77 613
38 78 550
38 79 551
38 80 790
38 81 238
38 82 436
38 83 675
38 84 59
38 85 570
38 86 539
38 87 169
38 88 734
38 89 630
38 90 500
38 91 518
38 92 310
38 93 806
38 94 641
38 95 270
38 96 457
38 97 588
38 98 492
38 99 369
38 100 830
39 1 527
39 2 382
39 3 462
39 4 152
39 5 321
39 6 292
39 7 488
39 8 506
39 9 289
39 10 458
39 11 584
39 12 175
39 13 558
39 14 222
39 15 488
39 16 525
39 17 192
39 18 618
39 19 608
39 20 243
39 21 538
39 22 540
39 23 693
39 24 424
39 25 532
39 26 139
39 27 642
39 28 599
39 29 395
39 30 322
39 31 292
39 32 475
39 33 647
39 34 573
39 35 302
39 36 336
39 37 341
39 38 315
39 40 468
39 41 542
39 42 513
39 43 516
39 44 327
39 45 471
39 46 429
39 47 579
39 48 250
39 49 214
39 50 468
39 51 546
39 52 327
39 53 237
39 54 235
39 55 502
39 56 349
39 57 448
39 58 569
39 59 187
39 60 348
39 61 609
39 62 149
39 63 338
39 64 819
39 65 239
39 66 493
39 67 579
39 68 662
39 69 163
39 70 472
39 71 638
39 72 265
39 73 583
39 74 460
39 75 352
39 76 613
39 77 379
39 78 238
39 79 315
39 80 549
39 81 175
39 82 280
39 83 361
39 84 257
39 85 403
39 86 225
39 87 247
39 88 619
39 89 458
39 90 242
39 91 235
39 92 196
39 93 772
39 94 330
39 95 260
39 96 207
39 97 301
39 98 219
39 99 157
39 100 531
40 1 765
40 2 106
40 3 164
40 4 324
40 5 643
40 6 267
40 7 68
40 8 182
40 9 557
40 10 20
40 11 686
40 12 608
40 13 871
40 14 601
40 15 774
40 16 337
40 17 452
40 18 575
40 19 742
40 20 692
40 21 519
40 22 381
40 23 235
40 24 171
40 25 196
40 26 567
40 27 174
40 28 161
40 29 839
40 30 232
40 31 220
40 32 127
40 33 185
40 34 125
40 35 758
40 36 364
40 37 805
40 38 766
40 39 468
40 41 507
40 42 495
40 43 146
40 44 419
40 45 912
40 46 129
40 47 124
40 48 704
40 49 623
40 50 171
40 51 899
40 52 142
40 53 689
40 54 302
40 55 145
40 56 120
40 57 721
40 58 706
40 59 362
40 60 274
40 61 712
40 62 434
40 63 806
40 64 783
40 65 594
40 66 151
40 67 948
40 68 253
40 69 509
40 70 760
40 71 524
40 72 722
40 73 579
40 74 869
40 75 135
40 76 242
40 77 548
40 78 242
40 79 526
40 80 241
40 81 547
40 82 622
40 83 209
40 84 708
40 85 382
40 86 266
40 87 640
40 88 542
40 89 689
40 90 281
40 91 418
40 92 494
40 93 764
40 94 275
40 95 703
40 96 323
40 97 181
40 98 444
40 99 410
