nnodes nedges type capacity P s t
100  4950  graph  1000 100 1 100 
nodename posx posy itemvalue itemweight
1 852 421 0 0
2 810 404 17 1
3 207 337 49 10
4 869 508 12 7
5 312 962 84 1
6 53 574 85 3
7 377 632 65 3
8 989 966 58 8
9 892 391 40 4
10 848 286 33 1
11 115 499 31 5
12 666 573 54 3
13 365 637 80 5
14 483 808 32 6
15 132 248 31 5
16 903 336 97 10
17 21 66 35 5
18 92 228 10 3
19 403 961 17 4
20 88 67 91 10
21 275 142 44 7
22 993 4 54 9
23 126 982 52 2
24 971 371 66 1
25 374 171 5 10
26 657 841 3 7
27 22 675 74 6
28 766 388 59 5
29 312 249 72 10
30 196 445 60 4
31 849 452 66 8
32 133 870 63 10
33 518 226 72 5
34 451 921 35 8
35 187 539 98 7
36 988 815 39 1
37 33 334 4 3
38 819 160 1 5
39 316 142 56 8
40 883 42 97 2
41 313 540 19 9
42 884 336 98 2
43 216 2 6 8
44 76 880 96 7
45 252 272 50 7
46 677 101 30 5
47 724 811 14 3
48 324 242 67 6
49 37 775 69 3
50 515 576 25 6
51 666 856 81 6
52 743 700 58 4
53 190 915 8 9
54 212 858 90 5
55 57 95 28 6
56 901 723 26 7
57 987 137 36 3
58 411 555 38 1
59 139 487 82 6
60 788 743 17 1
61 759 465 92 7
62 197 836 98 8
63 628 521 91 4
64 430 665 43 9
65 648 298 68 9
66 594 314 76 8
67 154 337 34 3
68 366 696 84 3
69 252 578 91 3
70 906 662 59 1
71 25 159 11 4
72 385 365 17 6
73 296 148 58 6
74 920 788 87 10
75 635 708 43 3
76 531 746 70 7
77 526 80 1 7
78 582 154 44 3
79 953 365 82 8
80 172 601 1 1
81 663 766 56 6
82 916 169 1 2
83 455 634 9 4
84 217 60 86 1
85 213 123 8 5
86 722 590 21 8
87 283 459 28 9
88 955 931 16 8
89 607 228 95 4
90 719 594 29 7
91 288 603 8 8
92 340 814 23 9
93 683 275 17 8
94 969 637 51 10
95 640 493 55 4
96 590 655 51 1
97 259 858 31 1
98 824 66 4 9
99 493 41 86 9
100 126 58 0 0
endpoint1 endpoint2 weight
1 2 46
1 3 651
1 4 89
1 5 765
1 6 814
1 7 520
1 8 562
1 9 50
1 10 136
1 11 742
1 12 241
1 13 533
1 14 535
1 15 741
1 16 100
1 17 904
1 18 785
1 19 703
1 20 843
1 21 641
1 22 441
1 23 918
1 24 130
1 25 540
1 26 464
1 27 868
1 28 93
1 29 567
1 30 657
1 31 32
1 32 848
1 33 387
1 34 641
1 35 676
1 36 417
1 37 824
1 38 264
1 39 605
1 40 381
1 41 552
1 42 91
1 43 762
1 44 902
1 45 619
1 46 365
1 47 411
1 48 558
1 49 889
1 50 371
1 51 474
1 52 300
1 53 827
1 54 775
1 55 860
1 56 306
1 57 315
1 58 461
1 59 717
1 60 329
1 61 103
1 62 776
1 63 246
1 64 488
1 65 239
1 66 280
1 67 704
1 68 559
1 69 621
1 70 247
1 71 868
1 72 471
1 73 620
1 74 374
1 75 360
1 76 457
1 77 472
1 78 380
1 79 116
1 80 704
1 81 394
1 82 260
1 83 451
1 84 731
1 85 706
1 86 214
1 87 571
1 88 521
1 89 312
1 90 219
1 91 593
1 92 646
1 93 224
1 94 246
1 95 224
1 96 352
1 97 737
1 98 357
1 99 523
1 100 812
2 1 46
2 3 607
2 4 120
2 5 748
2 6 776
2 7 490
2 8 590
2 9 84
2 10 124
2 11 702
2 12 223
2 13 503
2 14 520
2 15 696
2 16 116
2 17 859
2 18 740
2 19 690
2 20 797
2 21 596
2 22 440
2 23 896
2 24 165
2 25 495
2 26 464
2 27 834
2 28 47
2 29 522
2 30 616
2 31 62
2 32 822
2 33 342
2 34 630
2 35 638
2 36 448
2 37 781
2 38 245
2 39 560
2 40 370
2 41 516
2 42 101
2 43 718
2 44 875
2 45 574
2 46 331
2 47 416
2 48 513
2 49 858
2 50 342
2 51 475
2 52 304
2 53 804
2 54 751
2 55 814
2 56 332
2 57 321
2 58 427
2 59 677
2 60 340
2 61 80
2 62 750
2 63 217
2 64 461
2 65 194
2 66 234
2 67 660
2 68 532
2 69 585
2 70 276
2 71 823
2 72 427
2 73 575
2 74 400
2 75 351
2 76 442
2 77 431
2 78 339
2 79 149
2 80 668
2 81 391
2 82 258
2 83 423
2 84 686
2 85 660
2 86 206
2 87 530
2 88 547
2 89 269
2 90 211
2 91 559
2 92 624
2 93 182
2 94 283
2 95 192
2 96 334
2 97 714
2 98 339
2 99 482
2 100 767
3 1 651
3 2 607
3 4 684
3 5 634
3 6 283
3 7 341
3 8 1004
3 9 688
3 10 644
3 11 187
3 12 517
3 13 340
3 14 546
3 15 117
3 16 697
3 17 329
3 18 159
3 19 655
3 20 296
3 21 207
3 22 854
3 23 651
3 24 765
3 25 236
3 26 676
3 27 386
3 28 562
3 29 137
3 30 109
3 31 653
3 32 539
3 33 331
3 34 633
3 35 203
3 36 916
3 37 175
3 38 638
3 39 224
3 40 738
3 41 230
3 42 678
3 43 336
3 44 559
3 45 80
3 46 526
3 47 702
3 48 151
3 49 470
3 50 390
3 51 693
3 52 648
3 53 579
3 54 522
3 55 285
3 56 795
3 57 806
3 58 299
3 59 165
3 60 709
3 61 567
3 62 500
3 63 460
3 64 397
3 65 443
3 66 388
3 67 53
3 68 393
3 69 246
3 70 771
3 71 255
3 72 181
3 73 209
3 74 844
3 75 567
3 76 522
3 77 410
3 78 418
3 79 747
3 80 267
3 81 627
3 82 729
3 83 387
3 84 278
3 85 215
3 86 574
3 87 144
3 88 956
3 89 415
3 90 573
3 91 279
3 92 496
3 93 481
3 94 819
3 95 461
3 96 498
3 97 524
3 98 674
3 99 412
3 100 291
4 1 89
4 2 120
4 3 684
4 5 719
4 6 819
4 7 508
4 8 474
4 9 120
4 10 223
4 11 755
4 12 214
4 13 521
4 14 489
4 15 782
4 16 176
4 17 957
4 18 826
4 19 650
4 20 897
4 21 698
4 22 520
4 23 882
4 24 171
4 25 599
4 26 395
4 27 864
4 28 159
4 29 615
4 30 676
4 31 60
4 32 821
4 33 451
4 34 588
4 35 683
4 36 330
4 37 854
4 38 352
4 39 664
4 40 467
4 41 557
4 42 173
4 43 827
4 44 876
4 45 661
4 46 451
4 47 336
4 48 607
4 49 874
4 50 361
4 51 403
4 52 230
4 53 792
4 54 745
4 55 911
4 56 218
4 57 390
4 58 461
4 59 731
4 60 249
4 61 119
4 62 748
4 63 242
4 64 467
4 65 305
4 66 337
4 67 736
4 68 537
4 69 621
4 70 159
4 71 914
4 72 505
4 73 677
4 74 285
4 75 308
4 76 414
4 77 549
4 78 456
4 79 166
4 80 704
4 81 331
4 82 343
4 83 433
4 84 792
4 85 761
4 86 169
4 87 589
4 88 432
4 89 384
4 90 173
4 91 589
4 92 612
4 93 299
4 94 164
4 95 230
4 96 316
4 97 704
4 98 445
4 99 600
4 100 869
5 1 765
5 2 748
5 3 634
5 4 719
5 6 467
5 7 337
5 8 678
5 9 814
5 10 863
5 11 504
5 12 526
5 13 330
5 14 231
5 15 737
5 16 861
5 17 943
5 18 767
5 19 92
5 20 923
5 21 821
5 22 1176
5 23 188
5 24 886
5 25 794
5 26 366
5 27 409
5 28 732
5 29 713
5 30 530
5 31 741
5 32 202
5 33 765
5 34 145
5 35 442
5 36 692
5 37 688
5 38 949
5 39 821
5 40 1083
5 41 423
5 42 848
5 43 965
5 44 250
5 45 693
5 46 936
5 47 439
5 48 721
5 49 333
5 50 437
5 51 370
5 52 505
5 53 131
5 54 145
5 55 904
5 56 636
5 57 1066
5 58 419
5 59 506
5 60 524
5 61 669
5 62 171
5 63 543
5 64 320
5 65 745
5 66 707
5 67 645
5 68 272
5 69 389
5 70 666
5 71 853
5 72 602
5 73 815
5 74 633
5 75 411
5 76 308
5 77 908
5 78 852
5 79 876
5 80 388
5 81 403
5 82 997
5 83 358
5 84 907
5 85 845
5 86 554
5 87 504
5 88 644
5 89 792
5 90 549
5 91 360
5 92 151
5 93 781
5 94 733
5 95 573
5 96 415
5 97 117
5 98 1032
5 99 939
5 100 923
6 1 814
6 2 776
6 3 283
6 4 819
6 5 467
6 7 330
6 8 1015
6 9 859
6 10 846
6 11 98
6 12 614
6 13 319
6 14 490
6 15 336
6 16 883
6 17 510
6 18 349
6 19 522
6 20 509
6 21 486
6 22 1100
6 23 415
6 24 941
6 25 516
6 26 661
6 27 106
6 28 737
6 29 416
6 30 193
6 31 806
6 32 307
6 33 581
6 34 529
6 35 139
6 36 966
6 37 241
6 38 871
6 39 506
6 40 986
6 41 263
6 42 865
6 43 595
6 44 307
6 45 362
6 46 784
6 47 712
6 48 429
6 49 202
6 50 463
6 51 675
6 52 702
6 53 368
6 54 326
6 55 480
6 56 861
6 57 1032
6 58 359
6 59 123
6 60 755
6 61 715
6 62 299
6 63 578
6 64 388
6 65 656
6 66 601
6 67 258
6 68 336
6 69 200
6 70 858
6 71 416
6 72 393
6 73 491
6 74 894
6 75 598
6 76 509
6 77 684
6 78 676
6 79 924
6 80 123
6 81 640
6 82 954
6 83 407
6 84 540
6 85 479
6 86 670
6 87 258
6 88 971
6 89 654
6 90 667
6 91 237
6 92 375
6 93 698
6 94 919
6 95 593
6 96 544
6 97 351
6 98 924
6 99 692
6 100 522
7 1 520
7 2 490
7 3 341
7 4 508
7 5 337
7 6 330
7 8 698
7 9 569
7 10 585
7 11 294
7 12 295
7 13 13
7 14 206
7 15 456
7 16 604
7 17 669
7 18 495
7 19 331
7 20 635
7 21 501
7 22 880
7 23 431
7 24 649
7 25 462
7 26 350
7 27 358
7 28 460
7 29 389
7 30 261
7 31 506
7 32 341
7 33 430
7 34 299
7 35 212
7 36 638
7 37 456
7 38 647
7 39 494
7 40 778
7 41 113
7 42 588
7 43 651
7 44 391
7 45 382
7 46 610
7 47 391
7 48 394
7 49 369
7 50 149
7 51 366
7 52 373
7 53 340
7 54 280
7 55 626
7 56 532
7 57 786
7 58 85
7 59 279
7 60 426
7 61 417
7 62 273
7 63 275
7 64 63
7 65 431
7 66 385
7 67 370
7 68 65
7 69 137
7 70 530
7 71 590
7 72 268
7 73 491
7 74 565
7 75 269
7 76 192
7 77 572
7 78 521
7 79 635
7 80 208
7 81 316
7 82 711
7 83 79
7 84 594
7 85 535
7 86 348
7 87 197
7 88 651
7 89 465
7 90 345
7 91 94
7 92 186
7 93 471
7 94 593
7 95 298
7 96 215
7 97 255
7 98 722
7 99 603
7 100 627
8 1 562
8 2 590
8 3 1004
8 4 474
8 5 678
8 6 1015
8 7 698
8 9 584
8 10 695
8 11 991
8 12 509
8 13 706
8 14 531
8 15 1119
8 16 636
8 17 1322
8 18 1162
8 19 587
8 20 1273
8 21 1091
8 22 963
8 23 864
8 24 596
8 25 1006
8 26 355
8 27 1010
8 28 620
8 29 987
8 30 949
8 31 533
8 32 862
8 33 878
8 34 540
8 35 909
8 36 152
8 37 1147
8 38 824
8 39 1064
8 40 931
8 41 800
8 42 639
8 43 1236
8 44 918
8 45 1013
8 46 920
8 47 308
8 48 984
8 49 971
8 50 614
8 51 342
8 52 363
8 53 801
8 54 785
8 55 1276
8 56 259
8 57 830
8 58 710
8 59 976
8 60 301
8 61 552
8 62 803
8 63 574
8 64 635
8 65 751
8 66 763
8 67 1046
8 68 679
8 69 833
8 70 316
8 71 1258
8 72 853
8 73 1073
8 74 191
8 75 439
8 76 509
8 77 1000
8 78 909
8 79 603
8 80 895
8 81 383
8 82 801
8 83 629
8 84 1191
8 85 1146
8 86 462
8 87 870
8 88 49
8 89 832
8 90 460
8 91 790
8 92 667
8 93 756
8 94 330
8 95 588
8 96 506
8 97 738
8 98 915
8 99 1050
8 100 1253
9 1 50
9 2 84
9 3 688
9 4 120
9 5 814
9 6 859
9 7 569
9 8 584
9 10 114
9 11 785
9 12 291
9 13 582
9 14 585
9 15 774
9 16 57
9 17 930
9 18 817
9 19 752
9 20 867
9 21 666
9 22 400
9 23 968
9 24 82
9 25 563
9 26 508
9 27 916
9 28 127
9 29 598
9 30 699
9 31 75
9 32 898
9 33 409
9 34 690
9 35 721
9 36 435
9 37 861
9 38 243
9 39 628
9 40 350
9 41 598
9 42 56
9 43 780
9 44 952
9 45 651
9 46 362
9 47 453
9 48 588
9 49 938
9 50 420
9 51 518
9 52 344
9 53 877
9 54 825
9 55 886
9 56 333
9 57 272
9 58 509
9 59 760
9 60 368
9 61 153
9 62 826
9 63 295
9 64 538
9 65 262
9 66 308
9 67 740
9 68 609
9 69 667
9 70 272
9 71 898
9 72 508
9 73 644
9 74 398
9 75 409
9 76 507
9 77 481
9 78 391
9 79 67
9 80 750
9 81 440
9 82 224
9 83 501
9 84 752
9 85 730
9 86 262
9 87 613
9 88 544
9 89 329
9 90 267
9 91 641
9 92 696
9 93 240
9 94 258
9 95 272
9 96 402
9 97 787
9 98 333
9 99 531
9 100 836
10 1 136
10 2 124
10 3 644
10 4 223
10 5 863
10 6 846
10 7 585
10 8 695
10 9 114
10 11 764
10 12 340
10 13 598
10 14 637
10 15 718
10 16 75
10 17 856
10 18 759
10 19 809
10 20 791
10 21 591
10 22 318
10 23 1003
10 24 150
10 25 488
10 26 587
10 27 914
10 28 131
10 29 538
10 30 672
10 31 167
10 32 924
10 33 336
10 34 749
10 35 708
10 36 548
10 37 817
10 38 130
10 39 552
10 40 247
10 41 593
10 42 62
10 43 693
10 44 975
10 45 597
10 46 252
10 47 540
10 48 526
10 49 948
10 50 442
10 51 599
10 52 428
10 53 911
10 54 856
10 55 814
10 56 441
10 57 204
10 58 514
10 59 737
10 60 461
10 61 200
10 62 853
10 63 322
10 64 565
10 65 201
10 66 256
10 67 696
10 68 633
10 69 664
10 70 381
10 71 833
10 72 470
10 73 569
10 74 508
10 75 473
10 76 559
10 77 383
10 78 297
10 79 132
10 80 746
10 81 515
10 82 136
10 83 525
10 84 671
10 85 656
10 86 330
10 87 591
10 88 654
10 89 248
10 90 334
10 91 644
10 92 733
10 93 166
10 94 372
10 95 294
10 96 451
10 97 822
10 98 222
10 99 432
10 100 758
11 1 742
11 2 702
11 3 187
11 4 755
11 5 504
11 6 98
11 7 294
11 8 991
11 9 785
11 10 764
11 12 556
11 13 286
11 14 481
11 15 252
11 16 805
11 17 444
11 18 272
11 19 545
11 20 433
11 21 392
11 22 1008
11 23 484
11 24 866
11 25 418
11 26 641
11 27 200
11 28 661
11 29 319
11 30 98
11 31 736
11 32 372
11 33 487
11 34 540
11 35 83
11 36 929
11 37 185
11 38 782
11 39 410
11 40 894
11 41 203
11 42 787
11 43 508
11 44 383
11 45 266
11 46 689
11 47 685
11 48 332
11 49 287
11 50 408
11 51 657
11 52 660
11 53 423
11 54 372
11 55 409
11 56 818
11 57 945
11 58 302
11 59 27
11 60 716
11 61 645
11 62 347
11 63 514
11 64 357
11 65 570
11 66 514
11 67 167
11 68 320
11 69 159
11 70 808
11 71 352
11 72 302
11 73 395
11 74 856
11 75 561
11 76 484
11 77 587
11 78 581
11 79 849
11 80 117
11 81 610
11 82 867
11 83 366
11 84 451
11 85 389
11 86 614
11 87 173
11 88 945
11 89 562
11 90 612
11 91 202
11 92 388
11 93 611
11 94 866
11 95 526
11 96 500
11 97 387
11 98 831
11 99 594
11 100 442
12 1 241
12 2 223
12 3 517
12 4 214
12 5 526
12 6 614
12 7 295
12 8 509
12 9 291
12 10 340
12 11 556
12 13 308
12 14 298
12 15 626
12 16 336
12 17 821
12 18 670
12 19 469
12 20 769
12 21 582
12 22 657
12 23 678
12 24 366
12 25 497
12 26 269
12 27 653
12 28 211
12 29 480
12 30 488
12 31 220
12 32 611
12 33 378
12 34 410
12 35 481
12 36 403
12 37 677
12 38 441
12 39 556
12 40 574
12 41 355
12 42 323
12 43 728
12 44 666
12 45 512
12 46 473
12 47 245
12 48 476
12 49 661
12 50 152
12 51 283
12 52 149
12 53 587
12 54 537
12 55 775
12 56 279
12 57 542
12 58 256
12 59 534
12 60 210
12 61 143
12 62 538
12 63 65
12 64 254
12 65 276
12 66 269
12 67 564
12 68 325
12 69 415
12 70 256
12 71 764
12 72 350
12 73 564
12 74 333
12 75 139
12 76 220
12 77 513
12 78 428
12 79 355
12 80 495
12 81 194
12 82 476
12 83 220
12 84 682
12 85 639
12 86 59
12 87 400
12 88 461
12 89 351
12 90 58
12 91 380
12 92 406
12 93 299
12 94 310
12 95 85
12 96 112
12 97 497
12 98 532
12 99 560
12 100 747
13 1 533
13 2 503
13 3 340
13 4 521
13 5 330
13 6 319
13 7 13
13 8 706
13 9 582
13 10 598
13 11 286
13 12 308
13 14 208
13 15 454
13 16 617
13 17 667
13 18 492
13 19 327
13 20 634
13 21 504
13 22 892
13 23 420
13 24 662
13 25 467
13 26 357
13 27 346
13 28 473
13 29 392
13 30 256
13 31 519
13 32 329
13 33 439
13 34 297
13 35 204
13 36 648
13 37 450
13 38 659
13 39 498
13 40 789
13 41 111
13 42 600
13 43 653
13 44 378
13 45 383
13 46 621
13 47 399
13 48 398
13 49 356
13 50 162
13 51 373
13 52 384
13 53 329
13 54 269
13 55 624
13 56 543
13 57 799
13 58 95
13 59 272
13 60 437
13 61 430
13 62 261
13 63 288
13 64 71
13 65 442
13 66 396
13 67 367
13 68 60
13 69 128
13 70 542
13 71 587
13 72 273
13 73 494
13 74 576
13 75 280
13 76 199
13 77 580
13 78 530
13 79 648
13 80 197
13 81 325
13 82 723
13 83 91
13 84 596
13 85 537
13 86 361
13 87 196
13 88 660
13 89 476
13 90 357
13 91 85
13 92 179
13 93 482
13 94 604
13 95 311
13 96 226
13 97 246
13 98 733
13 99 610
13 100 627
14 1 535
14 2 520
14 3 546
14 4 489
14 5 231
14 6 490
14 7 206
14 8 531
14 9 585
14 10 637
14 11 481
14 12 298
14 13 208
14 15 661
14 16 632
14 17 875
14 18 700
14 19 173
14 20 840
14 21 698
14 22 953
14 23 398
14 24 656
14 25 647
14 26 178
14 27 480
14 28 507
14 29 585
14 30 463
14 31 511
14 32 356
14 33 584
14 34 118
14 35 400
14 36 506
14 37 654
14 38 730
14 39 687
14 40 865
14 41 318
14 42 620
14 43 850
14 44 414
14 45 584
14 46 734
14 47 242
14 48 588
14 49 448
14 50 235
14 51 190
14 52 282
14 53 312
14 54 276
14 55 831
14 56 427
14 57 840
14 58 264
14 59 471
14 60 312
14 61 441
14 62 288
14 63 322
14 64 153
14 65 537
14 66 507
14 67 575
14 68 162
14 69 326
14 70 448
14 71 795
14 72 454
14 73 686
14 74 438
14 75 182
14 76 79
14 77 730
14 78 662
14 79 646
14 80 374
14 81 185
14 82 772
14 83 177
14 84 794
14 85 737
14 86 324
14 87 403
14 88 488
14 89 594
14 90 319
14 91 283
14 92 144
14 93 570
14 94 516
14 95 352
14 96 187
14 97 230
14 98 817
14 99 768
14 100 831
15 1 741
15 2 696
15 3 117
15 4 782
15 5 737
15 6 336
15 7 456
15 8 1119
15 9 774
15 10 718
15 11 252
15 12 626
15 13 454
15 14 661
15 16 777
15 17 214
15 18 45
15 19 763
15 20 187
15 21 179
15 22 895
15 23 735
15 24 848
15 25 254
15 26 793
15 27 441
15 28 650
15 29 181
15 30 208
15 31 746
15 32 623
15 33 387
15 34 745
15 35 297
15 36 1027
15 37 132
15 38 693
15 39 213
15 40 779
15 41 344
15 42 758
15 43 260
15 44 635
15 45 123
15 46 565
15 47 817
15 48 193
15 49 536
15 50 505
15 51 810
15 52 761
15 53 670
15 54 616
15 55 171
15 56 904
15 57 863
15 58 415
15 59 240
15 60 822
15 61 664
15 62 592
15 63 567
15 64 513
15 65 519
15 66 467
15 67 92
15 68 506
15 69 352
15 70 878
15 71 140
15 72 279
15 73 193
15 74 956
15 75 682
15 76 639
15 77 429
15 78 460
15 79 830
15 80 356
15 81 742
15 82 788
15 83 504
15 84 207
15 85 149
15 86 682
15 87 260
15 88 1070
15 89 476
15 90 682
15 91 388
15 92 604
15 93 552
15 94 923
15 95 564
15 96 613
15 97 624
15 98 716
15 99 417
15 100 191
16 1 100
16 2 116
16 3 697
16 4 176
16 5 861
16 6 883
16 7 604
16 8 636
16 9 57
16 10 75
16 11 805
16 12 336
16 13 617
16 14 632
16 15 777
16 17 923
16 18 819
16 19 801
16 20 859
16 21 658
16 22 344
16 23 1011
16 24 77
16 25 555
16 26 562
16 27 944
16 28 147
16 29 598
16 30 716
16 31 128
16 32 938
16 33 401
16 34 740
16 35 745
16 36 487
16 37 871
16 38 196
16 39 619
16 40 295
16 41 625
16 42 19
16 43 764
16 44 990
16 45 655
16 46 327
16 47 508
16 48 587
16 49 971
16 50 457
16 51 572
16 52 398
16 53 919
16 54 867
16 55 880
16 56 388
16 57 217
16 58 539
16 59 779
16 60 423
16 61 194
16 62 866
16 63 332
16 64 577
16 65 258
16 66 310
16 67 750
16 68 647
16 69 695
16 70 327
16 71 896
16 72 519
16 73 636
16 74 453
16 75 459
16 76 554
16 77 456
16 78 370
16 79 58
16 80 778
16 81 493
16 82 168
16 83 539
16 84 740
16 85 723
16 86 312
16 87 633
16 88 598
16 89 316
16 90 317
16 91 671
16 92 739
16 93 229
16 94 309
16 95 307
16 96 447
16 97 829
16 98 282
16 99 506
16 100 826
17 1 904
17 2 859
17 3 329
17 4 957
17 5 943
17 6 510
17 7 669
17 8 1322
17 9 930
17 10 856
17 11 444
17 12 821
17 13 667
17 14 875
17 15 214
17 16 923
17 18 177
17 19 974
17 20 68
17 21 266
17 22 974
17 23 922
17 24 998
17 25 369
17 26 1003
17 27 610
17 28 812
17 29 344
17 30 418
17 31 914
17 32 812
17 33 523
17 34 958
17 35 502
17 36 1224
17 37 269
17 38 804
17 39 305
17 40 863
17 41 557
17 42 905
17 43 206
17 44 816
17 45 310
17 46 657
17 47 1025
17 48 351
17 49 710
17 50 711
17 51 1020
17 52 961
17 53 866
17 54 815
17 55 47
17 56 1099
17 57 969
17 58 626
17 59 438
17 60 1024
17 61 839
17 62 790
17 63 759
17 64 726
17 65 669
17 66 625
17 67 302
17 68 719
17 69 562
17 70 1067
17 71 94
17 72 472
17 73 287
17 74 1154
17 75 889
17 76 850
17 77 506
17 78 568
17 79 979
17 80 556
17 81 950
17 82 901
17 83 715
17 84 197
17 85 201
17 86 876
17 87 473
17 88 1274
17 89 608
17 90 876
17 91 600
17 92 814
17 93 695
17 94 1107
17 95 752
17 96 819
17 97 827
17 98 803
17 99 473
17 100 106
18 1 785
18 2 740
18 3 159
18 4 826
18 5 767
18 6 349
18 7 495
18 8 1162
18 9 817
18 10 759
18 11 272
18 12 670
18 13 492
18 14 700
18 15 45
18 16 819
18 17 177
18 19 797
18 20 162
18 21 203
18 22 929
18 23 755
18 24 891
18 25 288
18 26 834
18 27 453
18 28 693
18 29 221
18 30 241
18 31 790
18 32 644
18 33 427
18 34 781
18 35 326
18 36 1072
18 37 122
18 38 731
18 39 240
18 40 813
18 41 383
18 42 800
18 43 258
18 44 653
18 45 166
18 46 599
18 47 860
18 48 233
18 49 550
18 50 548
18 51 851
18 52 805
18 53 694
18 54 642
18 55 138
18 56 949
18 57 900
18 58 457
18 59 264
18 60 866
18 61 708
18 62 617
18 63 611
18 64 553
18 65 561
18 66 510
18 67 126
18 68 543
18 69 385
18 70 923
18 71 97
18 72 324
18 73 220
18 74 1000
18 75 725
18 76 680
18 77 459
18 78 496
18 79 872
18 80 382
18 81 785
18 82 827
18 83 545
18 84 210
18 85 161
18 86 727
18 87 300
18 88 1114
18 89 515
18 90 727
18 91 424
18 92 637
18 93 593
18 94 968
18 95 609
18 96 656
18 97 652
18 98 750
18 99 443
18 100 174
19 1 703
19 2 690
19 3 655
19 4 650
19 5 92
19 6 522
19 7 331
19 8 587
19 9 752
19 10 809
19 11 545
19 12 469
19 13 327
19 14 173
19 15 763
19 16 801
19 17 974
19 18 797
19 20 948
19 21 829
19 22 1125
19 23 278
19 24 819
19 25 791
19 26 281
19 27 477
19 28 679
19 29 718
19 30 556
19 31 677
19 32 285
19 33 744
19 34 63
19 35 475
19 36 603
19 37 729
19 38 903
19 39 824
19 40 1037
19 41 431
19 42 789
19 43 978
19 44 337
19 45 706
19 46 903
19 47 355
19 48 724
19 49 411
19 50 401
19 51 284
19 52 429
19 53 218
19 54 218
19 55 933
19 56 552
19 57 1010
19 58 407
19 59 543
19 60 443
19 61 611
19 62 241
19 63 495
19 64 298
19 65 707
19 66 675
19 67 672
19 68 268
19 69 412
19 70 586
19 71 887
19 72 597
19 73 821
19 74 546
19 75 344
19 76 251
19 77 890
19 78 827
19 79 811
19 80 428
19 81 325
19 82 944
19 83 332
19 84 920
19 85 860
19 86 490
19 87 517
19 88 553
19 89 761
19 90 485
19 91 377
19 92 160
19 93 741
19 94 653
19 95 525
19 96 359
19 97 178
19 98 990
19 99 925
19 100 945
20 1 843
20 2 797
20 3 296
20 4 897
20 5 923
20 6 509
20 7 635
20 8 1273
20 9 867
20 10 791
20 11 433
20 12 769
20 13 634
20 14 840
20 15 187
20 16 859
20 17 68
20 18 162
20 19 948
20 21 202
20 22 908
20 23 916
20 24 934
20 25 305
20 26 961
20 27 612
20 28 751
20 29 289
20 30 394
20 31 853
20 32 805
20 33 459
20 34 928
20 35 483
20 36 1171
20 37 273
20 38 737
20 39 241
20 40 796
20 41 524
20 42 841
20 43 144
20 44 814
20 45 263
20 46 590
20 47 979
20 48 294
20 49 710
20 50 665
20 51 979
20 52 911
20 53 855
20 54 801
20 55 42
20 56 1045
20 57 902
20 58 586
20 59 424
20 60 974
20 61 781
20 62 777
20 63 706
20 64 689
20 65 606
20 66 564
20 67 278
20 68 688
20 69 537
20 70 1012
20 71 112
20 72 421
20 73 224
20 74 1101
20 75 843
20 76 811
20 77 439
20 78 502
20 79 915
20 80 541
20 81 906
20 82 835
20 83 676
20 84 130
20 85 137
20 86 822
20 87 438
20 88 1225
20 89 544
20 90 823
20 91 573
20 92 789
20 93 631
20 94 1050
20 95 698
20 96 774
20 97 810
20 98 737
20 99 406
20 100 40
21 1 641
21 2 596
21 3 207
21 4 698
21 5 821
21 6 486
21 7 501
21 8 1091
21 9 666
21 10 591
21 11 392
21 12 582
21 13 504
21 14 698
21 15 179
21 16 658
21 17 266
21 18 203
21 19 829
21 20 202
21 22 732
21 23 854
21 24 733
21 25 104
21 26 797
21 27 590
21 28 550
21 29 114
21 30 314
21 31 653
21 32 742
21 33 258
21 34 799
21 35 407
21 36 981
21 37 309
21 38 545
21 39 41
21 40 617
21 41 400
21 42 640
21 43 152
21 44 765
21 45 133
21 46 405
21 47 806
21 48 112
21 49 677
21 50 496
21 51 815
21 52 729
21 53 778
21 54 719
21 55 224
21 56 855
21 57 713
21 58 435
21 59 371
21 60 791
21 61 582
21 62 699
21 63 518
21 64 546
21 65 405
21 66 363
21 67 230
21 68 562
21 69 437
21 70 818
21 71 251
21 72 249
21 73 22
21 74 913
21 75 671
21 76 657
21 77 259
21 78 308
21 79 714
21 80 471
21 81 735
21 82 642
21 83 524
21 84 101
21 85 65
21 86 633
21 87 318
21 88 1042
21 89 343
21 90 634
21 91 462
21 92 676
21 93 430
21 94 853
21 95 507
21 96 602
21 97 717
21 98 555
21 99 241
21 100 172
22 1 441
22 2 440
22 3 854
22 4 520
22 5 1176
22 6 1100
22 7 880
22 8 963
22 9 400
22 10 318
22 11 1008
22 12 657
22 13 892
22 14 953
22 15 895
22 16 344
22 17 974
22 18 929
22 19 1125
22 20 908
22 21 732
22 23 1307
22 24 368
22 25 642
22 26 902
22 27 1181
22 28 447
22 29 724
22 30 911
22 31 471
22 32 1221
22 33 525
22 34 1066
22 35 968
22 36 812
22 37 1016
22 38 234
22 39 691
22 40 117
22 41 866
22 42 350
22 43 778
22 44 1269
22 45 788
22 46 331
22 47 851
22 48 711
22 49 1229
22 50 746
22 51 913
22 52 740
22 53 1215
22 54 1158
22 55 941
22 56 725
22 57 134
22 58 802
22 59 982
22 60 767
22 61 517
22 62 1152
22 63 633
22 64 869
22 65 454
22 66 506
22 67 903
22 68 934
22 69 938
22 70 664
22 71 981
22 72 708
22 73 712
22 74 788
22 75 790
22 76 875
22 77 474
22 78 438
22 79 364
22 80 1016
22 81 831
22 82 183
22 83 829
22 84 779
22 85 790
22 86 646
22 87 844
22 88 928
22 89 447
22 90 651
22 91 926
22 92 1041
22 93 412
22 94 634
22 95 604
22 96 766
22 97 1127
22 98 181
22 99 502
22 100 869
23 1 918
23 2 896
23 3 651
23 4 882
23 5 188
23 6 415
23 7 431
23 8 864
23 9 968
23 10 1003
23 11 484
23 12 678
23 13 420
23 14 398
23 15 735
23 16 1011
23 17 922
23 18 755
23 19 278
23 20 916
23 21 854
23 22 1307
23 24 1043
23 25 849
23 26 550
23 27 325
23 28 874
23 29 757
23 30 542
23 31 897
23 32 113
23 33 852
23 34 331
23 35 448
23 36 879
23 37 655
23 38 1076
23 39 862
23 40 1207
23 41 480
23 42 996
23 43 985
23 44 114
23 45 722
23 46 1040
23 47 622
23 48 767
23 49 226
23 50 563
23 51 555
23 52 679
23 53 93
23 54 151
23 55 890
23 56 818
23 57 1207
23 58 514
23 59 496
23 60 704
23 61 818
23 62 163
23 63 682
23 64 440
23 65 861
23 66 816
23 67 646
23 68 374
23 69 424
23 70 844
23 71 830
23 72 670
23 73 852
23 74 818
23 75 579
23 76 469
23 77 987
23 78 946
23 79 1032
23 80 384
23 81 579
23 82 1134
23 83 479
23 84 927
23 85 864
23 86 714
23 87 547
23 88 831
23 89 895
23 90 709
23 91 413
23 92 273
23 93 901
23 94 911
23 95 710
23 96 568
23 97 182
23 98 1152
23 99 1011
23 100 924
24 1 130
24 2 165
24 3 765
24 4 171
24 5 886
24 6 941
24 7 649
24 8 596
24 9 82
24 10 150
24 11 866
24 12 366
24 13 662
24 14 656
24 15 848
24 16 77
24 17 998
24 18 891
24 19 819
24 20 934
24 21 733
24 22 368
24 23 1043
24 25 630
24 26 566
24 27 997
24 28 206
24 29 671
24 30 779
24 31 147
24 32 976
24 33 476
24 34 757
24 35 802
24 36 445
24 37 939
24 38 261
24 39 694
24 40 341
24 41 680
24 42 94
24 43 841
24 44 1030
24 45 726
24 46 400
24 47 505
24 48 660
24 49 1018
24 50 500
24 51 573
24 52 401
24 53 952
24 54 902
24 55 955
24 56 359
24 57 235
24 58 590
24 59 841
24 60 415
24 61 232
24 62 903
24 63 375
24 64 616
24 65 332
24 66 382
24 67 818
24 68 687
24 69 749
24 70 299
24 71 970
24 72 587
24 73 711
24 74 421
24 75 476
24 76 579
24 77 532
24 78 446
24 79 19
24 80 832
24 81 501
24 82 210
24 83 580
24 84 816
24 85 798
24 86 332
24 87 694
24 88 561
24 89 392
24 90 337
24 91 722
24 92 771
24 93 304
24 94 267
24 95 353
24 96 476
24 97 863
24 98 339
24 99 581
24 100 902
25 1 540
25 2 495
25 3 236
25 4 599
25 5 794
25 6 516
25 7 462
25 8 1006
25 9 563
25 10 488
25 11 418
25 12 497
25 13 467
25 14 647
25 15 254
25 16 555
25 17 369
25 18 288
25 19 791
25 20 305
25 21 104
25 22 642
25 23 849
25 24 630
25 26 728
25 27 615
25 28 449
25 29 100
25 30 327
25 31 552
25 32 740
25 33 155
25 34 754
25 35 413
25 36 890
25 37 378
25 38 446
25 39 65
25 40 526
25 41 375
25 42 537
25 43 232
25 44 770
25 45 159
25 46 311
25 47 730
25 48 87
25 49 692
25 50 429
25 51 745
25 52 645
25 53 767
25 54 706
25 55 326
25 56 764
25 57 614
25 58 386
25 59 394
25 60 707
25 61 485
25 62 689
25 63 433
25 64 498
25 65 303
25 66 263
25 67 276
25 68 526
25 69 425
25 70 724
25 71 350
25 72 195
25 73 82
25 74 824
25 75 598
25 76 597
25 77 178
25 78 209
25 79 611
25 80 476
25 81 662
25 82 543
25 83 471
25 84 193
25 85 169
25 86 545
25 87 303
25 88 957
25 89 240
25 90 546
25 91 441
25 92 644
25 93 327
25 94 756
25 95 418
25 96 531
25 97 697
25 98 463
25 99 177
25 100 273
26 1 464
26 2 464
26 3 676
26 4 395
26 5 366
26 6 661
26 7 350
26 8 355
26 9 508
26 10 587
26 11 641
26 12 269
26 13 357
26 14 178
26 15 793
26 16 562
26 17 1003
26 18 834
26 19 281
26 20 961
26 21 797
26 22 902
26 23 550
26 24 566
26 25 728
26 27 657
26 28 466
26 29 686
26 30 608
26 31 434
26 32 525
26 33 631
26 34 221
26 35 559
26 36 333
26 37 805
26 38 701
26 39 778
26 40 831
26 41 458
26 42 554
26 43 948
26 44 583
26 45 699
26 46 741
26 47 74
26 48 686
26 49 624
26 50 301
26 51 18
26 52 166
26 53 473
26 54 446
26 55 958
26 56 272
26 57 778
26 58 378
26 59 628
26 60 164
26 61 390
26 62 461
26 63 322
26 64 288
26 65 544
26 66 531
26 67 713
26 68 326
26 69 483
26 70 307
26 71 930
26 72 549
26 73 782
26 74 269
26 75 135
26 76 158
26 77 773
26 78 692
26 79 561
26 80 542
26 81 76
26 82 721
26 83 290
26 84 897
26 85 845
26 86 260
26 87 535
26 88 312
26 89 616
26 90 255
26 91 440
26 92 319
26 93 567
26 94 373
26 95 349
26 96 198
26 97 399
26 98 793
26 99 817
26 100 947
27 1 868
27 2 834
27 3 386
27 4 864
27 5 409
27 6 106
27 7 358
27 8 1010
27 9 916
27 10 914
27 11 200
27 12 653
27 13 346
27 14 480
27 15 441
27 16 944
27 17 610
27 18 453
27 19 477
27 20 612
27 21 590
27 22 1181
27 23 325
27 24 997
27 25 615
27 26 657
27 28 798
27 29 516
27 30 289
27 31 857
27 32 225
27 33 670
27 34 495
27 35 214
27 36 977
27 37 342
27 38 949
27 39 609
27 40 1069
27 41 321
27 42 927
27 43 701
27 44 212
27 45 465
27 46 871
27 47 716
27 48 528
27 49 102
27 50 503
27 51 669
27 52 722
27 53 293
27 54 264
27 55 582
27 56 881
27 57 1105
27 58 408
27 59 222
27 60 770
27 61 767
27 62 238
27 63 626
27 64 409
27 65 731
27 66 677
27 67 363
27 68 345
27 69 250
27 70 885
27 71 517
27 72 478
27 73 594
27 74 906
27 75 614
27 76 514
27 77 780
27 78 765
27 79 982
27 80 168
27 81 648
27 82 1028
27 83 435
27 84 646
27 85 585
27 86 706
27 87 339
27 88 968
27 89 737
27 90 702
27 91 276
27 92 348
27 93 773
27 94 948
27 95 645
27 96 569
27 97 300
27 98 1008
27 99 790
27 100 626
28 1 93
28 2 47
28 3 562
28 4 159
28 5 732
28 6 737
28 7 460
28 8 620
28 9 127
28 10 131
28 11 661
28 12 211
28 13 473
28 14 507
28 15 650
28 16 147
28 17 812
28 18 693
28 19 679
28 20 751
28 21 550
28 22 447
28 23 874
28 24 206
28 25 449
28 26 466
28 27 798
28 29 475
28 30 573
28 31 105
28 32 796
28 33 297
28 34 620
28 35 599
28 36 482
28 37 735
28 38 235
28 39 513
28 40 366
28 41 478
28 42 129
28 43 672
28 44 848
28 45 527
28 46 301
28 47 426
28 48 466
28 49 826
28 50 314
28 51 479
28 52 313
28 53 781
28 54 727
28 55 768
28 56 362
28 57 335
28 58 393
28 59 635
28 60 356
28 61 78
28 62 725
28 63 192
28 64 436
28 65 149
28 66 188
28 67 615
28 68 505
28 69 548
28 70 308
28 71 776
28 72 382
28 73 528
28 74 429
28 75 346
28 76 429
28 77 391
28 78 298
28 79 189
28 80 632
28 81 392
28 82 266
28 83 397
28 84 640
28 85 614
28 86 207
28 87 489
28 88 575
28 89 226
28 90 212
28 91 525
28 92 603
28 93 141
28 94 322
28 95 165
28 96 320
28 97 692
28 98 328
28 99 442
28 100 721
29 1 567
29 2 522
29 3 137
29 4 615
29 5 713
29 6 416
29 7 389
29 8 987
29 9 598
29 10 538
29 11 319
29 12 480
29 13 392
29 14 585
29 15 181
29 16 598
29 17 344
29 18 221
29 19 718
29 20 289
29 21 114
29 22 724
29 23 757
29 24 671
29 25 100
29 26 686
29 27 516
29 28 475
29 30 228
29 31 575
29 32 647
29 33 208
29 34 687
29 35 316
29 36 882
29 37 292
29 38 515
29 39 108
29 40 608
29 41 292
29 42 579
29 43 265
29 44 674
29 45 65
29 46 394
29 47 697
29 48 14
29 49 594
29 50 385
29 51 703
29 52 624
29 53 678
29 54 618
29 55 298
29 56 757
29 57 685
29 58 322
29 59 295
29 60 687
29 61 497
29 62 599
29 63 417
29 64 433
29 65 340
29 66 290
29 67 181
29 68 451
29 69 335
29 70 724
29 71 301
29 72 138
29 73 103
29 74 813
29 75 562
29 76 544
29 77 273
29 78 287
29 79 652
29 80 379
29 81 625
29 82 610
29 83 411
29 84 212
29 85 161
29 86 534
29 87 212
29 88 938
29 89 296
29 90 534
29 91 355
29 92 566
29 93 372
29 94 764
29 95 409
29 96 493
29 97 612
29 98 544
29 99 276
29 100 267
30 1 657
30 2 616
30 3 109
30 4 676
30 5 530
30 6 193
30 7 261
30 8 949
30 9 699
30 10 672
30 11 98
30 12 488
30 13 256
30 14 463
30 15 208
30 16 716
30 17 418
30 18 241
30 19 556
30 20 394
30 21 314
30 22 911
30 23 542
30 24 779
30 25 327
30 26 608
30 27 289
30 28 573
30 29 228
30 31 654
30 32 430
30 33 390
30 34 541
30 35 95
30 36 875
30 37 198
30 38 686
30 39 326
30 40 797
30 41 151
30 42 697
30 43 444
30 44 452
30 45 182
30 46 592
30 47 643
30 48 240
30 49 367
30 50 345
30 51 625
30 52 604
30 53 471
30 54 414
30 55 377
30 56 758
30 57 849
30 58 242
30 59 71
30 60 663
30 61 564
30 62 392
30 63 439
30 64 322
30 65 476
30 66 420
30 67 116
30 68 304
30 69 145
30 70 743
30 71 334
30 72 206
30 73 314
30 74 802
30 75 512
30 76 451
30 77 493
30 78 484
30 79 762
30 80 158
30 81 567
30 82 772
30 83 321
30 84 386
30 85 323
30 86 546
30 87 89
30 88 902
30 89 465
30 90 544
30 91 183
30 92 397
30 93 516
30 94 797
30 95 447
30 96 447
30 97 418
30 98 734
30 99 502
30 100 394
31 1 32
31 2 62
31 3 653
31 4 60
31 5 741
31 6 806
31 7 506
31 8 533
31 9 75
31 10 167
31 11 736
31 12 220
31 13 519
31 14 511
31 15 746
31 16 128
31 17 914
31 18 790
31 19 677
31 20 853
31 21 653
31 22 471
31 23 897
31 24 147
31 25 552
31 26 434
31 27 857
31 28 105
31 29 575
31 30 654
31 32 830
31 33 401
31 34 616
31 35 668
31 36 389
31 37 825
31 38 294
31 39 617
31 40 412
31 41 544
31 42 122
31 43 777
31 44 884
31 45 624
31 46 391
31 47 381
31 48 566
31 49 874
31 50 357
31 51 444
31 52 270
31 53 806
31 54 756
31 55 869
31 56 276
31 57 344
31 58 450
31 59 711
31 60 298
31 61 91
31 62 757
31 63 232
31 64 471
31 65 254
31 66 290
31 67 705
31 68 542
31 69 611
31 70 218
31 71 875
31 72 473
31 73 632
31 74 344
31 75 334
31 76 434
31 77 493
31 78 401
31 79 136
31 80 694
31 81 365
31 82 291
31 83 435
31 84 744
31 85 717
31 86 188
31 87 567
31 88 491
31 89 330
31 90 193
31 91 581
31 92 625
31 93 243
31 94 221
31 95 213
31 96 330
31 97 717
31 98 387
31 99 544
31 100 824
32 1 848
32 2 822
32 3 539
32 4 821
32 5 202
32 6 307
32 7 341
32 8 862
32 9 898
32 10 924
32 11 372
32 12 611
32 13 329
32 14 356
32 15 623
32 16 938
32 17 812
32 18 644
32 19 285
32 20 805
32 21 742
32 22 1221
32 23 113
32 24 976
32 25 740
32 26 525
32 27 225
32 28 796
32 29 647
32 30 430
32 31 830
32 33 751
32 34 323
32 35 336
32 36 857
32 37 546
32 38 988
32 39 751
32 40 1118
32 41 376
32 42 922
32 43 872
32 44 58
32 45 610
32 46 942
32 47 594
32 48 657
32 49 136
32 50 483
32 51 534
32 52 634
32 53 73
32 54 80
32 55 779
32 56 782
32 57 1126
32 58 421
32 59 384
32 60 668
32 61 746
32 62 73
32 63 606
32 64 361
32 65 770
32 66 723
32 67 534
32 68 291
32 69 316
32 70 801
32 71 720
32 72 565
32 73 741
32 74 792
32 75 528
32 76 417
32 77 883
32 78 846
32 79 964
32 80 272
32 81 541
32 82 1051
32 83 400
32 84 815
32 85 752
32 86 653
32 87 438
32 88 825
32 89 799
32 90 648
32 91 309
32 92 215
32 93 811
32 94 868
32 95 632
32 96 506
32 97 127
32 98 1061
32 99 904
32 100 813
33 1 387
33 2 342
33 3 331
33 4 451
33 5 765
33 6 581
33 7 430
33 8 878
33 9 409
33 10 336
33 11 487
33 12 378
33 13 439
33 14 584
33 15 387
33 16 401
33 17 523
33 18 427
33 19 744
33 20 459
33 21 258
33 22 525
33 23 852
33 24 476
33 25 155
33 26 631
33 27 670
33 28 297
33 29 208
33 30 390
33 31 401
33 32 751
33 34 699
33 35 456
33 36 754
33 37 497
33 38 309
33 39 219
33 40 409
33 41 375
33 42 383
33 43 377
33 44 790
33 45 270
33 46 203
33 47 621
33 48 195
33 49 730
33 50 351
33 51 648
33 52 525
33 53 764
33 54 703
33 55 480
33 56 628
33 57 478
33 58 346
33 59 461
33 60 584
33 61 340
33 62 690
33 63 315
33 64 448
33 65 149
33 66 117
33 67 381
33 68 494
33 69 442
33 70 584
33 71 498
33 72 193
33 73 236
33 74 691
33 75 496
33 76 521
33 77 147
33 78 97
33 79 457
33 80 511
33 81 560
33 82 403
33 83 413
33 84 344
33 85 322
33 86 418
33 87 331
33 88 830
33 89 90
33 90 420
33 91 442
33 92 615
33 93 173
33 94 611
33 95 294
33 96 435
33 97 684
33 98 346
33 99 187
33 100 427
34 1 641
34 2 630
34 3 633
34 4 588
34 5 145
34 6 529
34 7 299
34 8 540
34 9 690
34 10 749
34 11 540
34 12 410
34 13 297
34 14 118
34 15 745
34 16 740
34 17 958
34 18 781
34 19 63
34 20 928
34 21 799
34 22 1066
34 23 331
34 24 757
34 25 754
34 26 221
34 27 495
34 28 620
34 29 687
34 30 541
34 31 616
34 32 323
34 33 699
34 35 465
34 36 548
34 37 721
34 38 846
34 39 791
34 40 980
34 41 406
34 42 728
34 43 949
34 44 378
34 45 679
34 46 851
34 47 295
34 48 691
34 49 439
34 50 351
34 51 225
34 52 367
34 53 262
34 54 248
34 55 916
34 56 492
34 57 950
34 58 369
34 59 535
34 60 382
34 61 551
34 62 268
34 63 438
34 64 257
34 65 654
34 66 624
34 67 656
34 68 241
34 69 397
34 70 524
34 71 873
34 72 560
34 73 789
34 74 488
34 75 282
34 76 193
34 77 845
34 78 779
34 79 750
34 80 425
34 81 263
34 82 885
34 83 288
34 84 893
34 85 833
34 86 428
34 87 492
34 88 505
34 89 711
34 90 423
34 91 358
34 92 155
34 93 687
34 94 591
34 95 468
34 96 301
34 97 203
34 98 933
34 99 882
34 100 923
35 1 676
35 2 638
35 3 203
35 4 683
35 5 442
35 6 139
35 7 212
35 8 909
35 9 721
35 10 708
35 11 83
35 12 481
35 13 204
35 14 400
35 15 297
35 16 745
35 17 502
35 18 326
35 19 475
35 20 483
35 21 407
35 22 968
35 23 448
35 24 802
35 25 413
35 26 559
35 27 214
35 28 599
35 29 316
35 30 95
35 31 668
35 32 336
35 33 456
35 34 465
35 36 848
35 37 257
35 38 737
35 39 418
35 40 856
35 41 127
35 42 726
35 43 538
35 44 359
35 45 275
35 46 658
35 47 602
35 48 328
35 49 280
35 50 331
35 51 575
35 52 579
35 53 377
35 54 320
35 55 463
35 56 738
35 57 896
35 58 225
35 59 71
35 60 635
35 61 577
35 62 298
35 63 442
35 64 274
35 65 521
35 66 466
35 67 205
35 68 239
35 69 76
35 70 730
35 71 414
35 72 264
35 73 406
35 74 775
35 75 479
35 76 402
35 77 571
35 78 552
35 79 786
35 80 64
35 81 528
35 82 818
35 83 285
35 84 480
35 85 417
35 86 538
35 87 125
35 88 863
35 89 523
35 90 535
35 91 120
35 92 315
35 93 562
35 94 789
35 95 456
35 96 420
35 97 328
35 98 794
35 99 585
35 100 485
36 1 417
36 2 448
36 3 916
36 4 330
36 5 692
36 6 966
36 7 638
36 8 152
36 9 435
36 10 548
36 11 929
36 12 403
36 13 648
36 14 506
36 15 1027
36 16 487
36 17 1224
36 18 1072
36 19 603
36 20 1171
36 21 981
36 22 812
36 23 879
36 24 445
36 25 890
36 26 333
36 27 977
36 28 482
36 29 882
36 30 875
36 31 389
36 32 857
36 33 754
36 34 548
36 35 848
36 37 1070
36 38 677
36 39 952
36 40 781
36 41 729
36 42 491
36 43 1122
36 44 915
36 45 915
36 46 779
36 47 265
36 48 878
36 49 952
36 50 530
36 51 325
36 52 271
36 53 805
36 54 778
36 55 1177
36 56 127
36 57 679
36 58 633
36 59 911
36 60 213
36 61 419
36 62 792
36 63 465
36 64 578
36 65 619
36 66 638
36 67 962
36 68 634
36 69 774
36 70 174
36 71 1166
36 72 753
36 73 962
36 74 74
36 75 369
36 76 463
36 77 869
36 78 776
36 79 452
36 80 844
36 81 329
36 82 650
36 83 563
36 84 1080
36 85 1039
36 86 349
36 87 790
36 88 121
36 89 700
36 90 349
36 91 732
36 92 649
36 93 621
36 94 180
36 95 475
36 96 429
36 97 731
36 98 767
36 99 919
36 100 1148
37 1 824
37 2 781
37 3 175
37 4 854
37 5 688
37 6 241
37 7 456
37 8 1147
37 9 861
37 10 817
37 11 185
37 12 677
37 13 450
37 14 654
37 15 132
37 16 871
37 17 269
37 18 122
37 19 729
37 20 273
37 21 309
37 22 1016
37 23 655
37 24 939
37 25 378
37 26 805
37 27 342
37 28 735
37 29 292
37 30 198
37 31 825
37 32 546
37 33 497
37 34 721
37 35 257
37 36 1070
37 38 806
37 39 342
37 40 899
37 41 348
37 42 852
37 43 380
37 44 548
37 45 228
37 46 685
37 47 840
37 48 306
37 49 442
37 50 540
37 51 821
37 52 799
37 53 602
37 54 554
37 55 241
37 56 952
37 57 975
37 58 438
37 59 187
37 60 859
37 61 738
37 62 529
37 63 624
37 64 517
37 65 617
37 66 562
37 67 122
37 68 492
37 69 328
37 70 933
37 71 176
37 72 354
37 73 323
37 74 997
37 75 709
37 76 647
37 77 555
37 78 578
37 79 921
37 80 302
37 81 764
37 82 899
37 83 518
37 84 331
37 85 278
37 86 736
37 87 280
37 88 1099
37 89 584
37 90 734
37 91 371
37 92 570
37 93 653
37 94 984
37 95 628
37 96 643
37 97 571
37 98 836
37 99 546
37 100 292
38 1 264
38 2 245
38 3 638
38 4 352
38 5 949
38 6 871
38 7 647
38 8 824
38 9 243
38 10 130
38 11 782
38 12 441
38 13 659
38 14 730
38 15 693
38 16 196
38 17 804
38 18 731
38 19 903
38 20 737
38 21 545
38 22 234
38 23 1076
38 24 261
38 25 446
38 26 701
38 27 949
38 28 235
38 29 515
38 30 686
38 31 294
38 32 988
38 33 309
38 34 846
38 35 737
38 36 677
38 37 806
38 39 504
38 40 135
38 41 633
38 42 188
38 43 624
38 44 1035
38 45 578
38 46 154
38 47 658
38 48 502
38 49 995
38 50 516
38 51 713
38 52 546
38 53 983
38 54 926
38 55 765
38 56 569
38 57 170
38 58 568
38 59 755
38 60 584
38 61 311
38 62 919
38 63 409
38 64 638
38 65 220
38 66 273
38 67 689
38 68 702
38 69 705
38 70 510
38 71 795
38 72 480
38 73 524
38 74 637
38 75 579
38 76 653
38 77 304
38 78 238
38 79 245
38 80 784
38 81 626
38 82 98
38 83 598
38 84 611
38 85 608
38 86 441
38 87 614
38 88 783
38 89 223
38 90 446
38 91 692
38 92 811
38 93 179
38 94 501
38 95 379
38 96 546
38 97 895
38 98 95
38 99 348
38 100 701
39 1 605
39 2 560
39 3 224
39 4 664
39 5 821
39 6 506
39 7 494
39 8 1064
39 9 628
39 10 552
39 11 410
39 12 556
39 13 498
39 14 687
39 15 213
39 16 619
39 17 305
39 18 240
39 19 824
39 20 241
39 21 41
39 22 691
39 23 862
39 24 694
39 25 65
39 26 778
39 27 609
39 28 513
39 29 108
39 30 326
39 31 617
39 32 751
39 33 219
39 34 791
39 35 418
39 36 952
39 37 342
39 38 504
39 40 576
39 41 399
39 42 601
39 43 173
39 44 777
39 45 145
39 46 364
39 47 784
39 48 101
39 49 692
39 50 478
39 51 796
39 52 703
39 53 784
39 54 724
39 55 264
39 56 825
39 57 672
39 58 424
39 59 388
39 60 765
39 61 549
39 62 705
39 63 491
39 64 536
39 65 367
39 66 327
39 67 254
39 68 557
39 69 441
39 70 787
39 71 292
39 72 234
39 73 21
39 74 885
39 75 650
39 76 642
39 77 219
39 78 267
39 79 675
39 80 482
39 81 714
39 82 601
39 83 512
39 84 129
39 85 105
39 86 605
39 87 319
39 88 1016
39 89 304
39 90 606
39 91 462
39 92 673
39 93 391
39 94 820
39 95 478
39 96 582
39 97 719
39 98 514
39 99 204
39 100 208
40 1 381
40 2 370
40 3 738
40 4 467
40 5 1083
40 6 986
40 7 778
40 8 931
40 9 350
40 10 247
40 11 894
40 12 574
40 13 789
40 14 865
40 15 779
40 16 295
40 17 863
40 18 813
40 19 1037
40 20 796
40 21 617
40 22 117
40 23 1207
40 24 341
40 25 526
40 26 831
40 27 1069
40 28 366
40 29 608
40 30 797
40 31 412
40 32 1118
40 33 409
40 34 980
40 35 856
40 36 781
40 37 899
40 38 135
40 39 576
40 41 757
40 42 295
40 43 669
40 44 1164
40 45 672
40 46 215
40 47 786
40 48 594
40 49 1120
40 50 649
40 51 843
40 52 673
40 53 1115
40 54 1057
40 55 828
40 56 682
40 57 141
40 58 698
40 59 867
40 60 708
40 61 441
40 62 1050
40 63 543
40 64 771
40 65 348
40 66 397
40 67 787
40 68 834
40 69 828
40 70 621
40 71 866
40 72 594
40 73 597
40 74 747
40 75 711
40 76 788
40 77 360
40 78 322
40 79 331
40 80 905
40 81 757
40 82 132
40 83 731
40 84 667
40 85 675
40 86 572
40 87 731
