nnodes nedges type capacity P s t
100  4950  graph  1000 100 1 100 
nodename posx posy itemvalue itemweight
1 563 57 0 0
2 716 375 7 11
3 828 300 10 18
4 44 847 7 24
5 923 364 1 12
6 766 200 9 13
7 438 763 5 12
8 928 792 1 12
9 424 813 2 19
10 554 332 7 17
11 790 270 3 26
12 522 699 8 19
13 281 330 10 6
14 756 347 1 37
15 859 444 10 26
16 601 422 3 50
17 853 317 7 1
18 150 33 1 28
19 969 546 9 17
20 232 893 2 41
21 262 998 10 32
22 445 700 3 34
23 762 725 5 23
24 845 186 6 47
25 890 751 1 24
26 870 681 5 6
27 373 392 1 42
28 732 6 4 22
29 74 841 10 47
30 353 934 8 49
31 285 955 2 23
32 356 490 9 48
33 624 858 3 9
34 523 594 6 43
35 405 755 7 29
36 839 667 5 6
37 106 284 2 37
38 720 220 9 7
39 9 917 2 36
40 406 900 5 4
41 668 628 1 19
42 933 42 9 12
43 21 665 1 33
44 48 95 3 10
45 506 754 9 43
46 29 143 8 2
47 61 738 7 8
48 633 685 1 41
49 948 508 6 28
50 631 353 6 44
51 616 470 6 20
52 373 722 9 20
53 754 93 7 40
54 942 116 8 18
55 10 700 7 32
56 16 30 3 38
57 328 301 10 32
58 424 349 1 12
59 318 825 4 35
60 797 177 3 44
61 579 178 7 33
62 320 640 5 45
63 268 306 10 45
64 677 217 6 8
65 166 309 3 21
66 922 782 1 30
67 779 295 10 2
68 504 534 1 48
69 740 446 1 28
70 650 102 7 17
71 498 18 1 40
72 485 827 6 11
73 671 909 1 6
74 528 989 4 36
75 734 677 1 47
76 166 665 9 19
77 856 487 1 25
78 305 124 4 20
79 145 983 1 49
80 693 311 9 45
81 292 616 1 32
82 94 423 7 10
83 263 950 3 27
84 957 356 10 25
85 397 959 7 26
86 810 895 3 17
87 329 295 5 49
88 74 0 9 37
89 205 603 6 3
90 990 291 2 48
91 280 508 1 2
92 957 488 7 31
93 347 614 8 32
94 965 492 2 49
95 949 658 2 33
96 156 241 3 2
97 626 602 4 21
98 17 242 3 48
99 552 974 8 24
100 950 301 0 0
endpoint1 endpoint2 weight
1 2 353
1 3 360
1 4 946
1 5 474
1 6 249
1 7 717
1 8 821
1 9 769
1 10 276
1 11 312
1 12 644
1 13 393
1 14 349
1 15 488
1 16 367
1 17 390
1 18 414
1 19 636
1 20 900
1 21 988
1 22 654
1 23 698
1 24 311
1 25 768
1 26 696
1 27 386
1 28 177
1 29 925
1 30 902
1 31 941
1 32 480
1 33 804
1 34 539
1 35 716
1 36 670
1 37 511
1 38 227
1 39 1023
1 40 858
1 41 581
1 42 371
1 43 815
1 44 517
1 45 700
1 46 541
1 47 847
1 48 632
1 49 593
1 50 304
1 51 417
1 52 692
1 53 195
1 54 384
1 55 849
1 56 548
1 57 339
1 58 324
1 59 807
1 60 263
1 61 123
1 62 632
1 63 387
1 64 197
1 65 471
1 66 810
1 67 322
1 68 481
1 69 428
1 70 98
1 71 76
1 72 774
1 73 859
1 74 933
1 75 644
1 76 727
1 77 521
1 78 267
1 79 1016
1 80 286
1 81 622
1 82 595
1 83 943
1 84 495
1 85 918
1 86 874
1 87 334
1 88 493
1 89 653
1 90 487
1 91 533
1 92 584
1 93 598
1 94 593
1 95 715
1 96 447
1 97 549
1 98 577
1 99 918
1 100 458
2 1 353
2 3 135
2 4 822
2 5 208
2 6 183
2 7 478
2 8 468
2 9 527
2 10 168
2 11 129
2 12 378
2 13 438
2 14 49
2 15 159
2 16 125
2 17 149
2 18 662
2 19 306
2 20 709
2 21 771
2 22 424
2 23 354
2 24 229
2 25 415
2 26 343
2 27 344
2 28 370
2 29 794
2 30 667
2 31 723
2 32 378
2 33 492
2 34 292
2 35 492
2 36 317
2 37 617
2 38 156
2 39 891
2 40 610
2 41 258
2 42 398
2 43 754
2 44 725
2 45 434
2 46 726
2 47 749
2 48 321
2 49 268
2 50 88
2 51 138
2 52 488
2 53 285
2 54 344
2 55 778
2 56 781
2 57 395
2 58 294
2 59 601
2 60 214
2 61 240
2 62 477
2 63 454
2 64 163
2 65 554
2 66 457
2 67 102
2 68 265
2 69 75
2 70 281
2 71 419
2 72 508
2 73 536
2 74 643
2 75 303
2 76 622
2 77 180
2 78 482
2 79 835
2 80 69
2 81 488
2 82 624
2 83 733
2 84 242
2 85 666
2 86 529
2 87 396
2 88 744
2 89 560
2 90 287
2 91 456
2 92 267
2 93 440
2 94 276
2 95 367
2 96 576
2 97 245
2 98 712
2 99 622
2 100 246
3 1 360
3 2 135
3 4 956
3 5 115
3 6 118
3 7 606
3 8 503
3 9 653
3 10 276
3 11 49
3 12 503
3 13 548
3 14 86
3 15 148
3 16 258
3 17 31
3 18 729
3 19 284
3 20 841
3 21 899
3 22 554
3 23 431
3 24 116
3 25 456
3 26 384
3 27 465
3 28 310
3 29 929
3 30 793
3 31 851
3 32 509
3 33 595
3 34 424
3 35 622
3 36 368
3 37 723
3 38 135
3 39 1026
3 40 734
3 41 365
3 42 279
3 43 886
3 44 807
3 45 557
3 46 815
3 47 884
3 48 432
3 49 241
3 50 205
3 51 272
3 52 621
3 53 220
3 54 217
3 55 911
3 56 856
3 57 501
3 58 407
3 59 732
3 60 127
3 61 278
3 62 612
3 63 561
3 64 173
3 65 663
3 66 492
3 67 50
3 68 400
3 69 171
3 70 267
3 71 435
3 72 629
3 73 629
3 74 752
3 75 389
3 76 756
3 77 190
3 78 552
3 79 966
3 80 136
3 81 623
3 82 745
3 83 862
3 84 141
3 85 788
3 86 596
3 87 500
3 88 812
3 89 693
3 90 163
3 91 587
3 92 229
3 93 575
3 94 236
3 95 378
3 96 675
3 97 364
3 98 814
3 99 729
3 100 123
4 1 946
4 2 822
4 3 956
4 5 1003
4 6 970
4 7 403
4 8 886
4 9 382
4 10 725
4 11 944
4 12 501
4 13 569
4 14 871
4 15 910
4 16 701
4 17 968
4 18 821
4 19 973
4 20 194
4 21 266
4 22 428
4 23 729
4 24 1039
4 25 852
4 26 843
4 27 562
4 28 1087
4 29 31
4 30 322
4 31 265
4 32 475
4 33 581
4 34 542
4 35 373
4 36 816
4 37 567
4 38 923
4 39 79
4 40 366
4 41 662
4 42 1200
4 43 184
4 44 753
4 45 472
4 46 705
4 47 111
4 48 611
4 49 966
4 50 768
4 51 686
4 52 352
4 53 1036
4 54 1158
4 55 151
4 56 818
4 57 616
4 58 627
4 59 275
4 60 1008
4 61 857
4 62 345
4 63 586
4 64 894
4 65 552
4 66 881
4 67 920
4 68 557
4 69 804
4 70 961
4 71 946
4 72 442
4 73 631
4 74 505
4 75 711
4 76 220
4 77 889
4 78 769
4 79 170
4 80 842
4 81 339
4 82 427
4 83 243
4 84 1037
4 85 371
4 86 768
4 87 622
4 88 848
4 89 293
4 90 1098
4 91 414
4 92 982
4 93 383
4 94 988
4 95 925
4 96 617
4 97 632
4 98 606
4 99 524
4 100 1058
5 1 474
5 2 208
5 3 115
5 4 1003
5 6 228
5 7 629
5 8 429
5 9 672
5 10 371
5 11 163
5 12 523
5 13 643
5 14 168
5 15 103
5 16 328
5 17 85
5 18 841
5 19 188
5 20 871
5 21 916
5 22 585
5 23 396
5 24 195
5 25 389
5 26 322
5 27 551
5 28 406
5 29 974
5 30 807
5 31 870
5 32 581
5 33 578
5 34 462
5 35 650
5 36 315
5 37 821
5 38 249
5 39 1069
5 40 745
5 41 368
5 42 323
5 43 951
5 44 916
5 45 571
5 46 921
5 47 940
5 48 433
5 49 147
5 50 293
5 51 325
5 52 657
5 53 320
5 54 249
5 55 973
5 56 967
5 57 599
5 58 500
5 59 761
5 60 226
5 61 392
5 62 664
5 63 658
5 64 287
5 65 759
5 66 419
5 67 160
5 68 453
5 69 201
5 70 379
5 71 549
5 72 638
5 73 601
5 74 740
5 75 366
5 76 815
5 77 141
5 78 663
5 79 995
5 80 237
5 81 680
5 82 832
5 83 883
5 84 35
5 85 795
5 86 543
5 87 598
5 88 924
5 89 757
5 90 100
5 91 659
5 92 129
5 93 628
5 94 135
5 95 296
5 96 777
5 97 381
5 98 915
5 99 714
5 100 69
6 1 249
6 2 183
6 3 118
6 4 970
6 5 228
6 7 652
6 8 614
6 9 702
6 10 250
6 11 74
6 12 556
6 13 503
6 14 148
6 15 262
6 16 277
6 17 146
6 18 639
6 19 402
6 20 875
6 21 944
6 22 595
6 23 526
6 24 81
6 25 565
6 26 493
6 27 438
6 28 197
6 29 944
6 30 843
6 31 896
6 32 503
6 33 674
6 34 463
6 35 663
6 36 473
6 37 666
6 38 51
6 39 1043
6 40 788
6 41 440
6 42 230
6 43 879
6 44 726
6 45 612
6 46 740
6 47 887
6 48 503
6 49 358
6 50 205
6 51 309
6 52 654
6 53 108
6 54 196
6 55 907
6 56 770
6 57 450
6 58 374
6 59 769
6 60 39
6 61 189
6 62 627
6 63 510
6 64 91
6 65 610
6 66 603
6 67 96
6 68 425
6 69 248
6 70 152
6 71 324
6 72 688
6 73 716
6 74 825
6 75 479
6 76 760
6 77 301
6 78 468
6 79 1000
6 80 133
6 81 631
6 82 709
6 83 904
6 84 247
6 85 844
6 86 697
6 87 448
6 88 721
6 89 691
6 90 242
6 91 576
6 92 346
6 93 590
6 94 354
6 95 494
6 96 612
6 97 426
6 98 751
6 99 804
6 100 210
7 1 717
7 2 478
7 3 606
7 4 403
7 5 629
7 6 652
7 8 491
7 9 52
7 10 447
7 11 606
7 12 106
7 13 461
7 14 524
7 15 529
7 16 378
7 17 610
7 18 785
7 19 574
7 20 244
7 21 294
7 22 64
7 23 327
7 24 707
7 25 453
7 26 440
7 27 377
7 28 813
7 29 373
7 30 191
7 31 246
7 32 286
7 33 209
7 34 190
7 35 34
7 36 413
7 37 583
7 38 612
7 39 456
7 40 141
7 41 267
7 42 875
7 43 429
7 44 774
7 45 69
7 46 743
7 47 378
7 48 211
7 49 571
7 50 454
7 51 343
7 52 77
7 53 741
7 54 821
7 55 433
7 56 846
7 57 475
7 58 415
7 59 136
7 60 688
7 61 602
7 62 171
7 63 488
7 64 597
7 65 530
7 66 485
7 67 580
7 68 239
7 69 438
7 70 695
7 71 748
7 72 80
7 73 275
7 74 244
7 75 309
7 76 290
7 77 501
7 78 653
7 79 367
7 80 519
7 81 208
7 82 484
7 83 257
7 84 660
7 85 201
7 86 395
7 87 481
7 88 846
7 89 283
7 90 727
7 91 300
7 92 588
7 93 175
7 94 593
7 95 522
7 96 594
7 97 248
7 98 670
7 99 240
7 100 690
8 1 821
8 2 468
8 3 503
8 4 886
8 5 429
8 6 614
8 7 491
8 9 505
8 10 593
8 11 540
8 12 417
8 13 796
8 14 478
8 15 355
8 16 494
8 17 481
8 18 1087
8 19 250
8 20 704
8 21 698
8 22 492
8 23 180
8 24 612
8 25 56
8 26 126
8 27 685
8 28 811
8 29 856
8 30 593
8 31 664
8 32 647
8 33 312
8 34 451
8 35 525
8 36 154
8 37 967
8 38 609
8 39 928
8 40 534
8 41 308
8 42 751
8 43 916
8 44 1123
8 45 424
8 46 1109
8 47 869
8 48 314
8 49 285
8 50 531
8 51 449
8 52 560
8 53 721
8 54 677
8 55 923
8 56 1189
8 57 776
8 58 672
8 59 611
8 60 629
8 61 707
8 62 627
8 63 820
8 64 628
8 65 903
8 66 12
8 67 519
8 68 497
8 69 394
8 70 744
8 71 886
8 72 445
8 73 283
8 74 446
8 75 226
8 76 773
8 77 314
8 78 914
8 79 806
8 80 536
8 81 660
8 82 912
8 83 684
8 84 437
8 85 557
8 86 157
8 87 779
8 88 1165
8 89 748
8 90 505
8 91 708
8 92 306
8 93 608
8 94 303
8 95 136
8 96 949
8 97 357
8 98 1065
8 99 418
8 100 492
9 1 769
9 2 527
9 3 653
9 4 382
9 5 672
9 6 702
9 7 52
9 8 505
9 10 499
9 11 655
9 12 151
9 13 504
9 14 573
9 15 571
9 16 430
9 17 656
9 18 827
9 19 607
9 20 208
9 21 246
9 22 115
9 23 350
9 24 756
9 25 471
9 26 466
9 27 425
9 28 864
9 29 352
9 30 141
9 31 199
9 32 331
9 33 205
9 34 241
9 35 62
9 36 440
9 37 618
9 38 663
9 39 428
9 40 89
9 41 307
9 42 924
9 43 430
9 44 811
9 45 102
9 46 778
9 47 371
9 48 246
9 49 607
9 50 505
9 51 394
9 52 105
9 53 793
9 54 869
9 55 430
9 56 883
9 57 521
9 58 464
9 59 107
9 60 738
9 61 654
9 62 202
9 63 531
9 64 648
9 65 567
9 66 499
9 67 628
9 68 291
9 69 485
9 70 747
9 71 799
9 72 63
9 73 265
9 74 205
9 75 339
9 76 298
9 77 542
9 78 700
9 79 327
9 80 570
9 81 238
9 82 511
9 83 212
9 84 703
9 85 149
9 86 395
9 87 527
9 88 886
9 89 304
9 90 770
9 91 338
9 92 625
9 93 214
9 94 630
9 95 548
9 96 632
9 97 293
9 98 702
9 99 206
9 100 735
10 1 276
10 2 168
10 3 276
10 4 725
10 5 371
10 6 250
10 7 447
10 8 593
10 9 499
10 11 245
10 12 369
10 13 274
10 14 203
10 15 325
10 16 102
10 17 300
10 18 503
10 19 467
10 20 647
10 21 728
10 22 384
10 23 445
10 24 326
10 25 538
10 26 471
10 27 191
10 28 372
10 29 700
10 30 635
10 31 679
10 32 254
10 33 531
10 34 264
10 35 449
10 36 440
10 37 451
10 38 201
10 39 800
10 40 587
10 41 318
10 42 478
10 43 629
10 44 559
10 45 425
10 46 558
10 47 639
10 48 362
10 49 432
10 50 80
10 51 152
10 52 430
10 53 312
10 54 445
10 55 657
10 56 617
10 57 229
10 58 132
10 59 547
10 60 289
10 61 157
10 62 387
10 63 288
10 64 169
10 65 389
10 66 582
10 67 229
10 68 209
10 69 219
10 70 250
10 71 319
10 72 500
10 73 589
10 74 658
10 75 390
10 76 512
10 77 340
10 78 325
10 79 769
10 80 141
10 81 387
10 82 469
10 83 684
10 84 404
10 85 647
10 86 619
10 87 229
10 88 584
10 89 442
10 90 438
10 91 326
10 92 433
10 93 350
10 94 442
10 95 513
10 96 409
10 97 280
10 98 545
10 99 643
10 100 398
11 1 312
11 2 129
11 3 49
11 4 944
11 5 163
11 6 74
11 7 606
11 8 540
11 9 655
11 10 245
11 12 506
11 13 513
11 14 85
11 15 188
11 16 243
11 17 79
11 18 683
11 19 329
11 20 837
11 21 900
11 22 552
11 23 456
11 24 101
11 25 492
11 26 419
11 27 435
11 28 271
11 29 916
11 30 795
11 31 852
11 32 487
11 33 611
11 34 420
11 35 620
11 36 401
11 37 685
11 38 87
11 39 1015
11 40 738
11 41 379
11 42 270
11 43 865
11 44 763
11 45 562
11 46 772
11 47 867
11 48 444
11 49 286
11 50 180
11 51 266
11 52 615
11 53 181
11 54 217
11 55 891
11 56 811
11 57 464
11 58 375
11 59 729
11 60 94
11 61 231
11 62 599
11 63 524
11 64 125
11 65 626
11 66 529
11 67 28
11 68 390
11 69 183
11 70 219
11 71 386
11 72 636
11 73 650
11 74 766
11 75 411
11 76 739
11 77 227
11 78 507
11 79 962
11 80 106
11 81 607
11 82 713
11 83 861
11 84 188
11 85 794
11 86 626
11 87 462
11 88 766
11 89 674
11 90 202
11 91 563
11 92 275
11 93 561
11 94 283
11 95 420
11 96 635
11 97 371
11 98 774
11 99 744
11 100 163
12 1 644
12 2 378
12 3 503
12 4 501
12 5 523
12 6 556
12 7 106
12 8 417
12 9 151
12 10 369
12 11 506
12 13 441
12 14 423
12 15 423
12 16 289
12 17 506
12 18 763
12 19 473
12 20 349
12 21 397
12 22 78
12 23 242
12 24 607
12 25 372
12 26 349
12 27 342
12 28 725
12 29 470
12 30 290
12 31 349
12 32 267
12 33 189
12 34 106
12 35 130
12 36 319
12 37 588
12 38 519
12 39 558
12 40 233
12 41 163
12 42 775
12 43 503
12 44 768
12 45 58
12 46 744
12 47 463
12 48 112
12 49 467
12 50 363
12 51 248
12 52 151
12 53 649
12 54 719
12 55 513
12 56 839
12 57 443
12 58 364
12 59 240
12 60 591
12 61 525
12 62 211
12 63 468
12 64 507
12 65 529
12 66 409
12 67 479
12 68 166
12 69 334
12 70 611
12 71 682
12 72 134
12 73 258
12 74 291
12 75 214
12 76 358
12 77 396
12 78 615
12 79 473
12 80 425
12 81 245
12 82 510
12 83 361
12 84 554
12 85 289
12 86 349
12 87 448
12 88 831
12 89 332
12 90 621
12 91 309
12 92 484
12 93 195
12 94 489
12 95 429
12 96 587
12 97 143
12 98 682
12 99 277
12 100 585
13 1 393
13 2 438
13 3 548
13 4 569
13 5 643
13 6 503
13 7 461
13 8 796
13 9 504
13 10 274
13 11 513
13 12 441
13 14 476
13 15 590
13 16 333
13 17 573
13 18 325
13 19 722
13 20 566
13 21 669
13 22 405
13 23 623
13 24 583
13 25 741
13 26 686
13 27 111
13 28 556
13 29 552
13 30 609
13 31 626
13 32 177
13 33 630
13 34 359
13 35 443
13 36 652
13 37 181
13 38 453
13 39 647
13 40 584
13 41 489
13 42 713
13 43 425
13 44 331
13 45 481
13 46 314
13 47 464
13 48 500
13 49 691
13 50 351
13 51 364
13 52 403
13 53 530
13 54 695
13 55 459
13 56 401
13 57 56
13 58 145
13 59 497
13 60 539
13 61 335
13 62 313
13 63 28
13 64 412
13 65 117
13 66 785
13 67 500
13 68 303
13 69 474
13 70 434
13 71 381
13 72 538
13 73 699
13 74 704
13 75 571
13 76 355
13 77 597
13 78 208
13 79 668
13 80 413
13 81 287
13 82 209
13 83 621
13 84 677
13 85 640
13 86 774
13 87 60
13 88 390
13 89 284
13 90 711
13 91 179
13 92 695
13 93 292
13 94 703
13 95 745
13 96 154
13 97 440
13 98 279
13 99 699
13 100 670
14 1 349
14 2 49
14 3 86
14 4 871
14 5 168
14 6 148
14 7 524
14 8 478
14 9 573
14 10 203
14 11 85
14 12 423
14 13 476
14 15 142
14 16 173
14 17 102
14 18 683
14 19 292
14 20 757
14 21 818
14 22 471
14 23 379
14 24 184
14 25 426
14 26 353
14 27 386
14 28 342
14 29 843
14 30 713
14 31 770
14 32 425
14 33 528
14 34 340
14 35 539
14 36 331
14 37 654
14 38 133
14 39 940
14 40 655
14 41 295
14 42 353
14 43 801
14 44 752
14 45 478
14 46 756
14 47 798
14 48 360
14 49 251
14 50 126
14 51 187
14 52 537
14 53 255
14 54 297
14 55 826
14 56 806
14 57 431
14 58 333
14 59 649
14 60 175
14 61 245
14 62 526
14 63 490
14 64 153
14 65 592
14 66 466
14 67 57
14 68 314
14 69 101
14 70 267
14 71 419
14 72 552
14 73 569
14 74 682
14 75 331
14 76 671
14 77 173
14 78 504
14 79 882
14 80 73
14 81 537
14 82 667
14 83 779
14 84 202
14 85 710
14 86 551
14 87 431
14 88 766
14 89 608
14 90 241
14 91 503
14 92 246
14 93 489
14 94 255
14 95 367
14 96 610
14 97 287
14 98 747
14 99 660
14 100 200
15 1 488
15 2 159
15 3 148
15 4 910
15 5 103
15 6 262
15 7 529
15 8 355
15 9 571
15 10 325
15 11 188
15 12 423
15 13 590
15 14 142
15 16 259
15 17 128
15 18 820
15 19 151
15 20 772
15 21 815
15 22 487
15 23 298
15 24 259
15 25 309
15 26 238
15 27 489
15 28 457
15 29 880
15 30 705
15 31 769
15 32 506
15 33 477
15 34 368
15 35 551
15 36 224
15 37 770
15 38 264
15 39 973
15 40 643
15 41 266
15 42 409
15 43 867
15 44 883
15 45 470
15 46 883
15 47 851
15 48 331
15 49 110
15 50 246
15 51 245
15 52 560
15 53 367
15 54 339
15 55 887
15 56 940
15 57 550
15 58 446
15 59 662
15 60 275
15 61 387
15 62 574
15 63 607
15 64 291
15 65 707
15 66 344
15 67 170
15 68 367
15 69 120
15 70 401
15 71 559
15 72 536
15 73 502
15 74 638
15 75 265
15 76 728
15 77 44
15 78 640
15 79 895
15 80 213
15 81 593
15 82 766
15 83 782
15 84 132
15 85 692
15 86 454
15 87 551
15 88 902
15 89 674
15 90 202
15 91 583
15 92 108
15 93 540
15 94 117
15 95 233
15 96 732
15 97 282
15 98 866
15 99 613
15 100 170
16 1 367
16 2 125
16 3 258
16 4 701
16 5 328
16 6 277
16 7 378
16 8 494
16 9 430
16 10 102
16 11 243
16 12 289
16 13 333
16 14 173
16 15 259
16 17 273
16 18 596
16 19 389
16 20 599
16 21 669
16 22 319
16 23 344
16 24 340
16 25 438
16 26 374
16 27 230
16 28 437
16 29 674
16 30 569
16 31 620
16 32 255
16 33 437
16 34 189
16 35 387
16 36 342
16 37 514
16 38 235
16 39 772
16 40 517
16 41 217
16 42 505
16 43 629
16 44 643
16 45 346
16 46 637
16 47 626
16 48 265
16 49 358
16 50 76
16 51 51
16 52 377
16 53 363
16 54 459
16 55 654
16 56 705
16 57 299
16 58 192
16 59 493
16 60 314
16 61 245
16 62 356
16 63 353
16 64 219
16 65 450
16 66 483
16 67 219
16 68 149
16 69 142
16 70 324
16 71 417
16 72 422
16 73 493
16 74 572
16 75 288
16 76 499
16 77 264
16 78 421
16 79 723
16 80 145
16 81 365
16 82 508
16 83 627
16 84 363
16 85 575
16 86 518
16 87 301
16 88 676
16 89 436
16 90 411
16 91 333
16 92 363
16 93 319
16 94 371
16 95 421
16 96 481
16 97 182
16 98 612
16 99 555
16 100 370
17 1 390
17 2 149
17 3 31
17 4 968
17 5 85
17 6 146
17 7 610
17 8 481
17 9 656
17 10 300
17 11 79
17 12 506
17 13 573
17 14 102
17 15 128
17 16 273
17 18 759
17 19 257
17 20 848
17 21 902
17 22 560
17 23 419
17 24 132
17 25 436
17 26 365
17 27 486
17 28 334
17 29 939
17 30 795
17 31 855
17 32 527
17 33 588
17 34 431
17 35 627
17 36 351
17 37 748
17 38 165
17 39 1036
17 40 735
17 41 362
17 42 287
17 43 902
17 44 836
17 45 559
17 46 843
17 47 897
17 48 429
17 49 214
17 50 225
17 51 283
17 52 629
17 53 245
17 54 220
17 55 926
17 56 885
17 57 526
17 58 431
17 59 738
17 60 151
17 61 308
17 62 624
17 63 586
17 64 203
17 65 688
17 66 471
17 67 78
17 68 411
17 69 172
17 70 296
17 71 465
17 72 629
17 73 620
17 74 747
17 75 380
17 76 771
17 77 171
17 78 581
17 79 973
17 80 161
17 81 636
17 82 767
17 83 866
17 84 112
17 85 788
17 86 580
17 87 525
17 88 842
17 89 709
17 90 140
17 91 604
17 92 201
17 93 587
17 94 208
17 95 355
17 96 702
17 97 365
17 98 840
17 99 723
17 100 99
18 1 414
18 2 662
18 3 729
18 4 821
18 5 841
18 6 639
18 7 785
18 8 1087
18 9 827
18 10 503
18 11 683
18 12 763
18 13 325
18 14 683
18 15 820
18 16 596
18 17 759
18 19 967
18 20 864
18 21 972
18 22 730
18 23 924
18 24 712
18 25 1032
18 26 969
18 27 423
18 28 583
18 29 812
18 30 924
18 31 932
18 32 502
18 33 952
18 34 674
18 35 766
18 36 937
18 37 255
18 38 600
18 39 896
18 40 905
18 41 789
18 42 784
18 43 646
18 44 120
18 45 805
18 46 164
18 47 711
18 48 812
18 49 929
18 50 578
18 51 639
18 52 725
18 53 607
18 54 797
18 55 682
18 56 135
18 57 322
18 58 419
18 59 810
18 60 663
18 61 453
18 62 631
18 63 298
18 64 559
18 65 277
18 66 1076
18 67 682
18 68 614
18 69 721
18 70 505
18 71 349
18 72 862
18 73 1020
18 74 1029
18 75 870
18 76 633
18 77 840
18 78 180
18 79 951
18 80 611
18 81 601
18 82 394
18 83 924
18 84 870
18 85 959
18 86 1086
18 87 318
18 88 83
18 89 573
18 90 879
18 91 493
18 92 927
18 93 614
18 94 936
18 95 1015
18 96 209
18 97 742
18 98 248
18 99 1024
18 100 844
19 1 636
19 2 306
19 3 284
19 4 973
19 5 188
19 6 402
19 7 574
19 8 250
19 9 607
19 10 467
19 11 329
19 12 473
19 13 722
19 14 292
19 15 151
19 16 389
19 17 257
19 18 967
19 20 815
19 21 840
19 22 547
19 23 274
19 24 381
19 25 220
19 26 168
19 27 616
19 28 590
19 29 943
19 30 729
19 31 797
19 32 616
19 33 466
19 34 449
19 35 602
19 36 178
19 37 902
19 38 411
19 39 1030
19 40 666
19 41 312
19 42 506
19 43 956
19 44 1026
19 45 508
19 46 1023
19 47 929
19 48 364
19 49 44
19 50 390
19 51 362
19 52 622
19 53 502
19 54 431
19 55 972
19 56 1084
19 57 687
19 58 580
19 59 709
19 60 408
19 61 537
19 62 656
19 63 741
19 64 440
19 65 838
19 66 241
19 67 315
19 68 466
19 69 250
19 70 547
19 71 708
19 72 560
19 73 470
19 74 626
19 75 270
19 76 812
19 77 128
19 78 787
19 79 933
19 80 363
19 81 681
19 82 884
19 83 814
19 84 191
19 85 706
19 86 384
19 87 688
19 88 1049
19 89 767
19 90 256
19 91 691
19 92 60
19 93 626
19 94 55
19 95 114
19 96 869
19 97 348
19 98 1000
19 99 598
19 100 246
20 1 900
20 2 709
20 3 841
20 4 194
20 5 871
20 6 875
20 7 244
20 8 704
20 9 208
20 10 647
20 11 837
20 12 349
20 13 566
20 14 757
20 15 772
20 16 599
20 17 848
20 18 864
20 19 815
20 21 110
20 22 288
20 23 556
20 24 936
20 25 674
20 26 673
20 27 521
20 28 1019
20 29 167
20 30 128
20 31 82
20 32 422
20 33 394
20 34 418
20 35 222
20 36 648
20 37 622
20 38 832
20 39 225
20 40 175
20 41 511
20 42 1103
20 43 311
20 44 819
20 45 308
20 46 777
20 47 231
20 48 452
20 49 813
20 50 672
20 51 572
20 52 222
20 53 956
20 54 1053
20 55 295
20 56 890
20 57 600
20 58 577
20 59 110
20 60 913
20 61 795
20 62 268
20 63 589
20 64 810
20 65 588
20 66 699
20 67 811
20 68 451
20 69 677
20 70 895
20 71 915
20 72 262
20 73 440
20 74 312
20 75 547
20 76 238
20 77 745
20 78 773
20 79 126
20 80 743
20 81 284
20 82 490
20 83 65
20 84 903
20 85 178
20 86 579
20 87 606
20 88 907
20 89 292
20 90 968
20 91 388
20 92 831
20 93 302
20 94 836
20 95 755
20 96 657
20 97 490
20 98 686
20 99 331
20 100 931
21 1 988
21 2 771
21 3 899
21 4 266
21 5 916
21 6 944
21 7 294
21 8 698
21 9 246
21 10 728
21 11 900
21 12 397
21 13 669
21 14 818
21 15 815
21 16 669
21 17 902
21 18 972
21 19 840
21 20 110
21 22 350
21 23 570
21 24 1000
21 25 675
21 26 686
21 27 617
21 28 1098
21 29 245
21 30 112
21 31 49
21 32 517
21 33 389
21 34 481
21 35 282
21 36 666
21 37 731
21 38 903
21 39 266
21 40 175
21 41 550
21 42 1168
21 43 412
21 44 929
21 45 346
21 46 887
21 47 329
21 48 486
21 49 844
21 50 744
21 51 636
21 52 298
21 53 1031
21 54 1114
21 55 391
21 56 999
21 57 701
21 58 669
21 59 182
21 60 980
21 61 880
21 62 363
21 63 693
21 64 885
21 65 696
21 66 695
21 67 873
21 68 524
21 69 731
21 70 977
21 71 1009
21 72 282
21 73 419
21 74 267
21 75 571
21 76 347
21 77 784
21 78 876
21 79 118
21 80 812
21 81 384
21 82 600
21 83 49
21 84 947
21 85 141
21 86 558
21 87 707
21 88 1016
21 89 400
21 90 1015
21 91 491
21 92 863
21 93 394
21 94 867
21 95 767
21 96 765
21 97 538
21 98 795
21 99 291
21 100 980
22 1 654
22 2 424
22 3 554
22 4 428
22 5 585
22 6 595
22 7 64
22 8 492
22 9 115
22 10 384
22 11 552
22 12 78
22 13 405
22 14 471
22 15 487
22 16 319
22 17 560
22 18 730
22 19 547
22 20 288
22 21 350
22 23 318
22 24 652
22 25 448
22 26 426
22 27 317
22 28 752
22 29 397
22 30 252
22 31 302
22 32 229
22 33 239
22 34 132
22 35 69
22 36 396
22 37 537
22 38 554
22 39 488
22 40 204
22 41 235
22 42 820
22 43 426
22 44 724
22 45 82
22 46 696
22 47 386
22 48 189
22 49 539
22 50 394
22 51 287
22 52 76
22 53 682
22 54 767
22 55 435
22 56 796
22 57 416
22 58 352
22 59 179
22 60 631
22 61 539
22 62 139
22 63 432
22 64 536
22 65 481
22 66 484
22 67 525
22 68 177
22 69 390
22 70 633
22 71 685
22 72 134
22 73 308
22 74 301
22 75 290
22 76 282
22 77 463
22 78 593
22 79 413
22 80 462
22 81 175
22 82 448
22 83 310
22 84 617
22 85 264
22 86 414
22 87 422
22 88 793
22 89 259
22 90 682
22 91 254
22 92 555
22 93 131
22 94 561
22 95 506
22 96 543
22 97 206
22 98 627
22 99 295
22 100 644
23 1 698
23 2 354
23 3 431
23 4 729
23 5 396
23 6 526
23 7 327
23 8 180
23 9 350
23 10 445
23 11 456
23 12 242
23 13 623
23 14 379
23 15 298
23 16 344
23 17 419
23 18 924
23 19 274
23 20 556
23 21 570
23 22 318
23 24 546
23 25 131
23 26 117
23 27 513
23 28 720
23 29 698
23 30 460
23 31 530
23 32 470
23 33 192
23 34 273
23 35 359
23 36 97
23 37 791
23 38 507
23 39 778
23 40 397
23 41 136
23 42 705
23 43 744
23 44 953
23 45 258
23 46 936
23 47 702
23 48 136
23 49 286
23 50 395
23 51 294
23 52 390
23 53 633
23 54 636
23 55 753
23 56 1020
23 57 607
23 58 506
23 59 456
23 60 550
23 61 577
23 62 451
23 63 648
23 64 516
23 65 727
23 66 170
23 67 431
23 68 322
23 69 280
23 70 633
23 71 755
23 72 296
23 73 206
23 74 353
23 75 56
23 76 600
23 77 256
23 78 756
23 79 669
23 80 420
23 81 483
23 82 734
23 83 548
23 84 418
23 85 434
23 86 177
23 87 611
23 88 1000
23 89 571
23 90 491
23 91 529
23 92 307
23 93 430
23 94 310
23 95 199
23 96 776
23 97 184
23 98 888
23 99 326
23 100 464
24 1 311
24 2 229
24 3 116
24 4 1039
24 5 195
24 6 81
24 7 707
24 8 612
24 9 756
24 10 326
24 11 101
24 12 607
24 13 583
24 14 184
24 15 259
24 16 340
24 17 132
24 18 712
24 19 381
24 20 936
24 21 1000
24 22 652
24 23 546
24 25 567
24 26 496
24 27 515
24 28 213
24 29 1012
24 30 896
24 31 952
24 32 576
24 33 708
24 34 520
24 35 720
24 36 482
24 37 746
24 38 130
24 39 1111
24 40 839
24 41 477
24 42 169
24 43 954
24 44 803
24 45 662
24 46 818
24 47 959
24 48 543
24 49 339
24 50 272
24 51 365
24 52 715
24 53 131
24 54 120
24 55 981
24 56 844
24 57 530
24 58 452
24 59 829
24 60 49
24 61 267
24 62 695
24 63 590
24 64 171
24 65 691
24 66 601
24 67 128
24 68 488
24 69 281
24 70 213
24 71 386
24 72 736
24 73 744
24 74 864
24 75 504
24 76 831
24 77 302
24 78 544
24 79 1061
24 80 197
24 81 701
24 82 788
24 83 961
24 84 204
24 85 894
24 86 710
24 87 528
24 88 794
24 89 764
24 90 180
24 91 651
24 92 323
24 93 657
24 94 329
24 95 484
24 96 692
24 97 471
24 98 830
24 99 841
24 100 156
25 1 768
25 2 415
25 3 456
25 4 852
25 5 389
25 6 565
25 7 453
25 8 56
25 9 471
25 10 538
25 11 492
25 12 372
25 13 741
25 14 426
25 15 309
25 16 438
25 17 436
25 18 1032
25 19 220
25 20 674
25 21 675
25 22 448
25 23 131
25 24 567
25 26 73
25 27 630
25 28 762
25 29 821
25 30 568
25 31 639
25 32 595
25 33 287
25 34 400
25 35 486
25 36 99
25 37 913
25 38 558
25 39 897
25 40 507
25 41 254
25 42 711
25 43 874
25 44 1068
25 45 385
25 46 1055
25 47 830
25 48 266
25 49 250
25 50 475
25 51 393
25 52 518
25 53 672
25 54 638
25 55 882
25 56 1134
25 57 720
25 58 616
25 59 577
25 60 582
25 61 652
25 62 581
25 63 765
25 64 575
25 65 849
25 66 45
25 67 470
25 68 443
25 69 340
25 70 692
25 71 832
25 72 413
25 73 271
25 74 434
25 75 173
25 76 730
25 77 267
25 78 858
25 79 781
25 80 483
25 81 614
25 82 861
25 83 658
25 84 401
25 85 536
25 86 165
25 87 723
25 88 1109
25 89 701
25 90 471
25 91 657
25 92 272
25 93 561
25 94 270
25 95 111
25 96 894
25 97 304
25 98 1011
25 99 405
25 100 454
26 1 696
26 2 343
26 3 384
26 4 843
26 5 322
26 6 493
26 7 440
26 8 126
26 9 466
26 10 471
26 11 419
26 12 349
26 13 686
26 14 353
26 15 238
26 16 374
26 17 365
26 18 969
26 19 168
26 20 673
26 21 686
26 22 426
26 23 117
26 24 496
26 25 73
26 27 575
26 28 689
26 29 812
26 30 576
26 31 646
26 32 549
26 33 304
26 34 358
26 35 471
26 36 35
26 37 861
26 38 485
26 39 893
26 40 514
26 41 209
26 42 643
26 43 850
26 44 1010
26 45 372
26 46 999
26 47 812
26 48 238
26 49 190
26 50 406
26 51 331
26 52 499
26 53 600
26 54 570
26 55 861
26 56 1074
26 57 662
26 58 557
26 59 571
26 60 510
26 61 582
26 62 552
26 63 710
26 64 503
26 65 797
26 66 114
26 67 397
26 68 395
26 69 269
26 70 620
26 71 761
26 72 412
26 73 303
26 74 461
26 75 137
26 76 705
26 77 195
26 78 794
26 79 786
26 80 411
26 81 582
26 82 818
26 83 664
26 84 337
26 85 549
26 86 223
26 87 665
26 88 1048
26 89 670
26 90 409
26 91 615
26 92 212
26 93 528
26 94 212
26 95 83
26 96 839
26 97 257
26 98 960
26 99 433
26 100 389
27 1 386
27 2 344
27 3 465
27 4 562
27 5 551
27 6 438
27 7 377
27 8 685
27 9 425
27 10 191
27 11 435
27 12 342
27 13 111
27 14 386
27 15 489
27 16 230
27 17 486
27 18 423
27 19 616
27 20 521
27 21 617
27 22 317
27 23 513
27 24 515
27 25 630
27 26 575
27 28 528
27 29 540
27 30 543
27 31 570
27 32 100
27 33 530
27 34 252
27 35 365
27 36 542
27 37 289
27 38 388
27 39 639
27 40 510
27 41 378
27 42 661
27 43 446
27 44 441
27 45 386
27 46 425
27 47 466
27 48 392
27 49 587
27 50 261
27 51 256
27 52 330
27 53 485
27 54 633
27 55 477
27 56 509
27 57 102
27 58 67
27 59 437
27 60 476
27 61 298
27 62 254
27 63 136
27 64 351
27 65 224
27 66 674
27 67 418
27 68 194
27 69 371
27 70 402
27 71 395
27 72 450
27 73 597
27 74 617
27 75 460
27 76 343
27 77 493
27 78 277
27 79 634
27 80 331
27 81 239
27 82 281
27 83 569
27 84 586
27 85 568
27 86 667
27 87 107
27 88 494
27 89 270
27 90 626
27 91 149
27 92 592
27 93 224
27 94 601
27 95 635
27 96 265
27 97 329
27 98 387
27 99 609
27 100 585
28 1 177
28 2 370
28 3 310
28 4 1087
28 5 406
28 6 197
28 7 813
28 8 811
28 9 864
28 10 372
28 11 271
28 12 725
28 13 556
28 14 342
28 15 457
28 16 437
28 17 334
28 18 583
28 19 590
28 20 1019
28 21 1098
28 22 752
28 23 720
28 24 213
28 25 762
28 26 689
28 27 528
28 29 1064
28 30 1003
28 31 1050
28 32 613
28 33 859
28 34 625
28 35 818
28 36 670
28 37 685
28 38 215
28 39 1164
28 40 952
28 41 626
28 42 205
28 43 970
28 44 690
28 45 782
28 46 717
28 47 994
28 48 687
28 49 547
28 50 362
28 51 479
28 52 801
28 53 90
28 54 238
28 55 1002
28 56 717
28 57 501
28 58 461
28 59 918
28 60 183
28 61 231
28 62 757
28 63 553
28 64 219
28 65 643
28 66 799
28 67 293
28 68 576
28 69 441
28 70 127
28 71 235
28 72 858
28 73 906
28 74 1004
28 75 672
28 76 869
28 77 497
28 78 444
28 79 1140
28 80 308
28 81 753
28 82 763
28 83 1055
28 84 417
28 85 1011
28 86 893
28 87 496
28 88 659
28 89 797
28 90 385
28 91 676
28 92 532
28 93 720
28 94 539
28 95 688
28 96 623
28 97 606
28 98 753
28 99 985
28 100 367
29 1 925
29 2 794
29 3 929
29 4 31
29 5 974
29 6 944
29 7 373
29 8 856
29 9 352
29 10 700
29 11 916
29 12 470
29 13 552
29 14 843
29 15 880
29 16 674
29 17 939
29 18 812
29 19 943
29 20 167
29 21 245
29 22 397
29 23 698
29 24 1012
29 25 821
29 26 812
29 27 540
29 28 1064
29 30 295
29 31 240
29 32 451
29 33 551
29 34 513
29 35 342
29 36 785
29 37 558
29 38 897
29 39 101
29 40 338
29 41 632
29 42 1174
29 43 184
29 44 747
29 45 441
29 46 700
29 47 104
29 48 581
29 49 936
29 50 741
29 51 657
29 52 322
29 53 1011
29 54 1131
29 55 155
29 56 814
29 57 597
29 58 604
29 59 245
29 60 982
29 61 834
29 62 318
29 63 570
29 64 868
29 65 540
29 66 851
29 67 892
29 68 529
29 69 775
29 70 937
29 71 926
29 72 412
29 73 601
29 74 478
29 75 681
29 76 199
29 77 859
29 78 754
29 79 159
29 80 815
29 81 314
29 82 419
29 83 219
29 84 1008
29 85 344
29 86 738
29 87 603
29 88 841
29 89 272
29 90 1069
29 91 392
29 92 951
29 93 356
29 94 957
29 95 894
29 96 606
29 97 602
29 98 602
29 99 497
29 100 1030
30 1 902
30 2 667
30 3 793
30 4 322
30 5 807
30 6 843
30 7 191
30 8 593
30 9 141
30 10 635
30 11 795
30 12 290
30 13 609
30 14 713
30 15 705
30 16 569
30 17 795
30 18 924
30 19 729
30 20 128
30 21 112
30 22 252
30 23 460
30 24 896
30 25 568
30 26 576
30 27 543
30 28 1003
30 29 295
30 31 72
30 32 445
30 33 282
30 34 381
30 35 187
30 36 555
30 37 696
30 38 803
30 39 345
30 40 63
30 41 440
30 42 1064
30 43 428
30 44 893
30 45 237
30 46 855
30 47 352
30 48 375
30 49 732
30 50 645
30 51 534
30 52 213
30 53 932
30 54 1008
30 55 416
30 56 965
30 57 634
30 58 590
30 59 115
30 60 878
30 61 790
30 62 296
30 63 634
30 64 787
30 65 653
30 66 589
30 67 768
30 68 428
30 69 623
30 70 884
30 71 928
30 72 170
30 73 319
30 74 184
30 75 460
30 76 328
30 77 673
30 78 812
30 79 214
30 80 710
30 81 324
30 82 573
30 83 92
30 84 837
30 85 51
30 86 459
30 87 640
30 88 975
30 89 363
30 90 906
30 91 433
30 92 751
30 93 321
30 94 755
30 95 657
30 96 721
30 97 430
30 98 770
30 99 203
30 100 871
31 1 941
31 2 723
31 3 851
31 4 265
31 5 870
31 6 896
31 7 246
31 8 664
31 9 199
31 10 679
31 11 852
31 12 349
31 13 626
31 14 770
31 15 769
31 16 620
31 17 855
31 18 932
31 19 797
31 20 82
31 21 49
31 22 302
31 23 530
31 24 952
31 25 639
31 26 646
31 27 570
31 28 1050
31 29 240
31 30 72
31 32 471
31 33 353
31 34 433
31 35 234
31 36 625
31 37 695
31 38 855
31 39 279
31 40 133
31 41 504
31 42 1120
31 43 393
31 44 893
31 45 299
31 46 852
31 47 312
31 48 441
31 49 800
31 50 695
31 51 588
31 52 250
31 53 982
31 54 1066
31 55 376
31 56 964
31 57 656
31 58 622
31 59 135
31 60 932
31 61 831
31 62 317
31 63 650
31 64 836
31 65 657
31 66 661
31 67 825
31 68 475
31 69 683
31 70 928
31 71 961
31 72 238
31 73 389
31 74 246
31 75 529
31 76 314
31 77 739
31 78 832
31 79 143
31 80 763
31 81 340
31 82 566
31 83 23
31 84 901
31 85 113
31 86 529
31 87 662
31 88 979
31 89 361
31 90 969
31 91 448
31 92 819
31 93 347
31 94 823
31 95 728
31 96 726
31 97 491
31 98 762
31 99 268
31 100 933
32 1 480
32 2 378
32 3 509
32 4 475
32 5 581
32 6 503
32 7 286
32 8 647
32 9 331
32 10 254
32 11 487
32 12 267
32 13 177
32 14 425
32 15 506
32 16 255
32 17 527
32 18 502
32 19 616
32 20 422
32 21 517
32 22 229
32 23 470
32 24 576
32 25 595
32 26 549
32 27 100
32 28 613
32 29 451
32 30 445
32 31 471
32 33 456
32 34 197
32 35 270
32 36 515
32 37 324
32 38 454
32 39 551
32 40 414
32 41 342
32 42 731
32 43 378
32 44 501
32 45 304
32 46 477
32 47 386
32 48 339
32 49 593
32 50 308
32 51 261
32 52 233
32 53 563
32 54 696
32 55 405
32 56 573
32 57 192
32 58 157
32 59 338
32 60 541
32 61 384
32 62 155
32 63 204
32 64 422
32 65 263
32 66 637
32 67 466
32 68 155
32 69 387
32 70 487
32 71 493
32 72 361
32 73 525
32 74 528
32 75 422
32 76 259
32 77 501
32 78 370
32 79 537
32 80 382
32 81 142
32 82 271
32 83 470
32 84 616
32 85 471
32 86 609
32 87 197
32 88 566
32 89 189
32 90 665
32 91 79
32 92 602
32 93 125
32 94 610
32 95 617
32 96 320
32 97 293
32 98 421
32 99 523
32 100 624
33 1 804
33 2 492
33 3 595
33 4 581
33 5 578
33 6 674
33 7 209
33 8 312
33 9 205
33 10 531
33 11 611
33 12 189
33 13 630
33 14 528
33 15 477
33 16 437
33 17 588
33 18 952
33 19 466
33 20 394
33 21 389
33 22 239
33 23 192
33 24 708
33 25 287
33 26 304
33 27 530
33 28 859
33 29 551
33 30 282
33 31 353
33 32 456
33 34 283
33 35 243
33 36 288
33 37 774
33 38 646
33 39 618
33 40 223
33 41 235
33 42 873
33 43 634
33 44 957
33 45 158
33 46 931
33 47 576
33 48 174
33 49 477
33 50 506
33 51 389
33 52 286
33 53 776
33 54 808
33 55 635
33 56 1028
33 57 631
33 58 547
33 59 308
33 60 703
33 61 682
33 62 375
33 63 657
33 64 644
33 65 715
33 66 308
33 67 584
33 68 346
33 69 429
33 70 757
33 71 850
33 72 143
33 73 70
33 74 163
33 75 212
33 76 498
33 77 438
33 78 801
33 79 496
33 80 552
33 81 411
33 82 686
33 83 373
33 84 603
33 85 249
33 86 190
33 87 636
33 88 1020
33 89 491
33 90 675
33 91 491
33 92 498
33 93 370
33 94 501
33 95 382
33 96 775
33 97 257
33 98 865
33 99 137
33 100 646
34 1 539
34 2 292
34 3 424
34 4 542
34 5 462
34 6 463
34 7 190
34 8 451
34 9 241
34 10 264
34 11 420
34 12 106
34 13 359
34 14 340
34 15 368
34 16 189
34 17 431
34 18 674
34 19 449
34 20 418
34 21 481
34 22 132
34 23 273
34 24 520
34 25 400
34 26 358
34 27 252
34 28 625
34 29 513
34 30 381
34 31 433
34 32 197
34 33 283
34 35 200
34 36 325
34 37 520
34 38 423
34 39 608
34 40 328
34 41 149
34 42 688
34 43 507
34 44 689
34 45 161
34 46 669
34 47 484
34 48 143
34 49 434
34 50 265
34 51 155
34 52 198
34 53 552
34 54 636
34 55 524
34 56 759
34 57 352
34 58 265
34 59 309
34 60 499
34 61 420
34 62 209
34 63 385
34 64 408
34 65 457
34 66 442
34 67 394
34 68 63
34 69 263
34 70 509
34 71 577
34 72 237
34 73 349
34 74 396
34 75 227
34 76 364
34 77 350
34 78 519
34 79 543
34 80 331
34 81 233
34 82 462
34 83 441
34 84 495
34 85 387
34 86 416
34 87 357
34 88 745
34 89 319
34 90 557
34 91 258
34 92 447
34 93 178
34 94 454
34 95 431
34 96 510
34 97 104
34 98 617
34 99 382
34 100 518
35 1 716
35 2 492
35 3 622
35 4 373
35 5 650
35 6 663
35 7 34
35 8 525
35 9 62
35 10 449
35 11 620
35 12 130
35 13 443
35 14 539
35 15 551
35 16 387
35 17 627
35 18 766
35 19 602
35 20 222
35 21 282
35 22 69
35 23 359
35 24 720
35 25 486
35 26 471
35 27 365
35 28 818
35 29 342
35 30 187
35 31 234
35 32 270
35 33 243
35 34 200
35 36 443
35 37 558
35 38 621
35 39 428
35 40 146
35 41 293
35 42 888
35 43 395
35 44 751
35 45 102
35 46 719
35 47 345
35 48 239
35 49 597
35 50 462
35 51 355
35 52 46
35 53 749
35 54 835
35 55 399
35 56 823
35 57 461
35 58 407
35 59 112
35 60 699
35 61 603
35 62 144
35 63 470
35 64 603
35 65 507
35 66 518
35 67 593
35 68 243
35 69 456
35 70 698
35 71 743
35 72 108
35 73 308
35 74 265
35 75 339
35 76 256
35 77 525
35 78 639
35 79 346
35 80 530
35 81 180
35 82 455
35 83 242
35 84 682
35 85 205
35 86 429
35 87 467
35 88 825
35 89 252
35 90 747
35 91 277
35 92 614
35 93 153
35 94 619
35 95 553
35 96 572
35 97 269
35 98 644
35 99 264
35 100 710
36 1 670
36 2 317
36 3 368
36 4 816
36 5 315
36 6 473
36 7 413
36 8 154
36 9 440
36 10 440
36 11 401
36 12 319
36 13 652
36 14 331
36 15 224
36 16 342
36 17 351
36 18 937
36 19 178
36 20 648
36 21 666
36 22 396
36 23 97
36 24 482
36 25 99
36 26 35
36 27 542
36 28 670
36 29 785
36 30 555
36 31 625
36 32 515
36 33 288
36 34 325
36 35 443
36 37 828
36 38 463
36 39 867
36 40 492
36 41 176
36 42 633
36 43 819
36 44 977
36 45 345
36 46 965
36 47 782
36 48 207
36 49 193
36 50 377
36 51 298
36 52 470
36 53 581
36 54 561
36 55 830
36 56 1041
36 57 629
36 58 523
36 59 545
36 60 492
36 61 554
36 62 520
36 63 676
36 64 479
36 65 763
36 66 142
36 67 377
36 68 361
36 69 243
36 70 596
36 71 734
36 72 389
36 73 295
36 74 448
36 75 106
36 76 674
36 77 181
36 78 762
36 79 763
36 80 385
36 81 550
36 82 784
36 83 642
36 84 333
36 85 530
36 86 230
36 87 632
36 88 1015
36 89 638
36 90 406
36 91 582
36 92 215
36 93 495
36 94 216
36 95 111
36 96 805
36 97 223
36 98 926
36 99 421
36 100 383
37 1 511
37 2 617
37 3 723
37 4 567
37 5 821
37 6 666
37 7 583
37 8 967
37 9 618
37 10 451
37 11 685
37 12 588
37 13 181
37 14 654
37 15 770
37 16 514
37 17 748
37 18 255
37 19 902
37 20 622
37 21 731
37 22 537
37 23 791
37 24 746
37 25 913
37 26 861
37 27 289
37 28 685
37 29 558
37 30 696
37 31 695
37 32 324
37 33 774
37 34 520
37 35 558
37 36 828
37 38 618
37 39 641
37 40 686
37 41 659
37 42 862
37 43 391
37 44 198
37 45 618
37 46 161
37 47 457
37 48 663
37 49 872
37 50 530
37 51 543
37 52 513
37 53 676
37 54 853
37 55 427
37 56 270
37 57 223
37 58 325
37 59 582
37 60 700
37 61 485
37 62 416
37 63 164
37 64 575
37 65 65
37 66 956
37 67 674
37 68 471
37 69 655
37 70 574
37 71 474
37 72 663
37 73 843
37 74 822
37 75 741
37 76 386
37 77 777
37 78 256
37 79 701
37 80 588
37 81 381
37 82 140
37 83 685
37 84 855
37 85 736
37 86 933
37 87 224
37 88 286
37 89 335
37 90 885
37 91 284
37 92 876
37 93 409
37 94 884
37 95 923
37 96 66
37 97 610
37 98 99
37 99 822
37 100 845
38 1 227
38 2 156
38 3 135
38 4 923
38 5 249
38 6 51
38 7 612
38 8 609
38 9 663
38 10 201
38 11 87
38 12 519
38 13 453
38 14 133
38 15 264
38 16 235
38 17 165
38 18 600
38 19 411
38 20 832
38 21 903
38 22 554
38 23 507
38 24 130
38 25 558
38 26 485
38 27 388
38 28 215
38 29 897
38 30 803
38 31 855
38 32 454
38 33 646
38 34 423
38 35 621
38 36 463
38 37 618
38 39 996
38 40 749
38 41 412
38 42 278
38 43 829
38 44 684
38 45 576
38 46 696
38 47 839
38 48 474
38 49 368
38 50 161
38 51 271
38 52 611
38 53 132
38 54 246
38 55 858
38 56 730
38 57 401
38 58 323
38 59 727
38 60 89
38 61 148
38 62 580
38 63 461
38 64 44
38 65 562
38 66 598
38 67 96
38 68 382
38 69 227
38 70 138
38 71 301
38 72 651
38 73 691
38 74 793
38 75 458
38 76 711
38 77 300
38 78 426
38 79 956
38 80 95
38 81 584
38 82 659
38 83 862
38 84 274
38 85 807
38 86 681
38 87 399
38 88 683
38 89 642
38 90 280
38 91 526
38 92 358
38 93 543
38 94 367
38 95 495
38 96 565
38 97 394
38 98 704
38 99 773
38 100 244
39 1 1023
39 2 891
39 3 1026
39 4 79
39 5 1069
39 6 1043
39 7 456
39 8 928
39 9 428
39 10 800
39 11 1015
39 12 558
39 13 647
39 14 940
39 15 973
39 16 772
39 17 1036
39 18 896
39 19 1030
39 20 225
39 21 266
39 22 488
39 23 778
39 24 1111
39 25 897
39 26 893
39 27 639
39 28 1164
39 29 101
39 30 345
39 31 279
39 32 551
39 33 618
39 34 608
39 35 428
39 36 867
39 37 641
39 38 996
39 40 398
39 41 720
39 42 1273
39 43 253
39 44 823
39 45 524
39 46 775
39 47 187
39 48 666
39 49 1025
39 50 840
39 51 754
39 52 413
39 53 1111
39 54 1230
39 55 218
39 56 888
39 57 694
39 58 704
39 59 323
39 60 1081
39 61 934
39 62 417
39 63 664
39 64 968
39 65 628
39 66 923
39 67 990
39 68 626
39 69 870
39 70 1037
39 71 1024
39 72 485
39 73 663
39 74 524
39 75 764
39 76 297
39 77 950
39 78 847
39 79 152
39 80 914
39 81 414
39 82 502
39 83 257
39 84 1102
39 85 391
39 86 802
39 87 700
39 88 920
39 89 371
39 90 1164
39 91 491
39 92 1041
39 93 454
39 94 1047
39 95 976
39 96 692
39 97 693
39 98 676
39 99 546
39 100 1125
40 1 858
40 2 610
40 3 734
40 4 366
40 5 745
40 6 788
40 7 141
40 8 534
40 9 89
40 10 587
40 11 738
40 12 233
40 13 584
40 14 655
40 15 643
40 16 517
40 17 735
40 18 905
40 19 666
40 20 175
40 21 175
40 22 204
40 23 397
40 24 839
40 25 507
40 26 514
40 27 510
40 28 952
40 29 338
40 30 63
40 31 133
40 32 414
40 33 223
40 34 328
40 35 146
40 36 492
40 37 686
40 38 749
40 39 398
40 41 378
40 42 1007
40 43 452
40 44 882
40 45 177
40 46 846
40 47 382
40 48 313
40 49 669
40 50 592
40 51 479
40 52 182
40 53 879
40 54 950
40 55 444
40 56 954
40 57 605
40 58 552
40 59 116
40 60 822
40 61 743
40 62 274
40 63 610
40 64 735
40 65 638
40 66 530
40 67 711
40 68 379
40 69 564
40 70 835
40 71 887
40 72 108
40 73 266
40 74 152
40 75 397
40 76 336
40 77 611
40 78 783
40 79 274
40 80 656
40 81 307
40 82 570
40 83 152
40 84 775
40 85 60
40 86 405
40 87 610
40 88 960
40 89 359
40 90 844
