nnodes nedges type capacity P s t
100  4950  graph  1000 100 1 100 
nodename posx posy itemvalue itemweight
1 153 986 0 0
2 371 86 335 5
3 816 646 444 7
4 707 5 73 3
5 773 666 173 8
6 920 896 347 4
7 83 550 293 4
8 270 902 205 1
9 999 337 17 9
10 47 883 416 2
11 486 505 86 9
12 226 133 240 2
13 330 796 114 2
14 529 28 467 6
15 297 94 392 5
16 107 802 332 9
17 432 479 380 9
18 889 600 323 5
19 477 948 347 7
20 605 602 287 10
21 967 877 4 3
22 498 50 35 8
23 780 768 239 1
24 304 779 138 5
25 458 352 359 6
26 14 296 188 6
27 209 241 464 10
28 781 539 139 8
29 37 311 441 6
30 919 686 403 4
31 757 379 372 6
32 489 189 42 3
33 858 730 104 5
34 790 687 277 1
35 30 747 463 6
36 289 349 322 7
37 977 140 400 6
38 751 757 466 8
39 260 56 298 6
40 888 70 245 8
41 408 903 361 4
42 367 969 303 4
43 496 148 63 2
44 509 885 401 6
45 811 780 399 5
46 571 568 39 10
47 159 412 241 1
48 758 369 373 4
49 494 900 297 1
50 56 877 294 9
51 647 698 416 7
52 226 624 77 6
53 190 978 174 5
54 733 450 453 1
55 386 622 350 9
56 873 146 478 10
57 877 592 333 3
58 115 373 33 7
59 740 976 74 6
60 258 904 102 4
61 757 181 440 3
62 472 916 93 10
63 594 230 425 7
64 638 440 376 3
65 130 694 170 1
66 317 130 183 5
67 744 896 488 2
68 106 934 400 1
69 226 840 6 5
70 737 612 484 5
71 462 610 253 1
72 758 339 64 5
73 202 873 93 8
74 64 294 332 8
75 202 322 233 5
76 198 959 341 5
77 855 671 277 6
78 227 801 56 3
79 253 865 454 1
80 242 736 125 3
81 912 911 452 8
82 218 656 208 1
83 807 324 419 9
84 591 385 303 6
85 164 680 163 6
86 997 978 130 6
87 642 107 247 5
88 317 844 352 1
89 333 733 344 5
90 490 535 61 9
91 55 689 320 1
92 846 263 453 8
93 712 425 38 8
94 64 317 353 4
95 291 306 291 7
96 405 555 466 4
97 570 623 136 5
98 211 729 384 6
99 948 154 484 6
100 115 464 0 0
endpoint1 endpoint2 weight
1 2 927
1 3 746
1 4 1127
1 5 698
1 6 773
1 7 442
1 8 145
1 9 1067
1 10 148
1 11 586
1 12 857
1 13 260
1 14 1030
1 15 904
1 16 190
1 17 579
1 18 832
1 19 327
1 20 594
1 21 822
1 22 998
1 23 664
1 24 257
1 25 704
1 26 704
1 27 748
1 28 771
1 29 685
1 30 823
1 31 857
1 32 865
1 33 751
1 34 704
1 35 269
1 36 652
1 37 1181
1 38 641
1 39 937
1 40 1175
1 41 269
1 42 215
1 43 906
1 44 371
1 45 690
1 46 592
1 47 575
1 48 865
1 49 352
1 50 146
1 51 572
1 52 370
1 53 38
1 54 790
1 55 433
1 56 1107
1 57 825
1 58 615
1 59 588
1 60 134
1 61 1007
1 62 327
1 63 876
1 64 731
1 65 293
1 66 872
1 67 598
1 68 71
1 69 164
1 70 694
1 71 487
1 72 886
1 73 124
1 74 698
1 75 666
1 76 53
1 77 770
1 78 200
1 79 157
1 80 266
1 81 763
1 82 337
1 83 931
1 84 744
1 85 307
1 86 845
1 87 1006
1 88 217
1 89 311
1 90 564
1 91 313
1 92 1002
1 93 792
1 94 675
1 95 694
1 96 500
1 97 553
1 98 264
1 99 1151
1 100 524
2 1 927
2 3 716
2 4 346
2 5 706
2 6 979
2 7 547
2 8 823
2 9 677
2 10 861
2 11 435
2 12 153
2 13 712
2 14 169
2 15 75
2 16 764
2 17 398
2 18 730
2 19 869
2 20 567
2 21 991
2 22 133
2 23 796
2 24 697
2 25 280
2 26 415
2 27 225
2 28 611
2 29 403
2 30 813
2 31 485
2 32 157
2 33 808
2 34 733
2 35 744
2 36 276
2 37 609
2 38 772
2 39 115
2 40 518
2 41 818
2 42 884
2 43 140
2 44 811
2 45 822
2 46 522
2 47 389
2 48 480
2 49 824
2 50 852
2 51 672
2 52 558
2 53 911
2 54 514
2 55 537
2 56 506
2 57 716
2 58 385
2 59 964
2 60 826
2 61 398
2 62 837
2 63 266
2 64 444
2 65 655
2 66 70
2 67 892
2 68 889
2 69 768
2 70 641
2 71 532
2 72 463
2 73 805
2 74 371
2 75 291
2 76 890
2 77 760
2 78 730
2 79 788
2 80 663
2 81 987
2 82 591
2 83 497
2 84 372
2 85 630
2 86 1090
2 87 272
2 88 760
2 89 649
2 90 465
2 91 681
2 92 507
2 93 481
2 94 385
2 95 235
2 96 471
2 97 573
2 98 663
2 99 581
2 100 457
3 1 746
3 2 716
3 4 651
3 5 48
3 6 271
3 7 740
3 8 604
3 9 360
3 10 805
3 11 359
3 12 782
3 13 509
3 14 682
3 15 758
3 16 726
3 17 419
3 18 87
3 19 455
3 20 216
3 21 276
3 22 676
3 23 128
3 24 529
3 25 464
3 26 876
3 27 730
3 28 113
3 29 848
3 30 111
3 31 274
3 32 562
3 33 94
3 34 49
3 35 793
3 36 605
3 37 531
3 38 129
3 39 811
3 40 581
3 41 483
3 42 554
3 43 592
3 44 390
3 45 135
3 46 258
3 47 698
3 48 284
3 49 411
3 50 795
3 51 177
3 52 591
3 53 709
3 54 213
3 55 431
3 56 504
3 57 82
3 58 753
3 59 339
3 60 615
3 61 469
3 62 438
3 63 472
3 64 273
3 65 688
3 66 718
3 67 261
3 68 767
3 69 622
3 70 87
3 71 356
3 72 313
3 73 655
3 74 831
3 75 695
3 76 693
3 77 47
3 78 610
3 79 605
3 80 582
3 81 282
3 82 599
3 83 323
3 84 345
3 85 653
3 86 379
3 87 567
3 88 537
3 89 491
3 90 345
3 91 763
3 92 385
3 93 245
3 94 821
3 95 626
3 96 421
3 97 248
3 98 611
3 99 510
3 100 725
4 1 1127
4 2 346
4 3 651
4 5 665
4 6 917
4 7 829
4 8 998
4 9 443
4 10 1099
4 11 547
4 12 498
4 13 877
4 14 180
4 15 420
4 16 998
4 17 548
4 18 623
4 19 971
4 20 606
4 21 910
4 22 214
4 23 767
4 24 873
4 25 428
4 26 752
4 27 552
4 28 540
4 29 737
4 30 714
4 31 378
4 32 286
4 33 741
4 34 688
4 35 1005
4 36 542
4 37 302
4 38 754
4 39 450
4 40 193
4 41 947
4 42 1023
4 43 255
4 44 902
4 45 782
4 46 580
4 47 683
4 48 368
4 49 920
4 50 1089
4 51 696
4 52 784
4 53 1102
4 54 446
4 55 696
4 56 218
4 57 612
4 58 698
4 59 972
4 60 1005
4 61 183
4 62 941
4 63 252
4 64 441
4 65 899
4 66 410
4 67 892
4 68 1107
4 69 964
4 70 608
4 71 653
4 72 338
4 73 1005
4 74 705
4 75 597
4 76 1082
4 77 683
4 78 930
4 79 973
4 80 867
4 81 929
4 82 815
4 83 335
4 84 398
4 85 867
4 86 1016
4 87 121
4 88 926
4 89 819
4 90 573
4 91 945
4 92 294
4 93 421
4 94 715
4 95 514
4 96 628
4 97 634
4 98 878
4 99 284
4 100 750
5 1 698
5 2 706
5 3 48
5 4 665
5 6 273
5 7 700
5 8 556
5 9 400
5 10 758
5 11 330
5 12 764
5 13 462
5 14 684
5 15 745
5 16 680
5 17 389
5 18 134
5 19 409
5 20 180
5 21 287
5 22 675
5 23 103
5 24 483
5 25 445
5 26 845
5 27 707
5 28 128
5 29 818
5 30 148
5 31 288
5 32 556
5 33 107
5 34 28
5 35 748
5 36 579
5 37 565
5 38 94
5 39 798
5 40 607
5 41 436
5 42 507
5 43 588
5 44 344
5 45 121
5 46 225
5 47 665
5 48 298
5 49 365
5 50 748
5 51 130
5 52 549
5 53 662
5 54 220
5 55 390
5 56 530
5 57 128
5 58 721
5 59 312
5 60 568
5 61 486
5 62 392
5 63 472
5 64 264
5 65 644
5 66 704
5 67 232
5 68 719
5 69 575
5 70 65
5 71 317
5 72 328
5 73 608
5 74 801
5 75 667
5 76 646
5 77 83
5 78 563
5 79 557
5 80 536
5 81 282
5 82 556
5 83 344
5 84 335
5 85 610
5 86 385
5 87 575
5 88 490
5 89 446
5 90 312
5 91 719
5 92 410
5 93 249
5 94 791
5 95 602
5 96 385
5 97 208
5 98 566
5 99 542
5 100 689
6 1 773
6 2 979
6 3 271
6 4 917
6 5 273
6 7 906
6 8 651
6 9 565
6 10 874
6 11 585
6 12 1032
6 13 599
6 14 953
6 15 1016
6 16 819
6 17 642
6 18 298
6 19 447
6 20 431
6 21 51
6 22 946
6 23 190
6 24 628
6 25 714
6 26 1087
6 27 967
6 28 384
6 29 1060
6 30 211
6 31 543
6 32 829
6 33 178
6 34 247
6 35 903
6 36 836
6 37 759
6 38 219
6 39 1069
6 40 827
6 41 513
6 42 558
6 43 860
6 44 412
6 45 160
6 46 479
6 47 902
6 48 552
6 49 427
6 50 865
6 51 338
6 52 746
6 53 735
6 54 484
6 55 601
6 56 752
6 57 308
6 58 960
6 59 197
6 60 663
6 61 734
6 62 449
6 63 742
6 64 537
6 65 816
6 66 975
6 67 176
6 68 815
6 69 697
6 70 338
6 71 540
6 72 581
6 73 719
6 74 1047
6 75 920
6 76 725
6 77 235
6 78 700
6 79 668
6 80 697
6 81 17
6 82 742
6 83 584
6 84 608
6 85 787
6 86 113
6 87 837
6 88 606
6 89 610
6 90 562
6 91 890
6 92 638
6 93 515
6 94 1034
6 95 863
6 96 618
6 97 444
6 98 729
6 99 743
6 100 914
7 1 442
7 2 547
7 3 740
7 4 829
7 5 700
7 6 906
7 8 399
7 9 941
7 10 335
7 11 406
7 12 441
7 13 349
7 14 687
7 15 504
7 16 254
7 17 357
7 18 808
7 19 561
7 20 525
7 21 943
7 22 650
7 23 731
7 24 319
7 25 425
7 26 264
7 27 334
7 28 699
7 29 244
7 30 847
7 31 696
7 32 544
7 33 796
7 34 721
7 35 205
7 36 288
7 37 984
7 38 700
7 39 525
7 40 938
7 41 480
7 42 507
7 43 577
7 44 542
7 45 764
7 46 489
7 47 158
7 48 699
7 49 540
7 50 329
7 51 584
7 52 162
7 53 442
7 54 658
7 55 312
7 56 888
7 57 796
7 58 180
7 59 784
7 60 395
7 61 769
7 62 535
7 63 603
7 64 566
7 65 152
7 66 481
7 67 747
7 68 385
7 69 324
7 70 657
7 71 384
7 72 708
7 73 345
7 74 257
7 75 258
7 76 425
7 77 782
7 78 290
7 79 358
7 80 245
7 81 905
7 82 172
7 83 759
7 84 535
7 85 154
7 86 1010
7 87 714
7 88 376
7 89 310
7 90 408
7 91 142
7 92 816
7 93 642
7 94 234
7 95 321
7 96 323
7 97 493
7 98 221
7 99 952
7 100 92
8 1 145
8 2 823
8 3 604
8 4 998
8 5 556
8 6 651
8 7 399
8 9 923
8 10 224
8 11 452
8 12 771
8 13 122
8 14 912
8 15 809
8 16 192
8 17 453
8 18 689
8 19 213
8 20 450
8 21 698
8 22 882
8 23 528
8 24 128
8 25 582
8 26 658
8 27 664
8 28 627
8 29 636
8 30 685
8 31 715
8 32 746
8 33 613
8 34 563
8 35 286
8 36 554
8 37 1040
8 38 503
8 39 847
8 40 1037
8 41 139
8 42 118
8 43 788
8 44 240
8 45 555
8 46 450
8 47 503
8 48 723
8 49 225
8 50 216
8 51 429
8 52 282
8 53 111
8 54 648
8 55 304
8 56 968
8 57 682
8 58 552
8 59 476
8 60 13
8 61 871
8 62 203
8 63 747
8 64 591
8 65 251
8 66 774
8 67 475
8 68 168
8 69 77
8 70 550
8 71 350
8 72 746
8 73 74
8 74 642
8 75 584
8 76 92
8 77 629
8 78 110
8 79 41
8 80 169
8 81 643
8 82 252
8 83 789
8 84 609
8 85 247
8 86 731
8 87 878
8 88 75
8 89 181
8 90 428
8 91 303
8 92 861
8 93 651
8 94 621
8 95 597
8 96 373
8 97 410
8 98 183
8 99 1010
8 100 465
9 1 1067
9 2 677
9 3 360
9 4 443
9 5 400
9 6 565
9 7 941
9 8 923
9 10 1098
9 11 540
9 12 800
9 13 812
9 14 563
9 15 743
9 16 1006
9 17 585
9 18 286
9 19 804
9 20 475
9 21 541
9 22 578
9 23 484
9 24 824
9 25 542
9 26 986
9 27 796
9 28 298
9 29 963
9 30 359
9 31 246
9 32 532
9 33 418
9 34 408
9 35 1053
9 36 711
9 37 199
9 38 488
9 39 791
9 40 290
9 41 819
9 42 894
9 43 538
9 44 736
9 45 482
9 46 487
9 47 844
9 48 244
9 49 757
9 50 1087
9 51 505
9 52 825
9 53 1033
9 54 290
9 55 677
9 56 229
9 57 283
9 58 885
9 59 690
9 60 934
9 61 288
9 62 783
9 63 419
9 64 376
9 65 940
9 66 713
9 67 615
9 68 1075
9 69 923
9 70 380
9 71 603
9 72 242
9 73 961
9 74 936
9 75 798
9 76 1015
9 77 364
9 78 901
9 79 914
9 80 856
9 81 581
9 82 844
9 83 193
9 84 411
9 85 903
9 86 642
9 87 425
9 88 850
9 89 775
9 90 547
9 91 1008
9 92 170
9 93 301
9 94 936
9 95 709
9 96 633
9 97 516
9 98 881
9 99 190
9 100 894
10 1 148
10 2 861
10 3 805
10 4 1099
10 5 758
10 6 874
10 7 335
10 8 224
10 9 1098
10 11 580
10 12 772
10 13 297
10 14 982
10 15 828
10 16 101
10 17 559
10 18 889
10 19 435
10 20 625
10 21 921
10 22 948
10 23 742
10 24 278
10 25 672
10 26 588
10 27 663
10 28 811
10 29 573
10 30 894
10 31 871
10 32 823
10 33 826
10 34 769
10 35 138
10 36 587
10 37 1191
10 38 716
10 39 854
10 40 1170
10 41 362
10 42 332
10 43 862
10 44 463
10 45 771
10 46 612
10 47 485
10 48 878
10 49 448
10 50 11
10 51 628
10 52 315
10 53 172
10 54 812
10 55 428
10 56 1107
10 57 880
10 58 515
10 59 700
10 60 213
10 61 999
10 62 427
10 63 852
10 64 739
10 65 207
10 66 800
10 67 698
10 68 78
10 69 185
10 70 742
10 71 497
10 72 896
10 73 156
10 74 590
10 75 583
10 76 170
10 77 836
10 78 198
10 79 207
10 80 245
10 81 866
10 82 285
10 83 944
10 84 738
10 85 235
10 86 955
10 87 978
10 88 273
10 89 323
10 90 564
10 91 195
10 92 1012
10 93 808
10 94 567
10 95 627
10 96 486
10 97 585
10 98 225
10 99 1159
10 100 425
11 1 586
11 2 435
11 3 359
11 4 547
11 5 330
11 6 585
11 7 406
11 8 452
11 9 540
11 10 580
11 12 454
11 13 331
11 14 479
11 15 453
11 16 482
11 17 60
11 18 415
11 19 444
11 20 154
11 21 609
11 22 456
11 23 395
11 24 329
11 25 156
11 26 517
11 27 383
11 28 297
11 29 490
11 30 470
11 31 299
11 32 317
11 33 435
11 34 355
11 35 517
11 36 252
11 37 612
11 38 366
11 39 503
11 40 593
11 41 406
11 42 480
11 43 358
11 44 381
11 45 426
11 46 106
11 47 340
11 48 305
11 49 396
11 50 569
11 51 252
11 52 286
11 53 558
11 54 254
11 55 154
11 56 528
11 57 401
11 58 394
11 59 536
11 60 460
11 61 423
11 62 412
11 63 296
11 64 166
11 65 404
11 66 412
11 67 469
11 68 574
11 69 425
11 70 273
11 71 108
11 72 319
11 73 465
11 74 472
11 75 338
11 76 538
11 77 405
11 78 394
11 79 429
11 80 337
11 81 589
11 82 308
11 83 369
11 84 160
11 85 367
11 86 697
11 87 428
11 88 379
11 89 275
11 90 31
11 91 469
11 92 434
11 93 240
11 94 462
11 95 279
11 96 96
11 97 145
11 98 355
11 99 581
11 100 374
12 1 857
12 2 153
12 3 782
12 4 498
12 5 764
12 6 1032
12 7 441
12 8 771
12 9 800
12 10 772
12 11 454
12 13 672
12 14 321
12 15 82
12 16 680
12 17 403
12 18 811
12 19 853
12 20 603
12 21 1051
12 22 285
12 23 843
12 24 651
12 25 320
12 26 268
12 27 110
12 28 688
12 29 260
12 30 887
12 31 586
12 32 269
12 33 870
12 34 791
12 35 645
12 36 225
12 37 752
12 38 816
12 39 85
12 40 665
12 41 792
12 42 848
12 43 271
12 44 804
12 45 873
12 46 556
12 47 287
12 48 582
12 49 813
12 50 764
12 51 705
12 52 491
12 53 846
12 54 598
12 55 515
12 56 648
12 57 797
12 58 265
12 59 988
12 60 772
12 61 534
12 62 821
12 63 381
12 64 514
12 65 570
12 66 92
12 67 923
12 68 810
12 69 707
12 70 701
12 71 533
12 72 571
12 73 741
12 74 229
12 75 191
12 76 827
12 77 828
12 78 669
12 79 733
12 80 604
12 81 1038
12 82 524
12 83 612
12 84 444
12 85 551
12 86 1144
12 87 417
12 88 717
12 89 610
12 90 481
12 91 582
12 92 634
12 93 567
12 94 246
12 95 185
12 96 459
12 97 599
12 98 597
12 99 723
12 100 350
13 1 260
13 2 712
13 3 509
13 4 877
13 5 462
13 6 599
13 7 349
13 8 122
13 9 812
13 10 297
13 11 331
13 12 672
13 14 794
13 15 703
13 16 224
13 17 334
13 18 593
13 19 212
13 20 337
13 21 643
13 22 765
13 23 451
13 24 32
13 25 463
13 26 592
13 27 569
13 28 520
13 29 567
13 30 600
13 31 597
13 32 628
13 33 533
13 34 473
13 35 304
13 36 449
13 37 922
13 38 423
13 39 744
13 40 916
13 41 133
13 42 177
13 43 669
13 44 200
13 45 482
13 46 332
13 47 421
13 48 605
13 49 195
13 50 286
13 51 332
13 52 201
13 53 230
13 54 532
13 55 183
13 56 847
13 57 584
13 58 475
13 59 448
13 60 130
13 61 749
13 62 186
13 63 625
13 64 471
13 65 225
13 66 667
13 67 426
13 68 264
13 69 113
13 70 447
13 71 229
13 72 627
13 73 150
13 74 569
13 75 491
13 76 210
13 77 540
13 78 104
13 79 104
13 80 107
13 81 594
13 82 180
13 83 672
13 84 487
13 85 203
13 86 692
13 87 757
13 88 50
13 89 64
13 90 307
13 91 296
13 92 742
13 93 533
13 94 548
13 95 492
13 96 253
13 97 296
13 98 137
13 99 892
13 100 396
14 1 1030
14 2 169
14 3 682
14 4 180
14 5 684
14 6 953
14 7 687
14 8 912
14 9 563
14 10 982
14 11 479
14 12 321
14 13 794
14 15 242
14 16 882
14 17 462
14 18 676
14 19 922
14 20 580
14 21 956
14 22 39
14 23 782
14 24 784
14 25 332
14 26 581
14 27 385
14 28 570
14 29 568
14 30 765
14 31 419
14 32 166
14 33 776
14 34 709
14 35 876
14 36 401
14 37 462
14 38 763
14 39 271
14 40 362
14 41 884
14 42 955
14 43 125
14 44 858
14 45 804
14 46 542
14 47 534
14 48 411
14 49 873
14 50 972
14 51 681
14 52 669
14 53 1009
14 54 469
14 55 611
14 56 364
14 57 663
14 58 539
14 59 972
14 60 917
14 61 275
14 62 890
14 63 213
14 64 427
14 65 777
14 66 236
14 67 895
14 68 1000
14 69 867
14 70 620
14 71 586
14 72 387
14 73 907
14 74 536
14 75 440
14 76 989
14 77 721
14 78 830
14 79 882
14 80 764
14 81 963
14 82 701
14 83 407
14 84 363
14 85 748
14 86 1060
14 87 138
14 88 844
14 89 732
14 90 509
14 91 814
14 92 395
14 93 438
14 94 548
14 95 366
14 96 542
14 97 597
14 98 770
14 99 438
14 100 602
15 1 904
15 2 75
15 3 758
15 4 420
15 5 745
15 6 1016
15 7 504
15 8 809
15 9 743
15 10 828
15 11 453
15 12 82
15 13 703
15 14 242
15 16 734
15 17 408
15 18 779
15 19 873
15 20 595
15 21 1031
15 22 206
15 23 830
15 24 686
15 25 305
15 26 348
15 27 172
15 28 658
15 29 339
15 30 859
15 31 542
15 32 215
15 33 849
15 34 772
15 35 706
15 36 256
15 37 682
15 38 804
15 39 54
15 40 592
15 41 817
15 42 878
15 43 207
15 44 819
15 45 858
15 46 548
15 47 347
15 48 537
15 49 830
15 50 820
15 51 699
15 52 535
15 53 891
15 54 563
15 55 536
15 56 579
15 57 765
15 58 334
15 59 988
15 60 811
15 61 469
15 62 841
15 63 327
15 64 486
15 65 623
15 66 42
15 67 919
15 68 862
15 69 750
15 70 680
15 71 542
15 72 523
15 73 785
15 74 308
15 75 247
15 76 871
15 77 803
15 78 711
15 79 773
15 80 645
15 81 1023
15 82 568
15 83 560
15 84 414
15 85 601
15 86 1128
15 87 346
15 88 751
15 89 641
15 90 482
15 91 643
15 92 575
15 93 531
15 94 323
15 95 213
15 96 474
15 97 596
15 98 641
15 99 654
15 100 413
16 1 190
16 2 764
16 3 726
16 4 998
16 5 680
16 6 819
16 7 254
16 8 192
16 9 1006
16 10 101
16 11 482
16 12 680
16 13 224
16 14 882
16 15 734
16 17 459
16 18 808
16 19 398
16 20 537
16 21 864
16 22 848
16 23 674
16 24 199
16 25 571
16 26 515
16 27 571
16 28 724
16 29 496
16 30 821
16 31 776
16 32 723
16 33 755
16 34 693
16 35 95
16 36 489
16 37 1094
16 38 646
16 39 762
16 40 1071
16 41 318
16 42 310
16 43 761
16 44 411
16 45 705
16 46 520
16 47 394
16 48 782
16 49 400
16 50 91
16 51 550
16 52 215
16 53 195
16 54 719
16 55 333
16 56 1009
16 57 799
16 58 430
16 59 657
16 60 183
16 61 899
16 62 383
16 63 752
16 64 643
16 65 111
16 66 705
16 67 644
16 68 133
16 69 125
16 70 659
16 71 404
16 72 799
16 73 119
16 74 510
16 75 490
16 76 182
16 77 760
16 78 121
16 79 160
16 80 151
16 81 813
16 82 184
16 83 848
16 84 639
16 85 135
16 86 908
16 87 878
16 88 215
16 89 237
16 90 467
16 91 125
16 92 915
16 93 713
16 94 487
16 95 530
16 96 388
16 97 497
16 98 128
16 99 1062
16 100 339
17 1 579
17 2 398
17 3 419
17 4 548
17 5 389
17 6 642
17 7 357
17 8 453
17 9 585
17 10 559
17 11 60
17 12 403
17 13 334
17 14 462
17 15 408
17 16 459
17 18 473
17 19 472
17 20 213
17 21 667
17 22 435
17 23 453
17 24 327
17 25 130
17 26 457
17 27 327
17 28 355
17 29 430
17 30 530
17 31 341
17 32 296
17 33 495
17 34 415
17 35 484
17 36 194
17 37 642
17 38 424
17 39 457
17 40 613
17 41 425
17 42 495
17 43 338
17 44 414
17 45 484
17 46 166
17 47 282
17 48 345
17 49 426
17 50 548
17 51 307
17 52 252
17 53 555
17 54 303
17 55 151
17 56 553
17 57 460
17 58 335
17 59 585
17 60 460
17 61 441
17 62 439
17 63 298
17 64 210
17 65 371
17 66 368
17 67 521
17 68 560
17 69 416
17 70 333
17 71 135
17 72 355
17 73 457
17 74 412
17 75 279
17 76 534
17 77 465
17 78 382
17 79 426
17 80 320
17 81 646
17 82 278
17 83 406
17 84 185
17 85 335
17 86 754
17 87 428
17 88 383
17 89 273
17 90 81
17 91 432
17 92 467
17 93 286
17 94 403
17 95 224
17 96 81
17 97 200
17 98 334
17 99 610
17 100 318
18 1 832
18 2 730
18 3 87
18 4 623
18 5 134
18 6 298
18 7 808
18 8 689
18 9 286
18 10 889
18 11 415
18 12 811
18 13 593
18 14 676
18 15 779
18 16 808
18 17 473
18 19 540
18 20 285
18 21 288
18 22 675
18 23 201
18 24 612
18 25 498
18 26 927
18 27 769
18 28 125
18 29 900
18 30 92
18 31 258
18 32 574
18 33 134
18 34 132
18 35 872
18 36 651
18 37 469
18 38 210
18 39 832
18 40 531
18 41 569
18 42 640
18 43 599
18 44 475
18 45 197
18 46 320
18 47 754
18 48 266
18 49 497
18 50 878
18 51 262
18 52 664
18 53 795
18 54 217
18 55 504
18 56 455
18 57 15
18 58 807
18 59 405
18 60 701
18 61 440
18 62 524
18 63 474
18 64 298
18 65 765
18 66 741
18 67 330
18 68 852
18 69 706
18 70 153
18 71 428
18 72 293
18 73 740
18 74 880
18 75 742
18 76 779
18 77 79
18 78 692
18 79 689
18 80 662
18 81 312
18 82 674
18 83 288
18 84 368
18 85 730
18 86 394
18 87 552
18 88 622
18 89 572
18 90 405
18 91 839
18 92 340
18 93 249
18 94 873
18 95 667
18 96 487
18 97 320
18 98 691
18 99 450
18 100 786
19 1 327
19 2 869
19 3 455
19 4 971
19 5 409
19 6 447
19 7 561
19 8 213
19 9 804
19 10 435
19 11 444
19 12 853
19 13 212
19 14 922
19 15 873
19 16 398
19 17 472
19 18 540
19 20 369
19 21 496
19 22 899
19 23 353
19 24 242
19 25 597
19 26 800
19 27 757
19 28 510
19 29 775
19 30 514
19 31 635
19 32 760
19 33 439
19 34 408
19 35 491
19 36 628
19 37 951
19 38 335
19 39 919
19 40 970
19 41 83
19 42 112
19 43 801
19 44 71
19 45 374
19 46 392
19 47 624
19 48 644
19 49 51
19 50 427
19 51 303
19 52 410
19 53 289
19 54 560
19 55 339
19 56 895
19 57 536
19 58 680
19 59 265
19 60 224
19 61 817
19 62 33
19 63 728
19 64 533
19 65 431
19 66 834
19 67 273
19 68 372
19 69 274
19 70 425
19 71 339
19 72 671
19 73 286
19 74 774
19 75 684
19 76 280
19 77 469
19 78 291
19 79 239
19 80 317
19 81 437
19 82 391
19 83 706
19 84 575
19 85 413
19 86 521
19 87 858
19 88 191
19 89 259
19 90 414
19 91 496
19 92 779
19 93 574
19 94 755
19 95 669
19 96 400
19 97 339
19 98 345
19 99 924
19 100 605
20 1 594
20 2 567
20 3 216
20 4 606
20 5 180
20 6 431
20 7 525
20 8 450
20 9 475
20 10 625
20 11 154
20 12 603
20 13 337
20 14 580
20 15 595
20 16 537
20 17 213
20 18 285
20 19 369
20 21 455
20 22 563
20 23 242
20 24 350
20 25 291
20 26 666
20 27 536
20 28 187
20 29 639
20 30 326
20 31 270
20 32 429
20 33 284
20 34 204
20 35 594
20 36 405
20 37 594
20 38 213
20 39 646
20 40 603
20 41 360
20 42 438
20 43 467
20 44 299
20 45 273
20 46 49
20 47 485
20 48 279
20 49 319
20 50 615
20 51 105
20 52 380
20 53 561
20 54 199
20 55 220
20 56 529
20 57 273
20 58 541
20 59 398
20 60 461
20 61 448
20 62 342
20 63 373
20 64 166
20 65 484
20 66 553
20 67 326
20 68 600
20 69 448
20 70 133
20 71 144
20 72 305
20 73 486
20 74 623
20 75 491
20 76 542
20 77 260
20 78 428
20 79 440
20 80 387
20 81 436
20 82 391
20 83 344
20 84 218
20 85 448
20 86 544
20 87 497
20 88 377
20 89 302
20 90 134
20 91 557
20 92 416
20 93 207
20 94 612
20 95 432
20 96 206
20 97 41
20 98 414
20 99 565
20 100 510
21 1 822
21 2 991
21 3 276
21 4 910
21 5 287
21 6 51
21 7 943
21 8 698
21 9 541
21 10 921
21 11 609
21 12 1051
21 13 643
21 14 956
21 15 1031
21 16 864
21 17 667
21 18 288
21 19 496
21 20 455
21 22 951
21 23 217
21 24 671
21 25 732
21 26 1117
21 27 990
21 28 386
21 29 1089
21 30 197
21 31 541
21 32 838
21 33 184
21 34 260
21 35 946
21 36 860
21 37 738
21 38 248
21 39 1084
21 40 811
21 41 560
21 42 608
21 43 868
21 44 459
21 45 184
21 46 503
21 47 933
21 48 550
21 49 474
21 50 911
21 51 367
21 52 784
21 53 784
21 54 487
21 55 635
21 56 738
21 57 299
21 58 990
21 59 248
21 60 710
21 61 727
21 62 497
21 63 747
21 64 548
21 65 857
21 66 991
21 67 224
21 68 863
21 69 742
21 70 351
21 71 572
21 72 578
21 73 766
21 74 1075
21 75 946
21 76 774
21 77 235
21 78 744
21 79 715
21 80 739
21 81 65
21 82 781
21 83 576
21 84 620
21 85 827
21 86 106
21 87 836
21 88 651
21 89 651
21 90 587
21 91 932
21 92 626
21 93 519
21 94 1063
21 95 885
21 96 648
21 97 472
21 98 771
21 99 724
21 100 947
22 1 998
22 2 133
22 3 676
22 4 214
22 5 675
22 6 946
22 7 650
22 8 882
22 9 578
22 10 948
22 11 456
22 12 285
22 13 765
22 14 39
22 15 206
22 16 848
22 17 435
22 18 675
22 19 899
22 20 563
22 21 951
22 23 772
22 24 755
22 25 305
22 26 543
22 27 347
22 28 565
22 29 530
22 30 763
22 31 419
22 32 140
22 33 770
22 34 701
22 35 840
22 36 365
22 37 488
22 38 751
22 39 239
22 40 391
22 41 858
22 42 929
22 43 99
22 44 836
22 45 795
22 46 524
22 47 496
22 48 412
22 49 851
22 50 938
22 51 665
22 52 636
22 53 978
22 54 464
22 55 583
22 56 388
22 57 662
22 58 502
22 59 958
22 60 888
22 61 291
22 62 867
22 63 204
22 64 415
22 65 742
22 66 198
22 67 882
22 68 968
22 69 836
22 70 611
22 71 562
22 72 389
22 73 875
22 74 498
22 75 402
22 76 958
22 77 717
22 78 799
22 79 852
22 80 733
22 81 956
22 82 668
22 83 413
22 84 348
22 85 714
22 86 1054
22 87 155
22 88 815
22 89 703
22 90 486
22 91 778
22 92 409
22 93 432
22 94 510
22 95 330
22 96 514
22 97 578
22 98 738
22 99 462
22 100 564
23 1 664
23 2 796
23 3 128
23 4 767
23 5 103
23 6 190
23 7 731
23 8 528
23 9 484
23 10 742
23 11 395
23 12 843
23 13 451
23 14 782
23 15 830
23 16 674
23 17 453
23 18 201
23 19 353
23 20 242
23 21 217
23 22 772
23 24 477
23 25 527
23 26 900
23 27 778
23 28 230
23 29 873
23 30 162
23 31 390
23 32 649
23 33 87
23 34 82
23 35 751
23 36 646
23 37 659
23 38 32
23 39 882
23 40 707
23 41 396
23 42 460
23 43 682
23 44 296
23 45 34
23 46 290
23 47 716
23 48 400
23 49 315
23 50 733
23 51 151
23 52 573
23 53 627
23 54 322
23 55 421
23 56 629
23 57 201
23 58 774
23 59 212
23 60 540
23 61 588
23 62 342
23 63 570
23 64 358
23 65 655
23 66 789
23 67 133
23 68 695
23 69 559
23 70 162
23 71 356
23 72 430
23 73 588
23 74 859
23 75 731
23 76 613
23 77 123
23 78 554
23 79 536
23 80 539
23 81 195
23 82 574
23 83 445
23 84 428
23 85 623
23 86 302
23 87 676
23 88 470
23 89 449
23 90 373
23 91 730
23 92 510
23 93 350
23 94 847
23 95 673
23 96 432
23 97 256
23 98 571
23 99 637
23 100 732
24 1 257
24 2 697
24 3 529
24 4 873
24 5 483
24 6 628
24 7 319
24 8 128
24 9 824
24 10 278
24 11 329
24 12 651
24 13 32
24 14 784
24 15 686
24 16 199
24 17 327
24 18 612
24 19 242
24 20 350
24 21 671
24 22 755
24 23 477
24 25 454
24 26 564
24 27 547
24 28 534
24 29 539
24 30 622
24 31 605
24 32 619
24 33 557
24 34 495
24 35 276
24 36 431
24 37 929
24 38 448
24 39 725
24 40 919
24 41 162
24 42 201
24 43 660
24 44 231
24 45 508
24 46 341
24 47 395
24 48 612
24 49 226
24 50 267
24 51 353
24 52 174
24 53 230
24 54 541
24 55 178
24 56 852
24 57 603
24 58 448
24 59 479
24 60 134
24 61 751
24 62 217
24 63 621
24 64 476
24 65 194
24 66 650
24 67 456
24 68 252
24 69 100
24 70 465
24 71 232
24 72 633
24 73 139
24 74 542
24 75 469
24 76 209
24 77 562
24 78 81
24 79 100
24 80 76
24 81 623
24 82 151
24 83 679
24 84 488
24 85 172
24 86 722
24 87 753
24 88 67
24 89 55
24 90 307
24 91 265
24 92 749
24 93 541
24 94 521
24 95 474
24 96 246
24 97 309
24 98 106
24 99 898
24 100 368
25 1 704
25 2 280
25 3 464
25 4 428
25 5 445
25 6 714
25 7 425
25 8 582
25 9 542
25 10 672
25 11 156
25 12 320
25 13 463
25 14 332
25 15 305
25 16 571
25 17 130
25 18 498
25 19 597
25 20 291
25 21 732
25 22 305
25 23 527
25 24 454
25 26 448
25 27 273
25 28 374
25 29 423
25 30 570
25 31 301
25 32 166
25 33 551
25 34 472
25 35 583
25 36 170
25 37 561
25 38 500
25 39 357
25 40 515
25 41 554
25 42 624
25 43 208
25 44 536
25 45 555
25 46 244
25 47 305
25 48 301
25 49 550
25 50 662
25 51 395
25 52 358
25 53 681
25 54 292
25 55 280
25 56 464
25 57 483
25 58 344
25 59 685
25 60 588
25 61 345
25 62 565
25 63 183
25 64 201
25 65 474
25 66 263
25 67 615
25 68 681
25 69 541
25 70 382
25 71 259
25 72 301
25 73 581
25 74 399
25 75 258
25 76 661
25 77 510
25 78 505
25 79 553
25 80 441
25 81 721
25 82 388
25 83 351
25 84 138
25 85 441
25 86 827
25 87 307
25 88 512
25 89 401
25 90 186
25 91 526
25 92 399
25 93 265
25 94 396
25 95 174
25 96 210
25 97 294
25 98 451
25 99 529
25 100 361
26 1 704
26 2 415
26 3 876
26 4 752
26 5 845
26 6 1087
26 7 264
26 8 658
26 9 986
26 10 588
26 11 517
26 12 268
26 13 592
26 14 581
26 15 348
26 16 515
26 17 457
26 18 927
26 19 800
26 20 666
26 21 1117
26 22 543
26 23 900
26 24 564
26 25 448
26 27 203
26 28 805
26 29 28
26 30 986
26 31 748
26 32 487
26 33 950
26 34 869
26 35 452
26 36 281
26 37 976
26 38 870
26 39 344
26 40 903
26 41 724
26 42 760
26 43 505
26 44 770
26 45 933
26 46 620
26 47 186
26 48 748
26 49 772
26 50 583
26 51 750
26 52 391
26 53 705
26 54 736
26 55 495
26 56 872
26 57 913
26 58 128
26 59 995
26 60 656
26 61 752
26 62 771
26 63 584
26 64 641
26 65 415
26 66 346
26 67 945
26 68 645
26 69 584
26 70 790
26 71 548
26 72 746
26 73 607
26 74 51
26 75 190
26 76 689
26 77 921
26 78 549
26 79 618
26 80 496
26 81 1089
26 82 414
26 83 794
26 84 584
26 85 413
26 86 1197
26 87 656
26 88 627
26 89 542
26 90 533
26 91 396
26 92 833
26 93 710
26 94 55
26 95 278
26 96 470
26 97 646
26 98 476
26 99 945
26 100 197
27 1 748
27 2 225
27 3 730
27 4 552
27 5 707
27 6 967
27 7 334
27 8 664
27 9 796
27 10 663
27 11 383
27 12 110
27 13 569
27 14 385
27 15 172
27 16 571
27 17 327
27 18 769
27 19 757
27 20 536
27 21 990
27 22 347
27 23 778
27 24 547
27 25 273
27 26 203
27 28 645
27 29 186
27 30 838
27 31 566
27 32 285
27 33 813
27 34 733
27 35 537
27 36 135
27 37 775
27 38 749
27 39 192
27 40 701
27 41 692
27 42 745
27 43 302
27 44 711
27 45 809
27 46 488
27 47 179
27 48 564
27 49 718
27 50 655
27 51 634
27 52 384
27 53 738
27 54 565
27 55 421
27 56 671
27 57 755
27 58 163
27 59 907
27 60 665
27 61 552
27 62 725
27 63 386
27 64 473
27 65 460
27 66 155
27 67 846
27 68 701
27 69 600
27 70 646
27 71 448
27 72 558
27 73 633
27 74 155
27 75 82
27 76 719
27 77 777
27 78 561
27 79 626
27 80 497
27 81 972
27 82 416
27 83 604
27 84 409
27 85 442
27 86 1079
27 87 454
27 88 613
27 89 508
27 90 407
27 91 474
27 92 638
27 93 536
27 94 164
27 95 105
27 96 371
27 97 526
27 98 489
27 99 745
27 100 243
28 1 771
28 2 611
28 3 113
28 4 540
28 5 128
28 6 384
28 7 699
28 8 627
28 9 298
28 10 811
28 11 297
28 12 688
28 13 520
28 14 570
28 15 658
28 16 724
28 17 355
28 18 125
28 19 510
28 20 187
28 21 386
28 22 565
28 23 230
28 24 534
28 25 374
28 26 805
28 27 645
28 29 779
28 30 202
28 31 162
28 32 456
28 33 206
28 34 149
28 35 780
28 36 528
28 37 445
28 38 221
28 39 711
28 40 482
28 41 522
28 42 597
28 43 484
28 44 441
28 45 243
28 46 212
28 47 635
28 48 172
28 49 462
28 50 800
28 51 208
28 52 562
28 53 737
28 54 102
28 55 404
28 56 404
28 57 110
28 58 687
28 59 439
28 60 638
28 61 359
28 62 488
28 63 362
28 64 174
28 65 670
28 66 619
28 67 359
28 68 783
28 69 632
28 70 86
28 71 327
28 72 202
28 73 669
28 74 758
28 75 619
28 76 719
28 77 152
28 78 613
28 79 621
28 80 574
28 81 395
28 82 576
28 83 217
28 84 245
28 85 633
28 86 490
28 87 454
28 88 556
28 89 489
28 90 292
28 91 742
28 92 284
28 93 134
28 94 751
28 95 543
28 96 377
28 97 228
28 98 601
28 99 420
28 100 671
29 1 685
29 2 403
29 3 848
29 4 737
29 5 818
29 6 1060
29 7 244
29 8 636
29 9 963
29 10 573
29 11 490
29 12 260
29 13 567
29 14 568
29 15 339
29 16 496
29 17 430
29 18 900
29 19 775
29 20 639
29 21 1089
29 22 530
29 23 873
29 24 539
29 25 423
29 26 28
29 27 186
29 28 779
29 30 959
29 31 724
29 32 469
29 33 922
29 34 842
29 35 437
29 36 255
29 37 956
29 38 842
29 39 339
29 40 885
29 41 699
29 42 737
29 43 488
29 44 744
29 45 906
29 46 593
29 47 159
29 48 724
29 49 746
29 50 567
29 51 723
29 52 366
29 53 685
29 54 710
29 55 468
29 56 853
29 57 886
29 58 100
29 59 968
29 60 633
29 61 732
29 62 746
29 63 563
29 64 615
29 65 395
29 66 334
29 67 918
29 68 627
29 69 562
29 70 762
29 71 520
29 72 722
29 73 586
29 74 32
29 75 166
29 76 668
29 77 894
29 78 526
29 79 595
29 80 472
29 81 1061
29 82 390
29 83 771
29 84 559
29 85 391
29 86 1169
29 87 639
29 88 603
29 89 516
29 90 506
29 91 379
29 92 811
29 93 685
29 94 28
29 95 255
29 96 442
29 97 618
29 98 453
29 99 925
29 100 172
30 1 823
30 2 813
30 3 111
30 4 714
30 5 148
30 6 211
30 7 847
30 8 685
30 9 359
30 10 894
30 11 470
30 12 887
30 13 600
30 14 765
30 15 859
30 16 821
30 17 530
30 18 92
30 19 514
30 20 326
30 21 197
30 22 763
30 23 162
30 24 622
30 25 570
30 26 986
30 27 838
30 28 202
30 29 959
30 31 348
30 32 658
30 33 76
30 34 130
30 35 892
30 36 715
30 37 550
30 38 183
30 39 912
30 40 617
30 41 556
30 42 621
30 43 685
30 44 456
30 45 144
30 46 368
30 47 808
30 48 356
30 49 476
30 50 884
30 51 273
30 52 696
30 53 786
30 54 301
30 55 537
30 56 542
30 57 103
30 58 863
30 59 341
30 60 697
30 61 531
30 62 503
30 63 560
30 64 374
30 65 790
30 66 820
30 67 274
30 68 850
30 69 710
30 70 197
30 71 464
30 72 383
30 73 741
30 74 941
30 75 805
30 76 771
30 77 66
30 78 702
30 79 690
30 80 679
30 81 226
30 82 702
30 83 379
30 84 446
30 85 756
30 86 303
30 87 642
30 88 623
30 89 588
30 90 455
30 91 865
30 92 430
30 93 334
30 94 932
30 95 735
30 96 531
30 97 355
30 98 710
30 99 533
30 100 835
31 1 857
31 2 485
31 3 274
31 4 378
31 5 288
31 6 543
31 7 696
31 8 715
31 9 246
31 10 871
31 11 299
31 12 586
31 13 597
31 14 419
31 15 542
31 16 776
31 17 341
31 18 258
31 19 635
31 20 270
31 21 541
31 22 419
31 23 390
31 24 605
31 25 301
31 26 748
31 27 566
31 28 162
31 29 724
31 30 348
31 32 329
31 33 366
31 34 310
31 35 815
31 36 469
31 37 325
31 38 379
31 39 593
31 40 336
31 41 630
31 42 708
31 43 349
31 44 564
31 45 405
31 46 266
31 47 599
31 48 11
31 49 584
31 50 860
31 51 338
31 52 585
31 53 825
31 54 75
31 55 444
31 56 261
31 57 245
31 58 643
31 59 598
31 60 725
31 61 198
31 62 608
31 63 221
31 64 134
31 65 702
31 66 506
31 67 518
31 68 856
31 69 704
31 70 234
31 71 375
31 72 41
31 73 744
31 74 699
31 75 558
31 76 806
31 77 309
31 78 678
31 79 701
31 80 627
31 81 555
31 82 607
31 83 75
31 84 167
31 85 666
31 86 646
31 87 296
31 88 641
31 89 553
31 90 310
31 91 768
31 92 147
31 93 65
31 94 696
31 95 472
31 96 394
31 97 308
31 98 649
31 99 296
31 100 648
32 1 865
32 2 157
32 3 562
32 4 286
32 5 556
32 6 829
32 7 544
32 8 746
32 9 532
32 10 823
32 11 317
32 12 269
32 13 628
32 14 166
32 15 215
32 16 723
32 17 296
32 18 574
32 19 760
32 20 429
32 21 838
32 22 140
32 23 649
32 24 619
32 25 166
32 26 487
32 27 285
32 28 456
32 29 469
32 30 658
32 31 329
32 33 655
32 34 582
32 35 723
32 36 257
32 37 491
32 38 626
32 39 265
32 40 417
32 41 719
32 42 790
32 43 42
32 44 697
32 45 674
32 46 388
32 47 399
32 48 324
32 49 712
32 50 813
32 51 533
32 52 509
32 53 844
32 54 358
32 55 446
32 56 387
32 57 560
32 58 417
32 59 827
32 60 752
32 61 269
32 62 728
32 63 113
32 64 292
32 65 620
32 66 182
32 67 752
32 68 838
32 69 703
32 70 491
32 71 422
32 72 308
32 73 742
32 74 438
32 75 317
32 76 824
32 77 606
32 78 666
32 79 717
32 80 601
32 81 837
32 82 540
32 83 346
32 84 221
32 85 589
32 86 939
32 87 174
32 88 678
32 89 566
32 90 347
32 91 663
32 92 365
32 93 325
32 94 444
32 95 230
32 96 376
32 97 442
32 98 608
32 99 461
32 100 465
33 1 751
33 2 808
33 3 94
33 4 741
33 5 107
33 6 178
33 7 796
33 8 613
33 9 418
33 10 826
33 11 435
33 12 870
33 13 533
33 14 776
33 15 849
33 16 755
33 17 495
33 18 134
33 19 439
33 20 284
33 21 184
33 22 770
33 23 87
33 24 557
33 25 551
33 26 950
33 27 813
33 28 206
33 29 922
33 30 76
33 31 366
33 32 655
33 34 81
33 35 829
33 36 685
33 37 602
33 38 111
33 39 902
33 40 661
33 41 483
33 42 547
33 43 686
33 44 382
33 45 69
33 46 330
33 47 768
33 48 375
33 49 402
33 50 816
33 51 214
33 52 641
33 53 713
33 54 307
33 55 485
33 56 585
33 57 140
33 58 825
33 59 273
33 60 625
33 61 559
33 62 429
33 63 566
33 64 365
33 65 729
33 66 808
33 67 202
33 68 780
33 69 642
33 70 170
33 71 414
33 72 404
33 73 672
33 74 906
33 75 773
33 76 699
33 77 60
33 78 635
33 79 620
33 80 617
33 81 189
33 82 645
33 83 410
33 84 437
33 85 696
33 86 285
33 87 660
33 88 553
33 89 526
33 90 417
33 91 805
33 92 468
33 93 339
33 94 895
33 95 709
33 96 486
33 97 308
33 98 648
33 99 583
33 100 790
34 1 704
34 2 733
34 3 49
34 4 688
34 5 28
34 6 247
34 7 721
34 8 563
34 9 408
34 10 769
34 11 355
34 12 791
34 13 473
34 14 709
34 15 772
34 16 693
34 17 415
34 18 132
34 19 408
34 20 204
34 21 260
34 22 701
34 23 82
34 24 495
34 25 472
34 26 869
34 27 733
34 28 149
34 29 842
34 30 130
34 31 310
34 32 582
34 33 81
34 35 763
34 36 605
34 37 579
34 38 81
34 39 825
34 40 625
34 41 439
34 42 509
34 43 614
34 44 344
34 45 96
34 46 250
34 47 689
34 48 320
34 49 365
34 50 759
34 51 144
34 52 568
34 53 667
34 54 244
34 55 410
34 56 548
34 57 129
34 58 745
34 59 294
34 60 575
34 61 508
34 62 392
34 63 498
34 64 291
34 65 661
34 66 731
34 67 215
34 68 728
34 69 585
34 70 92
34 71 337
34 72 350
34 73 617
34 74 826
34 75 693
34 76 652
34 77 67
34 78 575
34 79 566
34 80 551
34 81 256
34 82 573
34 83 364
34 84 362
34 85 627
34 86 358
34 87 599
34 88 499
34 89 460
34 90 337
34 91 736
34 92 428
34 93 274
34 94 815
34 95 628
34 96 407
34 97 230
34 98 581
34 99 556
34 100 711
35 1 269
35 2 744
35 3 793
35 4 1005
35 5 748
35 6 903
35 7 205
35 8 286
35 9 1053
35 10 138
35 11 517
35 12 645
35 13 304
35 14 876
35 15 706
35 16 95
35 17 484
35 18 872
35 19 491
35 20 594
35 21 946
35 22 840
35 23 751
35 24 276
35 25 583
35 26 452
35 27 537
35 28 780
35 29 437
35 30 892
35 31 815
35 32 723
35 33 829
35 34 763
35 36 475
35 37 1125
35 38 722
35 39 729
35 40 1093
35 41 409
35 42 404
35 43 759
35 44 499
35 45 782
35 46 570
35 47 359
35 48 821
35 49 489
35 50 133
35 51 619
35 52 232
35 53 281
35 54 764
35 55 378
35 56 1036
35 57 862
35 58 384
35 59 747
35 60 277
35 61 922
35 62 474
35 63 766
35 64 682
35 65 114
35 66 681
35 67 730
35 68 202
35 69 217
35 70 720
35 71 454
35 72 835
35 73 214
35 74 455
35 75 459
35 76 271
35 77 829
35 78 205
35 79 253
35 80 213
35 81 898
35 82 209
35 83 885
35 84 668
35 85 150
35 86 995
35 87 886
35 88 303
35 89 304
35 90 507
35 91 64
35 92 949
35 93 755
35 94 432
35 95 513
35 96 422
35 97 555
35 98 182
35 99 1093
35 100 296
36 1 652
36 2 276
36 3 605
36 4 542
36 5 579
36 6 836
36 7 288
36 8 554
36 9 711
36 10 587
36 11 252
36 12 225
36 13 449
36 14 401
36 15 256
36 16 489
36 17 194
36 18 651
36 19 628
36 20 405
36 21 860
36 22 365
36 23 646
36 24 431
36 25 170
36 26 281
36 27 135
36 28 528
36 29 255
36 30 715
36 31 469
36 32 257
36 33 685
36 34 605
36 35 475
36 37 720
36 38 617
36 39 295
36 40 661
36 41 567
36 42 625
36 43 289
36 44 580
36 45 677
36 46 358
36 47 145
36 48 470
36 49 588
36 50 578
36 51 500
36 52 283
36 53 637
36 54 456
36 55 290
36 56 619
36 57 637
36 58 176
36 59 773
36 60 556
36 61 498
36 62 596
36 63 328
36 64 361
36 65 380
36 66 221
36 67 712
36 68 613
36 69 496
36 70 520
36 71 314
36 72 470
36 73 532
36 74 232
36 75 92
36 76 617
36 77 652
36 78 457
36 79 518
36 80 390
36 81 840
36 82 316
36 83 519
36 84 305
36 85 354
36 86 948
36 87 428
36 88 496
36 89 387
36 90 274
36 91 413
36 92 564
36 93 430
36 94 228
36 95 44
36 96 237
36 97 393
36 98 388
36 99 688
36 100 209
37 1 1181
37 2 609
37 3 531
37 4 302
37 5 565
37 6 759
37 7 984
37 8 1040
37 9 199
37 10 1191
37 11 612
37 12 752
37 13 922
37 14 462
37 15 682
37 16 1094
37 17 642
37 18 469
37 19 951
37 20 594
37 21 738
37 22 488
37 23 659
37 24 929
37 25 561
37 26 976
37 27 775
37 28 445
37 29 956
37 30 550
37 31 325
37 32 491
37 33 602
37 34 579
37 35 1125
37 36 720
37 38 658
37 39 722
37 40 114
37 41 952
37 42 1030
37 43 482
37 44 880
37 45 662
37 46 590
37 47 863
37 48 317
37 49 901
37 50 1180
37 51 649
37 52 894
37 53 1150
37 54 395
37 55 763
37 56 105
37 57 463
37 58 893
37 59 869
37 60 1050
37 61 224
37 62 926
37 63 394
37 64 453
37 65 1013
37 66 661
37 67 792
37 68 1179
37 69 1027
37 70 530
37 71 698
37 72 296
37 73 1067
37 74 926
37 75 797
37 76 1131
37 77 545
37 78 1000
37 79 1025
37 80 947
37 81 774
37 82 918
37 83 251
37 84 458
37 85 976
37 86 839
37 87 337
37 88 965
37 89 876
37 90 628
37 91 1074
37 92 180
37 93 390
37 94 930
37 95 706
37 96 707
37 97 632
37 98 967
37 99 33
37 100 921
38 1 641
38 2 772
38 3 129
38 4 754
38 5 94
38 6 219
38 7 700
38 8 503
38 9 488
38 10 716
38 11 366
38 12 816
38 13 423
38 14 763
38 15 804
38 16 646
38 17 424
38 18 210
38 19 335
38 20 213
38 21 248
38 22 751
38 23 32
38 24 448
38 25 500
38 26 870
38 27 749
38 28 221
38 29 842
38 30 183
38 31 379
38 32 626
38 33 111
38 34 81
38 35 722
38 36 617
38 37 658
38 39 856
38 40 701
38 41 373
38 42 439
38 43 661
38 44 274
38 45 65
38 46 261
38 47 686
38 48 389
38 49 295
38 50 706
38 51 120
38 52 542
38 53 603
38 54 308
38 55 390
38 56 624
38 57 208
38 58 743
38 59 220
38 60 515
38 61 577
38 62 322
38 63 550
38 64 337
38 65 625
38 66 763
38 67 140
38 68 669
38 69 532
38 70 146
38 71 325
38 72 419
38 73 562
38 74 829
38 75 701
38 76 589
38 77 135
38 78 526
38 79 510
38 80 510
38 81 223
38 82 543
38 83 437
38 84 405
38 85 593
38 86 331
38 87 660
38 88 443
38 89 419
38 90 343
38 91 700
38 92 504
38 93 335
38 94 816
38 95 645
38 96 401
38 97 226
38 98 541
38 99 635
38 100 701
39 1 937
39 2 115
39 3 811
39 4 450
39 5 798
39 6 1069
39 7 525
39 8 847
39 9 791
39 10 854
39 11 503
39 12 85
39 13 744
39 14 271
39 15 54
39 16 762
39 17 457
39 18 832
39 19 919
39 20 646
39 21 1084
39 22 239
39 23 882
39 24 725
39 25 357
39 26 344
39 27 192
39 28 711
39 29 339
39 30 912
39 31 593
39 32 265
39 33 902
39 34 825
39 35 729
39 36 295
39 37 722
39 38 856
39 40 629
39 41 860
39 42 920
39 43 254
39 44 866
39 45 910
39 46 600
39 47 371
39 48 589
39 49 876
39 50 846
39 51 750
39 52 570
39 53 925
39 54 616
39 55 580
39 56 620
39 57 818
39 58 349
39 59 1038
39 60 849
39 61 513
39 62 886
39 63 377
39 64 539
39 65 652
39 66 94
39 67 970
39 68 892
39 69 785
39 70 733
39 71 590
39 72 573
39 73 820
39 74 309
39 75 273
39 76 906
39 77 856
39 78 746
39 79 810
39 80 681
39 81 1076
39 82 602
39 83 610
39 84 467
39 85 632
39 86 1181
39 87 386
39 88 791
39 89 681
39 90 532
39 91 666
39 92 622
39 93 584
39 94 327
39 95 252
39 96 520
39 97 647
39 98 675
39 99 695
39 100 433
40 1 1175
40 2 518
40 3 581
40 4 193
40 5 607
40 6 827
40 7 938
40 8 1037
40 9 290
40 10 1170
40 11 593
40 12 665
40 13 916
40 14 362
40 15 592
40 16 1071
40 17 613
40 18 531
40 19 970
40 20 603
40 21 811
40 22 391
40 23 707
40 24 919
40 25 515
40 26 903
40 27 701
40 28 482
40 29 885
40 30 617
40 31 336
40 32 417
40 33 661
40 34 625
40 35 1093
40 36 661
40 37 114
40 38 701
40 39 629
40 41 962
40 42 1040
40 43 400
40 44 899
40 45 715
40 46 591
40 47 806
40 48 327
40 49 919
40 50 1160
40 51 673
40 52 864
40 53 1146
40 54 411
40 55 747
40 56 78
40 57 523
40 58 831
40 59 919
40 60 1046
40 61 172
40 62 943
40 63 335
40 64 447
40 65 982
40 66 575
40 67 839
40 68 1166
40 69 1016
40 70 563
40 71 688
40 72 299
40 73 1057
40 74 854
40 75 731
40 76 1126
40 77 602
40 78 986
40 79 1018
40 80 928
