nnodes nedges type capacity P s t
100  4950  graph  1000 100 1 100 
nodename posx posy itemvalue itemweight
1 476 969 0 0
2 358 700 3 141
3 125 674 5 461
4 459 918 5 155
5 181 747 9 311
6 323 18 2 474
7 211 118 9 298
8 88 317 10 373
9 977 776 3 62
10 869 740 5 494
11 807 599 4 305
12 523 869 6 392
13 825 470 8 421
14 456 116 4 83
15 716 432 4 382
16 921 192 1 346
17 754 279 2 164
18 892 879 6 316
19 305 704 6 21
20 798 838 3 65
21 451 121 3 4
22 856 15 10 441
23 591 296 4 29
24 684 920 5 116
25 72 553 3 199
26 660 879 1 366
27 153 535 6 147
28 100 330 8 383
29 6 908 9 143
30 447 74 7 62
31 341 720 4 198
32 267 447 7 86
33 999 511 3 245
34 326 656 1 188
35 215 476 7 75
36 494 19 2 299
37 597 350 1 493
38 386 540 1 84
39 646 70 2 255
40 461 70 9 464
41 976 473 6 160
42 302 481 1 161
43 9 402 8 290
44 811 367 5 76
45 663 258 3 64
46 441 356 7 308
47 978 60 1 395
48 803 329 3 325
49 572 129 1 146
50 985 139 2 107
51 958 479 10 116
52 510 555 7 150
53 181 896 8 347
54 448 179 3 481
55 319 261 4 284
56 602 295 6 259
57 734 904 5 329
58 776 95 1 452
59 658 587 8 17
60 814 321 7 402
61 198 608 10 15
62 677 528 10 192
63 668 480 1 454
64 858 592 6 252
65 962 195 9 28
66 732 920 8 319
67 27 242 3 467
68 827 560 10 102
69 491 627 3 53
70 92 810 3 118
71 240 694 8 230
72 105 327 8 482
73 598 881 8 498
74 774 256 5 176
75 468 589 7 163
76 578 18 9 446
77 197 607 7 490
78 547 865 8 289
79 440 757 4 5
80 810 402 2 42
81 952 542 2 102
82 674 331 2 26
83 136 853 8 32
84 892 627 10 232
85 833 984 6 414
86 437 73 10 475
87 678 894 3 77
88 400 276 8 201
89 775 175 7 92
90 884 596 8 293
91 116 814 4 8
92 614 313 10 282
93 422 161 8 79
94 530 862 10 441
95 918 340 4 462
96 616 223 4 467
97 234 642 3 398
98 554 371 3 130
99 495 446 1 324
100 350 680 0 0
endpoint1 endpoint2 weight
1 2 294
1 3 459
1 4 54
1 5 370
1 6 964
1 7 892
1 8 759
1 9 537
1 10 455
1 11 497
1 12 111
1 13 609
1 14 854
1 15 589
1 16 896
1 17 744
1 18 426
1 19 316
1 20 348
1 21 849
1 22 1027
1 23 683
1 24 214
1 25 580
1 26 205
1 27 542
1 28 742
1 29 474
1 30 896
1 31 284
1 32 563
1 33 696
1 34 348
1 35 558
1 36 951
1 37 631
1 38 439
1 39 915
1 40 900
1 41 705
1 42 519
1 43 735
1 44 689
1 45 736
1 46 614
1 47 1039
1 48 719
1 49 846
1 50 974
1 51 688
1 52 416
1 53 304
1 54 791
1 55 726
1 56 686
1 57 267
1 58 925
1 59 424
1 60 731
1 61 456
1 62 485
1 63 526
1 64 537
1 65 914
1 66 261
1 67 855
1 68 539
1 69 343
1 70 416
1 71 363
1 72 742
1 73 151
1 74 773
1 75 381
1 76 957
1 77 458
1 78 126
1 79 216
1 80 659
1 81 640
1 82 669
1 83 360
1 84 539
1 85 358
1 86 897
1 87 216
1 88 698
1 89 849
1 90 553
1 91 392
1 92 671
1 93 810
1 94 120
1 95 769
1 96 760
1 97 407
1 98 604
1 99 524
1 100 316
2 1 294
2 3 235
2 4 241
2 5 184
2 6 683
2 7 601
2 8 469
2 9 624
2 10 513
2 11 461
2 12 237
2 13 521
2 14 593
2 15 448
2 16 759
2 17 578
2 18 564
2 19 54
2 20 462
2 21 587
2 22 847
2 23 467
2 24 394
2 25 322
2 26 352
2 27 264
2 28 452
2 29 409
2 30 633
2 31 27
2 32 269
2 33 669
2 34 55
2 35 266
2 36 695
2 37 424
2 38 163
2 39 693
2 40 639
2 41 659
2 42 227
2 43 459
2 44 563
2 45 538
2 46 354
2 47 892
2 48 580
2 49 610
2 50 842
2 51 640
2 52 211
2 53 265
2 54 529
2 55 441
2 56 473
2 57 428
2 58 736
2 59 321
2 60 593
2 61 185
2 62 363
2 63 381
2 64 512
2 65 788
2 66 434
2 67 566
2 68 490
2 69 152
2 70 288
2 71 119
2 72 451
2 73 301
2 74 609
2 75 157
2 76 717
2 77 186
2 78 251
2 79 100
2 80 542
2 81 615
2 82 486
2 83 270
2 84 539
2 85 554
2 86 632
2 87 375
2 88 427
2 89 671
2 90 537
2 91 268
2 92 465
2 93 543
2 94 237
2 95 666
2 96 543
2 97 137
2 98 383
2 99 289
2 100 22
3 1 459
3 2 235
3 4 414
3 5 93
3 6 686
3 7 563
3 8 359
3 9 859
3 10 747
3 11 687
3 12 444
3 13 730
3 14 649
3 15 639
3 16 931
3 17 743
3 18 794
3 19 183
3 20 693
3 21 642
3 22 985
3 23 601
3 24 611
3 25 133
3 26 573
3 27 142
3 28 345
3 29 263
3 30 681
3 31 221
3 32 268
3 33 890
3 34 202
3 35 218
3 36 752
3 37 573
3 38 294
3 39 798
3 40 692
3 41 875
3 42 262
3 43 296
3 44 752
3 45 681
3 46 449
3 47 1052
3 48 761
3 49 705
3 50 1013
3 51 856
3 52 403
3 53 229
3 54 592
3 55 457
3 56 610
3 57 651
3 58 872
3 59 541
3 60 775
3 61 99
3 62 571
3 63 577
3 64 738
3 65 965
3 66 655
3 67 443
3 68 712
3 69 370
3 70 140
3 71 117
3 72 348
3 73 517
3 74 772
3 75 354
3 76 798
3 77 99
3 78 464
3 79 326
3 80 738
3 81 838
3 82 648
3 83 180
3 84 769
3 85 773
3 86 678
3 87 596
3 88 484
3 89 820
3 90 763
3 91 141
3 92 608
3 93 593
3 94 447
3 95 861
3 96 667
3 97 114
3 98 526
3 99 435
3 100 226
4 1 54
4 2 241
4 3 414
4 5 327
4 6 911
4 7 838
4 8 707
4 9 538
4 10 447
4 11 473
4 12 81
4 13 579
4 14 803
4 15 550
4 16 861
4 17 704
4 18 435
4 19 264
4 20 349
4 21 798
4 22 987
4 23 636
4 24 226
4 25 532
4 26 205
4 27 491
4 28 689
4 29 454
4 30 845
4 31 231
4 32 509
4 33 677
4 34 294
4 35 505
4 36 900
4 37 585
4 38 385
4 39 869
4 40 849
4 41 683
4 42 465
4 43 685
4 44 654
4 45 691
4 46 563
4 47 1003
4 48 683
4 49 798
4 50 940
4 51 665
4 52 367
4 53 279
4 54 740
4 55 672
4 56 640
4 57 276
4 58 882
4 59 387
4 60 695
4 61 406
4 62 447
4 63 486
4 64 516
4 65 881
4 66 274
4 67 803
4 68 514
4 69 293
4 70 383
4 71 314
4 72 689
4 73 144
4 74 734
4 75 330
4 76 908
4 77 407
4 78 103
4 79 163
4 80 625
4 81 621
4 82 626
4 83 330
4 84 522
4 85 380
4 86 846
4 87 221
4 88 645
4 89 808
4 90 534
4 91 359
4 92 625
4 93 758
4 94 91
4 95 739
4 96 713
4 97 357
4 98 556
4 99 474
4 100 262
5 1 370
5 2 184
5 3 93
5 4 327
5 6 743
5 7 630
5 8 440
5 9 797
5 10 689
5 11 644
5 12 364
5 13 702
5 14 689
5 15 621
5 16 925
5 17 740
5 18 724
5 19 132
5 20 624
5 21 682
5 22 996
5 23 610
5 24 532
5 25 223
5 26 497
5 27 214
5 28 425
5 29 238
5 30 724
5 31 163
5 32 313
5 33 852
5 34 172
5 35 274
5 36 793
5 37 576
5 38 292
5 39 822
5 40 733
5 41 841
5 42 293
5 43 386
5 44 736
5 45 687
5 46 470
5 47 1053
5 48 750
5 49 732
5 50 1009
5 51 822
5 52 381
5 53 149
5 54 628
5 55 506
5 56 618
5 57 575
5 58 883
5 59 504
5 60 763
5 61 141
5 62 543
5 63 556
5 64 695
5 65 957
5 66 578
5 67 528
5 68 673
5 69 333
5 70 110
5 71 80
5 72 427
5 73 439
5 74 770
5 75 328
5 76 831
5 77 141
5 78 385
5 79 260
5 80 718
5 81 798
5 82 646
5 83 116
5 84 722
5 85 694
5 86 721
5 87 519
5 88 520
5 89 825
5 90 720
5 91 94
5 92 614
5 93 634
5 94 368
5 95 842
5 96 682
5 97 118
5 98 530
5 99 435
5 100 182
6 1 964
6 2 683
6 3 686
6 4 911
6 5 743
6 7 151
6 8 381
6 9 1002
6 10 906
6 11 757
6 12 875
6 13 676
6 14 166
6 15 571
6 16 623
6 17 504
6 18 1033
6 19 687
6 20 948
6 21 165
6 22 534
6 23 387
6 24 972
6 25 591
6 26 925
6 27 545
6 28 384
6 29 945
6 30 137
6 31 703
6 32 433
6 33 837
6 34 639
6 35 471
6 36 172
6 37 431
6 38 526
6 39 328
6 40 148
6 41 796
6 42 464
6 43 497
6 44 600
6 45 417
6 46 359
6 47 657
6 48 572
6 49 273
6 50 673
6 51 785
6 52 569
6 53 890
6 54 204
6 55 244
6 56 394
6 57 977
6 58 460
6 59 661
6 60 577
6 61 604
6 62 621
6 63 577
6 64 785
6 65 664
6 66 991
6 67 372
6 68 741
6 69 632
6 70 825
6 71 682
6 72 379
6 73 906
6 74 510
6 75 590
6 76 255
6 77 603
6 78 877
6 79 749
6 80 621
6 81 819
6 82 471
6 83 856
6 84 834
6 85 1093
6 86 127
6 87 946
6 88 270
6 89 479
6 90 806
6 91 823
6 92 415
6 93 174
6 94 870
6 95 677
6 96 358
6 97 631
6 98 422
6 99 462
6 100 663
7 1 892
7 2 601
7 3 563
7 4 838
7 5 630
7 6 151
7 8 234
7 9 1010
7 10 906
7 11 766
7 12 814
7 13 708
7 14 246
7 15 595
7 16 714
7 17 567
7 18 1022
7 19 594
7 20 929
7 21 241
7 22 654
7 23 420
7 24 932
7 25 457
7 26 884
7 27 422
7 28 240
7 29 817
7 30 241
7 31 616
7 32 334
7 33 881
7 34 551
7 35 359
7 36 300
7 37 451
7 38 457
7 39 438
7 40 255
7 41 844
7 42 375
7 43 349
7 44 650
7 45 474
7 46 331
7 47 770
7 48 629
7 49 362
7 50 775
7 51 830
7 52 530
7 53 779
7 54 245
7 55 180
7 56 430
7 57 945
7 58 566
7 59 648
7 60 637
7 61 491
7 62 621
7 63 584
7 64 803
7 65 755
7 66 957
7 67 222
7 68 759
7 69 581
7 70 703
7 71 577
7 72 235
7 73 856
7 74 580
7 75 537
7 76 381
7 77 490
7 78 820
7 79 679
7 80 663
7 81 854
7 82 510
7 83 739
7 84 851
7 85 1067
7 86 231
7 87 906
7 88 247
7 89 567
7 90 826
7 91 703
7 92 448
7 93 216
7 94 810
7 95 742
7 96 419
7 97 525
7 98 427
7 99 434
7 100 579
8 1 759
8 2 469
8 3 359
8 4 707
8 5 440
8 6 381
8 7 234
8 9 1001
8 10 889
8 11 773
8 12 703
8 13 753
8 14 420
8 15 639
8 16 843
8 17 668
8 18 981
8 19 444
8 20 881
8 21 413
8 22 826
8 23 504
8 24 848
8 25 237
8 26 802
8 27 228
8 28 18
8 29 597
8 30 434
8 31 476
8 32 222
8 33 932
8 34 415
8 35 204
8 36 504
8 37 511
8 38 373
8 39 611
8 40 448
8 41 902
8 42 270
8 43 117
8 44 725
8 45 579
8 46 356
8 47 927
8 48 716
8 49 520
8 50 915
8 51 885
8 52 485
8 53 587
8 54 386
8 55 238
8 56 515
8 57 873
8 58 723
8 59 631
8 60 727
8 61 312
8 62 626
8 63 603
8 64 818
8 65 883
8 66 883
8 67 97
8 68 778
8 69 509
8 70 494
8 71 407
8 72 20
8 73 761
8 74 689
8 75 468
8 76 575
8 77 310
8 78 715
8 79 564
8 80 727
8 81 893
8 82 587
8 83 539
8 84 862
8 85 1000
8 86 426
8 87 826
8 88 315
8 89 702
8 90 844
8 91 498
8 92 527
8 93 369
8 94 702
8 95 831
8 96 537
8 97 357
8 98 470
8 99 427
8 100 448
9 1 537
9 2 624
9 3 859
9 4 538
9 5 797
9 6 1002
9 7 1010
9 8 1001
9 10 114
9 11 246
9 12 464
9 13 342
9 14 841
9 15 432
9 16 587
9 17 545
9 18 134
9 19 676
9 20 190
9 21 841
9 22 771
9 23 616
9 24 327
9 25 933
9 26 334
9 27 859
9 28 984
9 29 980
9 30 880
9 31 639
9 32 783
9 33 266
9 34 662
9 35 819
9 36 898
9 37 571
9 38 637
9 39 780
9 40 875
9 41 304
9 42 737
9 43 1038
9 44 442
9 45 606
9 46 681
9 47 717
9 48 480
9 49 764
9 50 638
9 51 298
9 52 517
9 53 805
9 54 798
9 55 836
9 56 610
9 57 275
9 58 711
9 59 371
9 60 484
9 61 797
9 62 390
9 63 428
9 64 220
9 65 582
9 66 285
9 67 1090
9 68 263
9 69 509
9 70 886
9 71 742
9 72 981
9 73 394
9 74 559
9 75 543
9 76 857
9 77 799
9 78 440
9 79 538
9 80 410
9 81 236
9 82 539
9 83 845
9 84 172
9 85 253
9 86 887
9 87 322
9 88 764
9 89 635
9 90 203
9 91 862
9 92 589
9 93 829
9 94 456
9 95 440
9 96 661
9 97 755
9 98 586
9 99 585
9 100 635
10 1 455
10 2 513
10 3 747
10 4 447
10 5 689
10 6 906
10 7 906
10 8 889
10 9 114
10 11 155
10 12 370
10 13 274
10 14 749
10 15 344
10 16 551
10 17 476
10 18 141
10 19 566
10 20 122
10 21 747
10 22 726
10 23 524
10 24 259
10 25 819
10 26 252
10 27 745
10 28 872
10 29 880
10 30 789
10 31 529
10 32 670
10 33 264
10 34 550
10 35 706
10 36 813
10 37 476
10 38 523
10 39 707
10 40 785
10 41 288
10 42 624
10 43 925
10 44 378
10 45 525
10 46 576
10 47 689
10 48 417
10 49 680
10 50 613
10 51 276
10 52 404
10 53 706
10 54 702
10 55 730
10 56 519
10 57 213
10 58 652
10 59 261
10 60 423
10 61 684
10 62 287
10 63 329
10 64 149
10 65 553
10 66 227
10 67 979
10 68 185
10 69 395
10 70 781
10 71 631
10 72 869
10 73 306
10 74 494
10 75 429
10 76 779
10 77 686
10 78 346
10 79 430
10 80 344
10 81 215
10 82 454
10 83 742
10 84 116
10 85 247
10 86 795
10 87 246
10 88 660
10 89 573
10 90 145
10 91 757
10 92 498
10 93 732
10 94 361
10 95 403
10 96 576
10 97 643
10 98 486
10 99 476
10 100 523
11 1 497
11 2 461
11 3 687
11 4 473
11 5 644
11 6 757
11 7 766
11 8 773
11 9 246
11 10 155
11 12 392
11 13 131
11 14 598
11 15 191
11 16 423
11 17 325
11 18 293
11 19 513
11 20 240
11 21 597
11 22 587
11 23 373
11 24 344
11 25 737
11 26 317
11 27 658
11 28 757
11 29 859
11 30 637
11 31 482
11 32 561
11 33 212
11 34 485
11 35 605
11 36 660
11 37 326
11 38 426
11 39 553
11 40 633
11 41 211
11 42 519
11 43 822
11 44 233
11 45 371
11 46 440
11 47 566
11 48 271
11 49 526
11 50 494
11 51 193
11 52 301
11 53 693
11 54 553
11 55 594
11 56 367
11 57 314
11 58 505
11 59 150
11 60 279
11 61 610
11 62 149
11 63 183
11 64 52
11 65 433
11 66 330
11 67 858
11 68 44
11 69 318
11 70 746
11 71 575
11 72 753
11 73 352
11 74 345
11 75 340
11 76 625
11 77 611
11 78 372
11 79 400
11 80 198
11 81 156
11 82 300
11 83 718
11 84 90
11 85 386
11 86 644
11 87 322
11 88 520
11 89 426
11 90 78
11 91 724
11 92 346
11 93 584
11 94 382
11 95 282
11 96 422
11 97 575
11 98 341
11 99 348
11 100 465
12 1 111
12 2 237
12 3 444
12 4 81
12 5 364
12 6 875
12 7 814
12 8 703
12 9 464
12 10 370
12 11 392
12 13 501
12 14 756
12 15 478
12 16 786
12 17 634
12 18 370
12 19 274
12 20 277
12 21 752
12 22 917
12 23 578
12 24 169
12 25 551
12 26 138
12 27 499
12 28 686
12 29 519
12 30 799
12 31 236
12 32 494
12 33 596
12 34 291
12 35 500
12 36 851
12 37 525
12 38 357
12 39 809
12 40 802
12 41 602
12 42 447
12 43 695
12 44 579
12 45 627
12 46 520
12 47 929
12 48 609
12 49 742
12 50 864
12 51 585
12 52 315
12 53 344
12 54 695
12 55 642
12 56 580
12 57 214
12 58 815
12 59 313
12 60 621
12 61 417
12 62 375
12 63 416
12 64 435
12 65 805
12 66 216
12 67 800
12 68 434
12 69 245
12 70 436
12 71 333
12 72 685
12 73 76
12 74 663
12 75 286
12 76 853
12 77 419
12 78 25
12 79 140
12 80 549
12 81 540
12 82 559
12 83 388
12 84 442
12 85 331
12 86 801
12 87 158
12 88 606
12 89 739
12 90 453
12 91 411
12 92 564
12 93 716
12 94 10
12 95 661
12 96 653
12 97 368
12 98 499
12 99 424
12 100 257
13 1 609
13 2 521
13 3 730
13 4 579
13 5 702
13 6 676
13 7 708
13 8 753
13 9 342
13 10 274
13 11 131
13 12 501
13 14 512
13 15 116
13 16 295
13 17 204
13 18 415
13 19 571
13 20 369
13 21 512
13 22 457
13 23 292
13 24 472
13 25 758
13 26 442
13 27 676
13 28 739
13 29 929
13 30 548
13 31 545
13 32 559
13 33 179
13 34 533
13 35 611
13 36 560
13 37 258
13 38 445
13 39 439
13 40 541
13 41 152
13 42 524
13 43 819
13 44 104
13 45 267
13 46 401
13 47 438
13 48 143
13 49 425
13 50 368
13 51 134
13 52 327
13 53 773
13 54 477
13 55 548
13 56 284
13 57 444
13 58 379
13 59 204
13 60 150
13 61 643
13 62 159
13 63 158
13 64 127
13 65 308
13 66 460
13 67 830
13 68 91
13 69 370
13 70 809
13 71 627
13 72 735
13 73 470
13 74 220
13 75 377
13 76 516
13 77 643
13 78 484
13 79 481
13 80 70
13 81 146
13 82 206
13 83 789
13 84 171
13 85 515
13 86 556
13 87 449
13 88 468
13 89 300
13 90 140
13 91 789
13 92 264
13 93 508
13 94 491
13 95 160
13 96 324
13 97 616
13 98 289
13 99 331
13 100 520
14 1 854
14 2 593
14 3 649
14 4 803
14 5 689
14 6 166
14 7 246
14 8 420
14 9 841
14 10 749
14 11 598
14 12 756
14 13 512
14 15 410
14 16 472
14 17 340
14 18 879
14 19 608
14 20 799
14 21 8
14 22 413
14 23 225
14 24 836
14 25 582
14 26 790
14 27 518
14 28 416
14 29 911
14 30 43
14 31 615
14 32 382
14 33 672
14 34 556
14 35 434
14 36 105
14 37 274
14 38 430
14 39 196
14 40 47
14 41 631
14 42 397
14 43 531
14 44 435
14 45 252
14 46 241
14 47 525
14 48 408
14 49 117
14 50 530
14 51 620
14 52 443
14 53 828
14 54 64
14 55 200
14 56 231
14 57 836
14 58 321
14 59 513
14 60 413
14 61 556
14 62 468
14 63 422
14 64 624
14 65 513
14 66 851
14 67 448
14 68 579
14 69 513
14 70 784
14 71 618
14 72 410
14 73 779
14 74 348
14 75 474
14 76 157
14 77 556
14 78 755
14 79 642
14 80 456
14 81 654
14 82 307
14 83 804
14 84 672
14 85 947
14 86 48
14 87 810
14 88 170
14 89 325
14 90 644
14 91 777
14 92 253
14 93 57
14 94 750
14 95 514
14 96 193
14 97 571
14 98 274
14 99 333
14 100 574
15 1 589
15 2 448
15 3 639
15 4 550
15 5 621
15 6 571
15 7 595
15 8 639
15 9 432
15 10 344
15 11 191
15 12 478
15 13 116
15 14 410
15 16 316
15 17 158
15 18 481
15 19 493
15 20 415
15 21 409
15 22 440
15 23 185
15 24 490
15 25 656
15 26 451
15 27 573
15 28 625
15 29 855
15 30 448
15 31 473
15 32 450
15 33 294
15 34 450
15 35 503
15 36 469
15 37 145
15 38 348
15 39 369
15 40 443
15 41 264
15 42 417
15 43 708
15 44 116
15 45 182
15 46 286
15 47 456
15 48 135
15 49 336
15 50 398
15 51 247
15 52 240
15 53 709
15 54 369
15 55 433
15 56 179
15 57 473
15 58 343
15 59 166
15 60 149
15 61 548
15 62 104
15 63 68
15 64 214
15 65 342
15 66 489
15 67 715
15 68 170
15 69 298
15 70 730
15 71 544
15 72 620
15 73 465
15 74 186
15 75 294
15 76 437
15 77 548
15 78 465
15 79 427
15 80 99
15 81 261
15 82 110
15 83 717
15 84 263
15 85 565
15 86 455
15 87 464
15 88 353
15 89 264
15 90 235
15 91 712
15 92 157
15 93 400
15 94 469
15 95 222
15 96 232
15 97 526
15 98 174
15 99 222
15 100 443
16 1 896
16 2 759
16 3 931
16 4 861
16 5 925
16 6 623
16 7 714
16 8 843
16 9 587
16 10 551
16 11 423
16 12 786
16 13 295
16 14 472
16 15 316
16 17 189
16 18 688
16 19 801
16 20 658
16 21 476
16 22 189
16 23 346
16 24 766
16 25 923
16 26 735
16 27 842
16 28 833
16 29 1162
16 30 489
16 31 785
16 32 702
16 33 329
16 34 755
16 35 761
16 36 461
16 37 361
16 38 639
16 39 301
16 40 476
16 41 287
16 42 684
16 43 936
16 44 207
16 45 267
16 46 508
16 47 144
16 48 181
16 49 355
16 50 84
16 51 290
16 52 549
16 53 1022
16 54 474
16 55 606
16 56 336
16 57 737
16 58 175
16 59 475
16 60 168
16 61 835
16 62 416
16 63 384
16 64 405
16 65 42
16 66 753
16 67 896
16 68 380
16 69 612
16 70 1035
16 71 847
16 72 828
16 73 761
16 74 161
16 75 603
16 76 385
16 77 835
16 78 770
16 79 743
16 80 238
16 81 352
16 82 284
16 83 1027
16 84 436
16 85 797
16 86 499
16 87 743
16 88 528
16 89 147
16 90 406
16 91 1018
16 92 330
16 93 500
16 94 776
16 95 149
16 96 307
16 97 822
16 98 409
16 99 496
16 100 752
17 1 744
17 2 578
17 3 743
17 4 704
17 5 740
17 6 504
17 7 567
17 8 668
17 9 545
17 10 476
17 11 325
17 12 634
17 13 204
17 14 340
17 15 158
17 16 189
17 18 616
17 19 619
17 20 561
17 21 342
17 22 284
17 23 164
17 24 645
17 25 735
17 26 608
17 27 654
17 28 656
17 29 978
17 30 370
17 31 605
17 32 516
17 33 338
17 34 571
17 35 574
17 36 368
17 37 173
17 38 452
17 39 236
17 40 360
17 41 295
17 42 496
17 43 756
17 44 105
17 45 94
17 46 323
17 47 314
17 48 71
17 49 236
17 50 271
17 51 286
17 52 369
17 53 843
17 54 322
17 55 436
17 56 153
17 57 626
17 58 186
17 59 323
17 60 74
17 61 647
17 62 261
17 63 219
17 64 330
17 65 225
17 66 642
17 67 728
17 68 291
17 69 437
17 70 849
17 71 661
17 72 651
17 73 622
17 74 31
17 75 422
17 76 315
17 77 647
17 78 622
17 79 572
17 80 136
17 81 330
17 82 96
17 83 844
17 84 375
17 85 710
17 86 379
17 87 620
17 88 355
17 89 107
17 90 343
17 91 833
17 92 145
17 93 353
17 94 625
17 95 175
17 96 149
17 97 635
17 98 221
17 99 309
17 100 570
18 1 426
18 2 564
18 3 794
18 4 435
18 5 724
18 6 1033
18 7 1022
18 8 981
18 9 134
18 10 141
18 11 293
18 12 370
18 13 415
18 14 879
18 15 481
18 16 688
18 17 616
18 19 613
18 20 103
18 21 877
18 22 865
18 23 657
18 24 213
18 25 883
18 26 232
18 27 816
18 28 964
18 29 887
18 30 920
18 31 574
18 32 760
18 33 384
18 34 609
18 35 788
18 36 948
18 37 606
18 38 610
18 39 846
18 40 917
18 41 415
18 42 712
18 43 1004
18 44 519
18 45 662
18 46 691
18 47 824
18 48 558
18 49 816
18 50 746
18 51 406
18 52 501
18 53 712
18 54 829
18 55 843
18 56 653
18 57 160
18 58 793
18 59 375
18 60 564
18 61 746
18 62 412
18 63 458
18 64 290
18 65 688
18 66 166
18 67 1075
18 68 326
18 69 474
18 70 803
18 71 678
18 72 962
18 73 295
18 74 635
18 75 514
18 76 917
18 77 747
18 78 346
18 79 469
18 80 484
18 81 343
18 82 590
18 83 757
18 84 252
18 85 121
18 86 926
18 87 215
18 88 779
18 89 714
18 90 284
18 91 779
18 92 631
18 93 859
18 94 363
18 95 540
18 96 712
18 97 700
18 98 611
18 99 588
18 100 578
19 1 316
19 2 54
19 3 183
19 4 264
19 5 132
19 6 687
19 7 594
19 8 444
19 9 676
19 10 566
19 11 513
19 12 274
19 13 571
19 14 608
19 15 493
19 16 801
19 17 619
19 18 613
19 20 511
19 21 602
19 22 883
19 23 499
19 24 437
19 25 278
19 26 396
19 27 228
19 28 427
19 29 362
19 30 646
19 31 40
19 32 260
19 33 721
19 34 53
19 35 246
19 36 711
19 37 459
19 38 183
19 39 720
19 40 653
19 41 710
19 42 224
19 43 423
19 44 608
19 45 572
19 46 374
19 47 932
19 48 624
19 49 634
19 50 885
19 51 691
19 52 254
19 53 229
19 54 545
19 55 444
19 56 506
19 57 474
19 58 770
19 59 372
19 60 638
19 61 144
19 62 412
19 63 427
19 64 565
19 65 832
19 66 479
19 67 540
19 68 542
19 69 202
19 70 238
19 71 66
19 72 427
19 73 343
19 74 649
19 75 200
19 76 739
19 77 146
19 78 291
19 79 146
19 80 589
19 81 667
19 82 525
19 83 226
19 84 593
19 85 598
19 86 645
19 87 419
19 88 439
19 89 708
19 90 589
19 91 219
19 92 499
19 93 556
19 94 275
19 95 713
19 96 573
19 97 95
19 98 416
19 99 321
19 100 51
20 1 348
20 2 462
20 3 693
20 4 349
20 5 624
20 6 948
20 7 929
20 8 881
20 9 190
20 10 122
20 11 240
20 12 277
20 13 369
20 14 799
20 15 415
20 16 658
20 17 561
20 18 103
20 19 511
20 21 797
20 22 826
20 23 581
20 24 141
20 25 780
20 26 144
20 27 713
20 28 864
20 29 796
20 30 841
20 31 472
20 32 660
20 33 384
20 34 506
20 35 687
20 36 874
20 37 528
20 38 509
20 39 783
20 40 839
20 41 407
20 42 612
20 43 902
20 44 472
20 45 596
20 46 600
20 47 799
20 48 510
20 49 745
20 50 724
20 51 394
20 52 404
20 53 620
20 54 747
20 55 750
20 56 578
20 57 92
20 58 744
20 59 288
20 60 518
20 61 643
20 62 333
20 63 381
20 64 254
20 65 664
20 66 106
20 67 975
20 68 280
20 69 373
20 70 707
20 71 577
20 72 862
20 73 205
20 74 583
20 75 414
20 76 849
20 77 644
20 78 253
20 79 368
20 80 437
20 81 334
20 82 522
20 83 663
20 84 231
20 85 151
20 86 846
20 87 133
20 88 689
20 89 664
20 90 257
20 91 683
20 92 557
20 93 775
20 94 270
20 95 513
20 96 642
20 97 598
20 98 527
20 99 496
20 100 476
21 1 849
21 2 587
21 3 642
21 4 798
21 5 682
21 6 165
21 7 241
21 8 413
21 9 841
21 10 747
21 11 597
21 12 752
21 13 512
21 14 8
21 15 409
21 16 476
21 17 342
21 18 877
21 19 602
21 20 797
21 22 419
21 23 225
21 24 833
21 25 575
21 26 787
21 27 511
21 28 409
21 29 905
21 30 48
21 31 610
21 32 375
21 33 673
21 34 550
21 35 427
21 36 111
21 37 272
21 38 425
21 39 202
21 40 52
21 41 633
21 42 390
21 43 524
21 44 437
21 45 253
21 46 236
21 47 531
21 48 409
21 49 122
21 50 535
21 51 621
21 52 438
21 53 821
21 54 59
21 55 193
21 56 231
21 57 833
21 58 327
21 59 510
21 60 415
21 61 549
21 62 466
21 63 420
21 64 623
21 65 517
21 66 847
21 67 441
21 68 579
21 69 508
21 70 777
21 71 611
21 72 403
21 73 775
21 74 351
21 75 469
21 76 164
21 77 549
21 78 751
21 79 637
21 80 456
21 81 655
21 82 307
21 83 797
21 84 672
21 85 944
21 86 50
21 87 806
21 88 164
21 89 329
21 90 643
21 91 770
21 92 252
21 93 50
21 94 746
21 95 516
21 96 194
21 97 565
21 98 271
21 99 328
21 100 569
22 1 1027
22 2 847
22 3 985
22 4 987
22 5 996
22 6 534
22 7 654
22 8 826
22 9 771
22 10 726
22 11 587
22 12 917
22 13 457
22 14 413
22 15 440
22 16 189
22 17 284
22 18 865
22 19 883
22 20 826
22 21 419
22 23 387
22 24 922
22 25 951
22 26 886
22 27 875
22 28 819
22 29 1233
22 30 414
22 31 874
22 32 731
22 33 517
22 34 832
22 35 790
22 36 363
22 37 424
22 38 705
22 39 218
22 40 399
22 41 474
22 42 724
22 43 932
22 44 355
22 45 311
22 46 538
22 47 131
22 48 319
22 49 307
22 50 179
22 51 476
22 52 642
22 53 1110
22 54 440
22 55 591
22 56 379
22 57 898
22 58 114
22 59 606
22 60 309
22 61 886
22 62 544
22 63 502
22 64 578
22 65 209
22 66 914
22 67 860
22 68 546
22 69 713
22 70 1103
22 71 917
22 72 814
22 73 904
22 74 255
22 75 693
22 76 279
22 77 886
22 78 905
22 79 851
22 80 390
22 81 536
22 82 365
22 83 1105
22 84 614
22 85 970
22 86 423
22 87 897
22 88 526
22 89 180
22 90 582
22 91 1090
22 92 384
22 93 458
22 94 908
22 95 331
22 96 318
22 97 884
22 98 467
22 99 563
22 100 836
23 1 683
23 2 467
23 3 601
23 4 636
23 5 610
23 6 387
23 7 420
23 8 504
23 9 616
23 10 524
23 11 373
23 12 578
23 13 292
23 14 225
23 15 185
23 16 346
23 17 164
23 18 657
23 19 499
23 20 581
23 21 225
23 22 387
23 24 631
23 25 580
23 26 588
23 27 499
23 28 493
23 29 847
23 30 265
23 31 493
23 32 358
23 33 462
23 34 448
23 35 417
23 36 294
23 37 55
23 38 319
23 39 233
23 40 261
23 41 424
23 42 344
23 43 592
23 44 232
23 45 82
23 46 162
23 47 454
23 48 215
23 49 169
23 50 425
23 51 411
23 52 272
23 53 727
23 54 185
23 55 275
23 56 12
23 57 625
23 58 274
23 59 299
23 60 225
23 61 502
23 62 248
23 63 200
23 64 399
23 65 385
23 66 640
23 67 567
23 68 355
23 69 346
23 70 717
23 71 531
23 72 487
23 73 586
23 74 188
23 75 318
23 76 279
23 77 502
23 78 571
23 79 486
23 80 244
23 81 437
23 82 91
23 83 720
23 84 448
23 85 730
23 86 272
23 87 605
23 88 193
23 89 221
23 90 420
23 91 703
23 92 29
23 93 217
23 94 570
23 95 330
23 96 78
23 97 498
23 98 84
23 99 179
23 100 454
24 1 214
24 2 394
24 3 611
24 4 226
24 5 532
24 6 972
24 7 932
24 8 848
24 9 327
24 10 259
24 11 344
24 12 169
24 13 472
24 14 836
24 15 490
24 16 766
24 17 645
24 18 213
24 19 437
24 20 141
24 21 833
24 22 922
24 23 631
24 25 714
24 26 48
24 27 656
24 28 831
24 29 679
24 30 879
24 31 398
24 32 631
24 33 517
24 34 445
24 35 646
24 36 921
24 37 577
24 38 483
24 39 851
24 40 879
24 41 534
24 42 582
24 43 851
24 44 568
24 45 663
24 46 615
24 47 909
24 48 603
24 49 799
24 50 837
24 51 520
24 52 405
24 53 504
24 54 778
24 55 754
24 56 631
24 57 53
24 58 831
24 59 335
24 60 613
24 61 578
24 62 393
24 63 441
24 64 372
24 65 777
24 66 48
24 67 945
24 68 388
24 69 351
24 70 603
24 71 499
24 72 829
24 73 95
24 74 671
24 75 396
24 76 909
24 77 579
24 78 148
24 79 294
24 80 534
24 81 464
24 82 590
24 83 553
24 84 360
24 85 163
24 86 883
24 87 27
24 88 704
24 89 751
24 90 381
24 91 578
24 92 612
24 93 803
24 94 165
24 95 626
24 96 701
24 97 529
24 98 565
24 99 511
24 100 412
25 1 580
25 2 322
25 3 133
25 4 532
25 5 223
25 6 591
25 7 457
25 8 237
25 9 933
25 10 819
25 11 737
25 12 551
25 13 758
25 14 582
25 15 656
25 16 923
25 17 735
25 18 883
25 19 278
25 20 780
25 21 575
25 22 951
25 23 580
25 24 714
25 26 673
25 27 83
25 28 225
25 29 362
25 30 609
25 31 317
25 32 222
25 33 928
25 34 275
25 35 163
25 36 681
25 37 563
25 38 315
25 39 751
25 40 621
25 41 908
25 42 242
25 43 164
25 44 763
25 45 661
25 46 419
25 47 1032
25 48 765
25 49 656
25 50 1003
25 51 890
25 52 439
25 53 360
25 54 531
25 55 383
25 56 590
25 57 750
25 58 840
25 59 587
25 60 778
25 61 138
25 62 606
25 63 601
25 64 787
25 65 960
25 66 756
25 67 315
25 68 756
25 69 426
25 70 258
25 71 220
25 72 229
25 73 620
25 74 763
25 75 398
25 76 737
25 77 137
25 78 569
25 79 421
25 80 754
25 81 881
25 82 642
25 83 307
25 84 824
25 85 875
25 86 604
25 87 696
25 88 430
25 89 799
25 90 814
25 91 265
25 92 593
25 93 526
25 94 553
25 95 873
25 96 637
25 97 185
25 98 516
25 99 437
25 100 306
26 1 205
26 2 352
26 3 573
26 4 205
26 5 497
26 6 925
26 7 884
26 8 802
26 9 334
26 10 252
26 11 317
26 12 138
26 13 442
26 14 790
26 15 451
26 16 735
26 17 608
26 18 232
26 19 396
26 20 144
26 21 787
26 22 886
26 23 588
26 24 48
26 25 673
26 27 613
26 28 785
26 29 655
26 30 833
26 31 357
26 32 585
26 33 501
26 34 402
26 35 601
26 36 876
26 37 533
26 38 436
26 39 810
26 40 834
26 41 515
26 42 536
26 43 808
26 44 534
26 45 622
26 46 568
26 47 879
26 48 569
26 49 756
26 50 809
26 51 499
26 52 358
26 53 480
26 54 732
26 55 706
26 56 587
26 57 79
26 58 793
26 59 293
26 60 579
26 61 536
26 62 352
26 63 400
26 64 349
26 65 748
26 66 83
26 67 899
26 68 361
26 69 304
26 70 573
26 71 459
26 72 783
26 73 63
26 74 634
26 75 348
26 76 865
26 77 537
26 78 114
26 79 252
26 80 501
26 81 446
26 82 549
26 83 525
26 84 343
26 85 203
26 86 837
26 87 24
26 88 657
26 89 714
26 90 361
26 91 548
26 92 568
26 93 757
26 94 132
26 95 598
26 96 658
26 97 488
26 98 519
26 99 464
26 100 369
27 1 542
27 2 264
27 3 142
27 4 491
27 5 214
27 6 545
27 7 422
27 8 228
27 9 859
27 10 745
27 11 658
27 12 499
27 13 676
27 14 518
27 15 573
27 16 842
27 17 654
27 18 816
27 19 228
27 20 713
27 21 511
27 22 875
27 23 499
27 24 656
27 25 83
27 26 613
27 28 212
27 29 401
27 30 547
27 31 264
27 32 145
27 33 847
27 34 212
27 35 86
27 36 619
27 37 481
27 38 234
27 39 678
27 40 558
27 41 826
27 42 159
27 43 197
27 44 680
27 45 581
27 46 340
27 47 952
27 48 682
27 49 584
27 50 922
27 51 807
27 52 358
27 53 363
27 54 463
27 55 321
27 56 510
27 57 689
27 58 763
27 59 508
27 60 695
27 61 86
27 62 525
27 63 518
27 64 708
27 65 878
27 66 696
27 67 319
27 68 675
27 69 351
27 70 282
27 71 182
27 72 214
27 73 564
27 74 681
27 75 320
27 76 670
27 77 85
27 78 514
27 79 363
27 80 671
27 81 800
27 82 560
27 83 319
27 84 745
27 85 815
27 86 543
27 87 637
27 88 358
27 89 719
27 90 734
27 91 282
27 92 512
27 93 461
27 94 500
27 95 790
27 96 559
27 97 135
27 98 434
27 99 354
27 100 245
28 1 742
28 2 452
28 3 345
28 4 689
28 5 425
28 6 384
28 7 240
28 8 18
28 9 984
28 10 872
28 11 757
28 12 686
28 13 739
28 14 416
28 15 625
28 16 833
28 17 656
28 18 964
28 19 427
28 20 864
28 21 409
28 22 819
28 23 493
28 24 831
28 25 225
28 26 785
28 27 212
28 29 586
28 30 432
28 31 459
28 32 204
28 33 918
28 34 397
28 35 186
28 36 502
28 37 498
28 38 355
28 39 605
28 40 445
28 41 888
28 42 253
28 43 117
28 44 712
28 45 568
28 46 342
28 47 919
28 48 704
28 49 514
28 50 906
28 51 871
28 52 468
28 53 572
28 54 380
28 55 230
28 56 504
28 57 856
28 58 716
28 59 615
28 60 715
28 61 295
28 62 611
28 63 588
28 64 803
28 65 873
28 66 865
28 67 115
28 68 763
28 69 492
28 70 481
28 71 390
28 72 6
28 73 743
28 74 679
28 75 451
28 76 571
28 77 294
28 78 698
28 79 546
28 80 714
28 81 878
28 82 575
28 83 525
28 84 846
28 85 983
28 86 424
28 87 808
28 88 305
28 89 693
28 90 828
28 91 485
28 92 515
28 93 364
28 94 685
28 95 819
28 96 527
28 97 340
28 98 456
28 99 412
28 100 431
29 1 474
29 2 409
29 3 263
29 4 454
29 5 238
29 6 945
29 7 817
29 8 597
29 9 980
29 10 880
29 11 859
29 12 519
29 13 929
29 14 911
29 15 855
29 16 1162
29 17 978
29 18 887
29 19 362
29 20 796
29 21 905
29 22 1233
29 23 847
29 24 679
29 25 362
29 26 655
29 27 401
29 28 586
29 30 944
29 31 385
29 32 530
29 33 1070
29 34 408
29 35 480
29 36 1015
29 37 813
29 38 529
29 39 1055
29 40 954
29 41 1064
29 42 520
29 43 507
29 44 970
29 45 925
29 46 703
29 47 1290
29 48 986
29 49 963
29 50 1245
29 51 1045
29 52 616
29 53 176
29 54 853
29 55 719
29 56 855
29 57 729
29 58 1120
29 59 727
29 60 999
29 61 357
29 62 772
29 63 789
29 64 909
29 65 1193
29 66 727
29 67 667
29 68 892
29 69 561
29 70 131
29 71 318
29 72 590
29 73 593
29 74 1008
29 75 562
29 76 1058
29 77 357
29 78 543
29 79 460
29 80 950
29 81 1015
29 82 883
29 83 142
29 84 930
29 85 831
29 86 940
29 87 673
29 88 745
29 89 1063
29 90 932
29 91 145
29 92 851
29 93 856
29 94 527
29 95 1075
29 96 918
29 97 351
29 98 768
29 99 673
29 100 413
30 1 896
30 2 633
30 3 681
30 4 845
30 5 724
30 6 137
30 7 241
30 8 434
30 9 880
30 10 789
30 11 637
30 12 799
30 13 548
30 14 43
30 15 448
30 16 489
30 17 370
30 18 920
30 19 646
30 20 841
30 21 48
30 22 414
30 23 265
30 24 879
30 25 609
30 26 833
30 27 547
30 28 432
30 29 944
30 31 655
30 32 415
30 33 705
30 34 595
30 35 465
30 36 73
30 37 315
30 38 470
30 39 200
30 40 15
30 41 663
30 42 433
30 43 548
30 44 468
30 45 284
30 46 283
30 47 532
30 48 438
30 49 137
30 50 542
30 51 653
30 52 486
30 53 864
30 54 106
30 55 227
30 56 270
30 57 879
30 58 330
30 59 555
30 60 443
30 61 590
30 62 509
30 63 463
30 64 662
30 65 530
30 66 893
30 67 453
30 68 617
30 69 555
30 70 818
30 71 654
30 72 426
30 73 822
30 74 375
30 75 516
30 76 143
30 77 589
30 78 798
30 79 684
30 80 490
30 81 689
30 82 343
30 83 839
30 84 710
30 85 989
30 86 11
30 87 852
30 88 208
30 89 344
30 90 681
30 91 811
30 92 292
30 93 91
30 94 793
30 95 541
30 96 226
30 97 607
30 98 316
30 99 376
30 100 614
31 1 284
31 2 27
31 3 221
31 4 231
31 5 163
31 6 703
31 7 616
31 8 476
31 9 639
31 10 529
31 11 482
31 12 236
31 13 545
31 14 615
31 15 473
31 16 785
31 17 605
31 18 574
31 19 40
31 20 472
31 21 610
31 22 874
31 23 493
31 24 398
31 25 317
31 26 357
31 27 264
31 28 459
31 29 385
31 30 655
31 32 283
31 33 691
31 34 66
31 35 275
31 36 718
31 37 450
31 38 186
31 39 719
31 40 661
31 41 682
31 42 243
31 43 460
31 44 588
31 45 564
31 46 378
31 47 918
31 48 606
31 49 635
31 50 868
31 51 663
31 52 237
31 53 238
31 54 552
31 55 460
31 56 499
31 57 434
31 58 762
31 59 344
31 60 619
31 61 182
31 62 387
31 63 406
31 64 533
31 65 814
31 66 440
31 67 572
31 68 512
31 69 177
31 70 265
31 71 105
31 72 459
31 73 304
31 74 635
31 75 183
31 76 741
31 77 184
31 78 252
31 79 106
31 80 567
31 81 637
31 82 513
31 83 245
31 84 559
31 85 559
31 86 655
31 87 380
31 88 448
31 89 697
31 90 557
31 91 244
31 92 491
31 93 565
31 94 237
31 95 691
31 96 569
31 97 133
31 98 409
31 99 315
31 100 41
32 1 563
32 2 269
32 3 268
32 4 509
32 5 313
32 6 433
32 7 334
32 8 222
32 9 783
32 10 670
32 11 561
32 12 494
32 13 559
32 14 382
32 15 450
32 16 702
32 17 516
32 18 760
32 19 260
32 20 660
32 21 375
32 22 731
32 23 358
32 24 631
32 25 222
32 26 585
32 27 145
32 28 204
32 29 530
32 30 415
32 31 283
32 33 735
32 34 218
32 35 60
32 36 485
32 37 344
32 38 152
32 39 535
32 40 424
32 41 710
32 42 49
32 43 262
32 44 550
32 45 439
32 46 197
32 47 810
32 48 549
32 49 441
32 50 782
32 51 692
32 52 266
32 53 458
32 54 324
32 55 194
32 56 368
32 57 654
32 58 619
32 59 416
32 60 562
32 61 176
32 62 418
32 63 403
32 64 609
32 65 740
32 66 664
32 67 316
32 68 572
32 69 288
32 70 403
32 71 249
32 72 202
32 73 546
32 74 542
32 75 247
32 76 530
32 77 175
32 78 504
32 79 356
32 80 545
32 81 692
32 82 424
32 83 427
32 84 651
32 85 781
32 86 411
32 87 608
32 88 217
32 89 577
32 90 635
32 91 397
32 92 372
32 93 326
32 94 492
32 95 660
32 96 415
32 97 198
32 98 297
32 99 229
32 100 248
33 1 696
33 2 669
33 3 890
33 4 677
33 5 852
33 6 837
33 7 881
33 8 932
33 9 266
33 10 264
33 11 212
33 12 596
33 13 179
33 14 672
33 15 294
33 16 329
33 17 338
33 18 384
33 19 721
33 20 384
33 21 673
33 22 517
33 23 462
33 24 517
33 25 928
33 26 501
33 27 847
33 28 918
33 29 1070
33 30 705
33 31 691
33 32 735
33 34 689
33 35 785
33 36 706
33 37 434
33 38 614
33 39 565
33 40 696
33 41 45
33 42 698
33 43 996
33 44 237
33 45 421
33 46 580
33 47 452
33 48 268
33 49 573
33 50 373
33 51 53
33 52 491
33 53 905
33 54 644
33 55 725
33 56 452
33 57 474
33 58 473
33 59 350
33 60 266
33 61 807
33 62 323
33 63 333
33 64 163
33 65 319
33 66 489
33 67 1009
33 68 179
33 69 522
33 70 956
33 71 781
33 72 913
33 73 546
33 74 341
33 75 537
33 76 649
33 77 808
33 78 575
33 79 611
33 80 219
33 81 57
33 82 372
33 83 929
33 84 158
33 85 502
33 86 713
33 87 500
33 88 644
33 89 404
33 90 144
33 91 934
33 92 433
33 93 675
33 94 586
33 95 190
33 96 480
33 97 777
33 98 467
33 99 509
33 100 671
34 1 348
34 2 55
34 3 202
34 4 294
34 5 172
34 6 639
34 7 551
34 8 415
34 9 662
34 10 550
34 11 485
34 12 291
34 13 533
34 14 556
34 15 450
34 16 755
34 17 571
34 18 609
34 19 53
34 20 506
34 21 550
34 22 832
34 23 448
34 24 445
34 25 275
34 26 402
34 27 212
34 28 397
34 29 408
34 30 595
34 31 66
34 32 218
34 33 689
34 35 212
34 36 659
34 37 409
34 38 131
34 39 668
34 40 602
34 41 676
34 42 177
34 43 407
34 44 565
34 45 522
34 46 322
34 47 884
34 48 579
34 49 582
34 50 838
34 51 657
34 52 210
34 53 281
34 54 493
34 55 396
34 56 455
34 57 478
34 58 720
34 59 340
34 60 592
34 61 137
34 62 374
34 63 385
34 64 536
34 65 786
34 66 485
34 67 511
34 68 511
34 69 168
34 70 281
34 71 95
34 72 397
34 73 353
34 74 601
34 75 158
34 76 686
34 77 138
34 78 305
34 79 153
34 80 547
34 81 637
34 82 477
34 83 274
34 84 567
34 85 604
34 86 594
34 87 425
34 88 388
34 89 658
34 90 562
34 91 263
34 92 448
34 93 505
34 94 290
34 95 672
34 96 522
34 97 94
34 98 365
34 99 270
34 100 34
35 1 558
35 2 266
35 3 218
35 4 505
35 5 274
35 6 471
35 7 359
35 8 204
35 9 819
35 10 706
35 11 605
35 12 500
35 13 611
35 14 434
35 15 503
35 16 761
35 17 574
35 18 788
35 19 246
35 20 687
35 21 427
35 22 790
35 23 417
35 24 646
35 25 163
35 26 601
35 27 86
35 28 186
35 29 480
35 30 465
35 31 275
35 32 60
35 33 785
35 34 212
35 36 536
35 37 403
35 38 183
35 39 593
35 40 475
35 41 762
35 42 88
35 43 219
35 44 606
35 45 499
35 46 256
35 47 870
35 48 607
35 49 498
35 50 841
35 51 744
35 52 306
35 53 422
35 54 378
35 55 239
35 56 428
35 57 673
35 58 679
35 59 457
35 60 619
35 61 134
35 62 465
35 63 454
35 64 654
35 65 799
35 66 682
35 67 301
35 68 618
35 69 315
35 70 356
35 71 220
35 72 186
35 73 558
35 74 601
35 75 278
35 76 585
35 77 133
35 78 512
35 79 360
35 80 600
35 81 740
35 82 482
35 83 386
35 84 694
35 85 800
35 86 461
35 87 624
35 88 273
35 89 636
35 90 680
35 91 353
35 92 432
35 93 377
35 94 499
35 95 717
35 96 475
35 97 168
35 98 355
35 99 282
35 100 245
36 1 951
36 2 695
36 3 752
36 4 900
36 5 793
36 6 172
36 7 300
36 8 504
36 9 898
36 10 813
36 11 660
36 12 851
36 13 560
36 14 105
36 15 469
36 16 461
36 17 368
36 18 948
36 19 711
36 20 874
36 21 111
36 22 363
36 23 294
36 24 921
36 25 681
36 26 876
36 27 619
36 28 502
36 29 1015
36 30 73
36 31 718
36 32 485
36 33 706
36 34 659
36 35 536
36 37 347
36 38 533
36 39 161
36 40 61
36 41 663
36 42 501
36 43 618
36 44 471
36 45 293
36 46 342
36 47 486
36 48 438
36 49 135
36 50 506
36 51 654
36 52 537
36 53 932
36 54 167
36 55 299
36 56 297
36 57 917
36 58 293
36 59 592
36 60 441
36 61 660
36 62 541
36 63 493
36 64 679
36 65 500
36 66 932
36 67 518
36 68 636
36 69 609
36 70 888
36 71 722
36 72 497
36 73 869
36 74 367
36 75 571
36 76 85
36 77 659
36 78 848
36 79 740
36 80 497
36 81 696
36 82 361
36 83 908
36 84 727
36 85 1023
36 86 79
36 87 895
36 88 274
36 89 322
36 90 697
36 91 881
36 92 318
36 93 160
36 94 844
36 95 532
36 96 238
36 97 676
36 98 358
36 99 428
36 100 677
37 1 631
37 2 424
37 3 573
37 4 585
37 5 576
37 6 431
37 7 451
37 8 511
37 9 571
37 10 476
37 11 326
37 12 525
37 13 258
37 14 274
37 15 145
37 16 361
37 17 173
37 18 606
37 19 459
37 20 528
37 21 272
37 22 424
37 23 55
37 24 577
37 25 563
37 26 533
37 27 481
37 28 498
37 29 813
37 30 315
37 31 450
37 32 344
37 33 434
37 34 409
37 35 403
37 36 347
37 38 284
37 39 285
37 40 312
37 41 399
37 42 323
37 43 591
37 44 215
37 45 114
37 46 157
37 47 479
37 48 208
37 49 223
37 50 442
37 51 384
37 52 223
37 53 687
37 54 227
37 55 292
37 56 56
37 57 571
37 58 312
37 59 245
37 60 219
37 61 476
37 62 196
37 63 149
37 64 356
37 65 397
37 66 586
37 67 581
37 68 312
37 69 297
37 70 684
37 71 496
37 72 493
37 73 532
37 74 201
37 75 272
37 76 333
37 77 476
37 78 518
37 79 437
37 80 220
37 81 404
37 82 80
37 83 683
37 84 405
37 85 677
37 86 320
37 87 550
37 88 211
37 89 250
37 90 379
37 91 669
37 92 41
37 93 258
37 94 517
37 95 322
37 96 129
37 97 466
37 98 48
37 99 141
37 100 413
38 1 439
38 2 163
38 3 294
38 4 385
38 5 292
38 6 526
38 7 457
38 8 373
38 9 637
38 10 523
38 11 426
38 12 357
38 13 445
38 14 430
38 15 348
38 16 639
38 17 452
38 18 610
38 19 183
38 20 509
38 21 425
38 22 705
38 23 319
38 24 483
38 25 315
38 26 436
38 27 234
38 28 355
38 29 529
38 30 470
38 31 186
38 32 152
38 33 614
38 34 131
38 35 183
38 36 533
38 37 284
38 39 538
38 40 476
38 41 594
38 42 103
38 43 402
38 44 459
38 45 396
38 46 193
38 47 763
38 48 468
38 49 452
38 50 721
38 51 576
38 52 125
38 53 411
38 54 367
38 55 287
38 56 327
38 57 504
38 58 592
38 59 277
38 60 481
38 61 200
38 62 292
38 63 289
38 64 475
38 65 672
38 66 514
38 67 467
38 68 442
38 69 137
38 70 400
38 71 213
38 72 353
38 73 402
38 74 481
38 75 96
38 76 557
38 77 201
38 78 363
38 79 224
38 80 446
38 81 567
38 82 356
38 83 401
38 84 514
38 85 631
38 86 470
38 87 459
38 88 265
38 89 534
38 90 502
38 91 385
38 92 322
38 93 381
38 94 353
38 95 569
38 96 392
38 97 184
38 98 239
38 99 144
38 100 145
39 1 915
39 2 693
39 3 798
39 4 869
39 5 822
39 6 328
39 7 438
39 8 611
39 9 780
39 10 707
39 11 553
39 12 809
39 13 439
39 14 196
39 15 369
39 16 301
39 17 236
39 18 846
39 19 720
39 20 783
39 21 202
39 22 218
39 23 233
39 24 851
39 25 751
39 26 810
39 27 678
39 28 605
39 29 1055
39 30 200
39 31 719
39 32 535
39 33 565
39 34 668
39 35 593
39 36 161
39 37 285
39 38 538
39 40 185
39 41 521
39 42 536
39 43 719
39 44 340
39 45 189
39 46 352
39 47 333
39 48 303
39 49 95
39 50 346
39 51 515
39 52 504
39 53 948
39 54 227
39 55 379
39 56 230
39 57 839
39 58 133
39 59 518
39 60 303
39 61 701
39 62 460
39 63 411
39 64 564
39 65 340
39 66 855
39 67 643
39 68 523
39 69 579
39 70 925
39 71 745
39 72 599
39 73 813
39 74 226
39 75 549
39 76 86
39 77 700
39 78 802
39 79 718
39 80 371
39 81 563
39 82 263
39 83 935
39 84 609
39 85 933
39 86 210
39 87 825
39 88 321
39 89 167
39 90 578
39 91 914
39 92 246
39 93 242
39 94 801
39 95 384
39 96 156
39 97 705
39 98 315
39 99 406
39 100 679
40 1 900
40 2 639
40 3 692
40 4 849
40 5 733
40 6 148
40 7 255
40 8 448
40 9 875
40 10 785
40 11 633
40 12 802
40 13 541
40 14 47
40 15 443
40 16 476
40 17 360
40 18 917
40 19 653
40 20 839
40 21 52
40 22 399
40 23 261
40 24 879
40 25 621
40 26 834
40 27 558
40 28 445
40 29 954
40 30 15
40 31 661
40 32 424
40 33 696
40 34 602
40 35 475
40 36 61
40 37 312
40 38 476
40 39 185
40 41 654
40 42 441
40 43 561
40 44 460
40 45 276
40 46 287
40 47 518
40 48 430
40 49 126
40 50 529
40 51 644
40 52 488
40 53 873
40 54 110
40 55 239
40 56 266
40 57 878
40 58 316
40 59 554
40 60 434
40 61 599
40 62 507
40 63 460
40 64 656
40 65 517
40 66 893
40 67 467
40 68 612
40 69 558
40 70 827
40 71 662
40 72 440
40 73 823
40 74 365
40 75 520
40 76 129
40 77 599
40 78 800
40 79 688
40 80 482
40 81 682
40 82 337
40 83 848
40 84 705
40 85 987
40 86 25
40 87 853
40 88 215
